0.0078125	5.862249575460251e-7
0.015625	1.4655623938650627e-7
0.023438	6.513332734239327e-8
0.03125	3.663905984662657e-8
0.039062	3.354940423272376e-8
0.046875	5.7042544152124626e-8
0.054688	6.557578988302027e-8
0.0625	6.567993941459628e-8
0.070312	4.9673733816067305e-8
0.078125	4.2147688932325924e-8
0.085938	4.406201826304811e-8
0.09375	5.8460364837399435e-8
0.10156	6.294928241804418e-8
0.10938	9.809572998308964e-8
0.11719	9.404719103764817e-8
0.125	1.0081868140311887e-7
0.13281	9.817160558724262e-8
0.14062	1.0313210671485952e-7
0.14844	1.00171046750702e-7
0.15625	1.0865855672338405e-7
0.16406	1.2021398824036013e-7
0.17188	1.3110275759628266e-7
0.17969	1.4870345342756705e-7
0.1875	1.64050890823772e-7
0.19531	1.832100321697305e-7
0.20312	1.8354823120015993e-7
0.21094	1.8158902169184216e-7
0.21875	1.6990451218800718e-7
0.22656	1.6443488585235812e-7
0.23438	1.536453189600097e-7
0.24219	1.4213538835197544e-7
0.25	1.3339348455752727e-7
0.25781	1.228956567140776e-7
0.26562	1.1332529559725613e-7
0.27344	1.0462506113567343e-7
0.28125	9.450869310674857e-8
0.28906	8.809916807156591e-8
0.29688	8.268673531437647e-8
0.30469	7.771195464583526e-8
0.3125	7.575737501934675e-8
0.32031	7.381815220521135e-8
0.32812	7.101666345630947e-8
0.33594	6.897403280819395e-8
0.34375	6.771370846950902e-8
0.35156	6.634394187195267e-8
0.35938	6.365147861054693e-8
0.36719	6.231242533534964e-8
0.375	6.0171434684252e-8
0.38281	5.8599028810609e-8
0.39062	5.4500489325140445e-8
0.39844	5.200414866814318e-8
0.40625	4.9324379431738606e-8
0.41406	4.680985581217181e-8
0.42188	4.4443600480660766e-8
0.42969	4.1340666793180054e-8
0.4375	3.9178492494742395e-8
0.44531	3.663591817282712e-8
0.45312	3.367242910700208e-8
0.46094	3.151644606265352e-8
0.46875	2.9570641631499377e-8
0.47656	2.7507184974048554e-8
0.48438	2.5919692420804384e-8
0.49219	2.42834301746045e-8
0.5	2.2735715042370356e-8
0.50781	2.184586330128138e-8
0.51562	2.0325615913385918e-8
0.52344	1.9142711340262818e-8
0.53125	1.8020644651122242e-8
0.53906	1.7203617592668166e-8
0.54688	1.6425093403535317e-8
0.55469	1.6068224063008363e-8
0.5625	1.5724888622198366e-8
0.57031	1.5127509964632117e-8
0.57812	1.4583165646625554e-8
0.58594	1.399122974918077e-8
0.59375	1.3498244985708473e-8
0.60156	1.3025926033277593e-8
0.60938	1.2451161022288875e-8
0.61719	1.2020161417378178e-8
0.625	1.1556708241610025e-8
0.63281	1.1112162751692728e-8
0.64062	1.0577700115429083e-8
0.64844	1.025568906046939e-8
0.65625	9.927333475421462e-9
0.66406	9.611454751783215e-9
0.67188	9.271416977168167e-9
0.67969	8.944692592795922e-9
0.6875	8.599202473238297e-9
0.69531	8.12329972609886e-9
0.70312	7.6663564748353e-9
0.71094	7.259524142363422e-9
0.71875	7.033053411913891e-9
0.72656	6.72154220373061e-9
0.73438	6.421351858633638e-9
0.74219	6.164133282494333e-9
0.75	5.898113120820674e-9
0.75781	5.625312237374668e-9
0.76562	5.3898496349453615e-9
0.77344	5.0722169805133465e-9
0.78125	4.846404093670715e-9
0.78906	4.628472445130294e-9
0.79688	4.481094333729463e-9
0.80469	4.291291913182764e-9
0.8125	4.107936541040013e-9
0.82031	3.9108887170850064e-9
0.82812	3.7109522533795587e-9
0.83594	3.4731095833699074e-9
0.84375	3.3101580965331093e-9
0.85156	3.1525595502116693e-9
0.85938	3.0082366599454954e-9
0.86719	2.9267084702207155e-9
0.875	2.787177449406619e-9
0.88281	2.6521050112359457e-9
0.89062	2.540802760352174e-9
0.89844	2.390189054170016e-9
0.90625	2.277351740989062e-9
0.91406	2.1789277695294176e-9
0.92188	2.083442603920231e-9
0.92969	1.986172180170303e-9
0.9375	1.931236181216117e-9
0.94531	1.850257771994171e-9
0.95312	1.7758219697447516e-9
0.96094	1.6924296960244925e-9
0.96875	1.6238993953554824e-9
0.97656	1.5573147149249537e-9
0.98438	1.4960526330016225e-9
0.99219	1.4365441345347949e-9
1	1.3787222124971326e-9
1.0078	1.3444567393595143e-9
1.0156	1.2934920462996597e-9
1.0234	1.2439041134288582e-9
1.0312	1.1820203053370497e-9
1.0391	1.1383960116627889e-9
1.0469	1.0961816187143384e-9
1.0547	1.0530455385908143e-9
1.0625	1.0130411600096156e-9
1.0703	9.721262511278197e-10
1.0781	9.466405525220515e-10
1.0859	9.10538641059256e-10
1.0938	8.62436010248287e-10
1.1016	8.308279913592408e-10
1.1094	8.000378664380443e-10
1.1172	7.655090642818198e-10
1.125	7.378921273551372e-10
1.1328	7.097951786447532e-10
1.1406	6.82406936487068e-10
1.1484	6.556791934733484e-10
1.1562	6.304178868974946e-10
1.1641	6.049162296218159e-10
1.1719	5.824212657923278e-10
1.1797	5.604661267998581e-10
1.1875	5.382027294816729e-10
1.1953	5.193049657938645e-10
1.2031	4.973096634540113e-10
1.2109	4.758375896420599e-10
1.2188	4.5155297999177017e-10
1.2266	4.403718299857175e-10
1.2344	4.228770703843883e-10
1.2422	4.067960826856159e-10
1.25	3.910844391363856e-10
1.2578	3.7518953251873813e-10
1.2656	3.5965755226732726e-10
1.2734	3.45878687796711e-10
1.2812	3.290408187088524e-10
1.2891	3.161014750862331e-10
1.2969	3.089813187595589e-10
1.3047	2.975439991932892e-10
1.3125	2.8635477792437207e-10
1.3203	2.7540718801879725e-10
1.3281	2.6571753732508814e-10
1.3359	2.552282814559153e-10
1.3438	2.459244610734798e-10
1.3516	2.3601555688456164e-10
1.3594	2.2816874751592835e-10
1.3672	2.2407801317553928e-10
1.375	2.1663942552982804e-10
1.3828	2.0935062895784067e-10
1.3906	2.0295733865329499e-10
1.3984	1.9669270371259186e-10
1.4062	1.9121552976002232e-10
1.4141	1.8505361633097475e-10
1.4219	1.8045952434582496e-10
1.4297	1.7595260168429058e-10
1.4375	1.734515899132301e-10
1.4453	1.691548743772211e-10
1.4531	1.6575383928050865e-10
1.4609	1.6210084223464278e-10
1.4688	1.5848969864452032e-10
1.4766	1.5464874282927895e-10
1.4844	1.5124267877923122e-10
1.4922	1.4831500967520682e-10
1.5	1.450261685694572e-10
1.5078	1.425837261080703e-10
1.5156	1.409517641744438e-10
1.5234	1.388830345594352e-10
1.5312	1.368462021497029e-10
1.5391	1.3497986621015162e-10
1.5469	1.3333243869862965e-10
1.5547	1.314058722535796e-10
1.5625	1.2981970489937862e-10
1.5703	1.2825378785944437e-10
1.5781	1.27265775999097e-10
1.5859	1.264388536198571e-10
1.5938	1.2518851932685795e-10
1.6016	1.2411755098684322e-10
1.6094	1.2291738832309025e-10
1.6172	1.2173454944444222e-10
1.625	1.2056870253379474e-10
1.6328	1.1989103997245852e-10
1.6406	1.192189538855058e-10
1.6484	1.1855239849856018e-10
1.6562	1.1777553525464039e-10
1.6641	1.1665995540240085e-10
1.6719	1.1566275684094275e-10
1.6797	1.1479485287256276e-10
1.6875	1.1393765828309491e-10
1.6953	1.1309099022578735e-10
1.7031	1.1225806669607378e-10
1.7109	1.1143188215234494e-10
1.7188	1.1060282867888057e-10
1.7266	1.0966504445437095e-10
1.7344	1.0892201363556079e-10
1.7422	1.0812938297233856e-10
1.75	1.0734941289308621e-10
1.7578	1.0657554050718591e-10
1.7656	1.0581395284599269e-10
1.7734	1.0506131485341142e-10
1.7812	1.0519370481439323e-10
1.7891	1.0530962125368881e-10
1.7969	1.0513458677574329e-10
1.8047	1.0521257193740033e-10
1.8125	1.0447127994462342e-10
1.8203	1.0373855318423399e-10
1.8281	1.0285519397882352e-10
1.8359	1.0214078224208554e-10
1.8438	1.0142350916015385e-10
1.8516	1.0089594063508292e-10
1.8594	1.0066096695731899e-10
1.8672	1.0051206766790671e-10
1.875	9.976084125098552e-11
1.8828	9.923999656314219e-11
1.8906	9.872341254778057e-11
1.8984	9.83819173276886e-11
1.9062	9.804297399586486e-11
1.9141	9.755680146869716e-11
1.9219	9.728758522525805e-11
1.9297	9.68138550576362e-11
1.9375	9.634359570140984e-11
1.9453	9.575285718689374e-11
1.9531	9.545726962942514e-11
1.9609	9.53478750376912e-11
1.9688	9.504363692337435e-11
1.9766	9.493253361565937e-11
1.9844	9.468282253683888e-11
1.9922	9.48855334597074e-11
2	9.475824680977579e-11
2.0078	9.463243966725749e-11
2.0156	9.413711578523933e-11
2.0234	9.383385772282507e-11
2.0312	9.353262043284344e-11
2.0391	9.32242379519827e-11
2.0469	9.292704155917904e-11
2.0547	9.269395997036008e-11
2.0625	9.227319516239829e-11
2.0703	9.185339198759465e-11
2.0781	9.143835130485163e-11
2.0859	9.091995146765807e-11
2.0938	9.072219893787675e-11
2.1016	9.05326950047176e-11
2.1094	9.023867292141977e-11
2.1172	9.007447365325503e-11
2.125	8.992326286870943e-11
2.1328	8.977073556001886e-11
2.1406	8.947532612442777e-11
2.1484	8.91821075835829e-11
2.1562	8.863019774587262e-11
2.1641	8.83293964458738e-11
2.1719	8.803902917395798e-11
2.1797	8.770062456216476e-11
2.1875	8.740873902813283e-11
2.1953	8.7119115091091e-11
2.2031	8.683172297652724e-11
2.2109	8.654498204740266e-11
2.2188	8.625267313964843e-11
2.2266	8.597037048119806e-11
2.2344	8.582079357455794e-11
2.2422	8.491140525394865e-11
2.25	8.409181078887104e-11
2.2578	8.35117920710197e-11
2.2656	8.293775369433643e-11
2.2734	8.214183898315981e-11
2.2812	8.176963179856708e-11
2.2891	8.188679003443965e-11
2.2969	8.151701700539036e-11
2.3047	8.136684582129064e-11
2.3125	8.185056510171405e-11
2.3203	8.19439367404421e-11
2.3281	8.19506683560874e-11
2.3359	8.140428539058512e-11
2.3438	8.094711760653995e-11
2.3516	8.031181103256655e-11
2.3594	7.987116334841855e-11
2.3672	7.943447047685813e-11
2.375	7.869605167992954e-11
2.3828	7.826691623729078e-11
2.3906	7.806211779385442e-11
2.3984	7.785714343660384e-11
2.4062	7.76544879524559e-11
2.4141	7.744646795708956e-11
2.4219	7.724473829579559e-11
2.4297	7.704526313005917e-11
2.4375	7.70063031583049e-11
2.4453	7.667162304801195e-11
2.4531	7.646571050734974e-11
2.4609	7.617721069752239e-11
2.4688	7.579080333398652e-11
2.4766	7.550639277087142e-11
2.4844	7.513283765916969e-11
2.4922	7.487127053244179e-11
2.5	7.484501948039078e-11
2.5078	7.44771536165785e-11
2.5156	7.413497455450546e-11
2.5234	7.377181490169663e-11
2.5312	7.341159674966792e-11
2.5391	7.313406908615541e-11
2.5469	7.286385592638872e-11
2.5547	7.25951477015599e-11
2.5625	7.225691985780779e-11
2.5703	7.199077202159153e-11
2.5781	7.172611115522692e-11
2.5859	7.146292778638058e-11
2.5938	7.112002258715144e-11
2.6016	7.085944366667148e-11
2.6094	7.060032268117486e-11
2.6172	7.034362215839374e-11
2.625	7.008834460662218e-11
2.6328	6.991092806464332e-11
2.6406	6.965689681806065e-11
2.6484	6.940522341412726e-11
2.6562	6.915401170423386e-11
2.6641	6.881115784236441e-11
2.6719	6.834370580845331e-11
2.6797	6.780709397961089e-11
2.6875	6.727618032239404e-11
2.6953	6.667709111197335e-11
2.7031	6.629284269819212e-11
2.7109	6.598216428717145e-11
2.7188	6.566904947418844e-11
2.7266	6.523071906676602e-11
2.7344	6.472093105998994e-11
2.7422	6.435326619624637e-11
2.75	6.405006008736168e-11
2.7578	6.361594051488879e-11
2.7656	6.319776030070347e-11
2.7734	6.278321510268463e-11
2.7812	6.243155224328801e-11
2.7891	6.214240039536022e-11
2.7969	6.186071981587956e-11
2.8047	6.151122356280837e-11
2.8125	6.102701699975095e-11
2.8203	6.080428084329054e-11
2.8281	6.058616770946917e-11
2.8359	6.037012896135113e-11
2.8438	6.009071535124751e-11
2.8516	5.987760151275869e-11
2.8594	5.960614666560874e-11
2.8672	5.928227979660881e-11
2.875	5.883827115399733e-11
2.8828	5.815962210038007e-11
2.8906	5.7898574348863894e-11
2.8984	5.739997770728082e-11
2.9062	5.685467988035863e-11
2.9141	5.630953357682534e-11
2.9219	5.577384040646809e-11
2.9297	5.524362988107656e-11
2.9375	5.495064045187068e-11
2.9453	5.456317703749861e-11
2.9531	5.418197825497995e-11
2.9609	5.389688739072328e-11
2.9688	5.3610428955507356e-11
2.9766	5.343088707607715e-11
2.9844	5.3252297555429833e-11
2.9922	5.2975025625056333e-11
3	5.274723975528908e-11
3.0078	5.236559566119575e-11
3.0156	5.1945907674359603e-11
3.0234	5.163809034356024e-11
3.0312	5.1268273209491774e-11
3.0391	5.089874480174358e-11
3.0469	5.053546236000841e-11
3.0547	5.0175012581987074e-11
3.0625	4.981736509289029e-11
3.0703	4.9463219776310065e-11
3.0781	4.9081969273137054e-11
3.0859	4.873408659770892e-11
3.0938	4.8457345188842e-11
3.1016	4.811676333603745e-11
3.1094	4.7778789152062396e-11
3.1172	4.7443395144164276e-11
3.125	4.7111268211411255e-11
3.1328	4.6726811653622194e-11
3.1406	4.6326603239391065e-11
3.1484	4.595049274177667e-11
3.1562	4.5630938208693966e-11
3.1641	4.5386441526943485e-11
3.1719	4.5072879740147325e-11
3.1797	4.4760961905832384e-11
3.1875	4.445206809155393e-11
3.1953	4.414547120017617e-11
3.2031	4.383071890946684e-11
3.2109	4.353006127098046e-11
3.2188	4.331664914396562e-11
3.2266	4.302018516928763e-11
3.2344	4.2804725314536795e-11
3.2422	4.25130552282645e-11
3.25	4.222487740199599e-11
3.2578	4.193812156595064e-11
3.2656	4.16487083537122e-11
3.2734	4.136813807388167e-11
3.2812	4.1088924823497717e-11
3.2891	4.0809915609283134e-11
3.2969	4.053540065505922e-11
3.3047	4.0342943654812787e-11
3.3125	4.0072798736746484e-11
3.3203	3.977008479695731e-11
3.3281	3.947009771761868e-11
3.3359	3.917479600777221e-11
3.3438	3.887851777159233e-11
3.3516	3.858657822138213e-11
3.3594	3.840760227246849e-11
3.3672	3.822986865683028e-11
3.375	3.8053365903068047e-11
3.3828	3.785026087105985e-11
3.3906	3.764602038765328e-11
3.3984	3.7387945902712176e-11
3.4062	3.715538332498908e-11
3.4141	3.6887098139077095e-11
3.4219	3.6652795562614657e-11
3.4297	3.6457662333838266e-11
3.4375	3.626326480751261e-11
3.4453	3.6039284713006636e-11
3.4531	3.582693476784242e-11
3.4609	3.553309067982069e-11
3.4688	3.5313118515634126e-11
3.4766	3.507166255255625e-11
3.4844	3.4862418703007015e-11
3.4922	3.465399129767509e-11
3.5	3.441781150988035e-11
3.5078	3.415094462825761e-11
3.5156	3.3886344465582965e-11
3.5234	3.3608510393444e-11
3.5312	3.334963849830753e-11
3.5391	3.31151936545196e-11
3.5469	3.288413694111921e-11
3.5547	3.265456485636011e-11
3.5625	3.2427077047762996e-11
3.5703	3.2201042719555235e-11
3.5781	3.200703715996407e-11
3.5859	3.175388872957358e-11
3.5938	3.156146711972348e-11
3.6016	3.1350193090698844e-11
3.6094	3.1168180304136e-11
3.6172	3.0986769799974426e-11
3.625	3.0806558884372505e-11
3.6328	3.0627536811565634e-11
3.6406	3.042389244415624e-11
3.6484	3.02209359410851e-11
3.6562	3.000071153801064e-11
3.6641	2.982676370799049e-11
3.6719	2.9655581823335146e-11
3.6797	2.94849214497853e-11
3.6875	2.93159612929804e-11
3.6953	2.9148096521698085e-11
3.7031	2.8981317500802647e-11
3.7109	2.881620178193494e-11
3.7188	2.8610182770581868e-11
3.7266	2.8447304959633897e-11
3.7344	2.8286054533953025e-11
3.7422	2.813048867786113e-11
3.75	2.7920777130692293e-11
3.7578	2.771283485197723e-11
3.7656	2.755590934108729e-11
3.7734	2.7376867966397127e-11
3.7812	2.7165425730179395e-11
3.7891	2.698833285382503e-11
3.7969	2.6813162559840526e-11
3.8047	2.6639620692828637e-11
3.8125	2.6500376181070714e-11
3.8203	2.6329425359822822e-11
3.8281	2.6160067666533733e-11
3.8359	2.5991720835999246e-11
3.8438	2.5795700036829713e-11
3.8516	2.5629972547161173e-11
3.8594	2.546579394219125e-11
3.8672	2.530201876714478e-11
3.875	2.5140338960905682e-11
3.8828	2.5015182866465645e-11
3.8906	2.4855339278222693e-11
3.8984	2.4696992940177757e-11
3.9062	2.4517662160917336e-11
3.9141	2.4360507716508382e-11
3.9219	2.4205514364778512e-11
3.9297	2.405197806804807e-11
3.9375	2.3899329740535896e-11
3.9453	2.374756147043755e-11
3.9531	2.3635048928968256e-11
3.9609	2.348606935121597e-11
3.9688	2.333621384748496e-11
3.9766	2.317234223840766e-11
3.9844	2.3026490890993167e-11
3.9922	2.2881469182194486e-11
4	2.2737820934592328e-11
4.0078	2.2594986114035713e-11
4.0156	2.245240804439818e-11
4.0234	2.235174826316949e-11
4.0312	2.2212347389731517e-11
4.0391	2.2059526519976642e-11
4.0469	2.1921712446693738e-11
4.0547	2.180100616249372e-11
4.0625	2.1681003591027627e-11
4.0703	2.1561699003140106e-11
4.0781	2.1443627635364717e-11
4.0859	2.1325700892798484e-11
4.0938	2.1207957745625858e-11
4.1016	2.1138636298908075e-11
4.1094	2.1023179229542338e-11
4.1172	2.0908919389023124e-11
4.125	2.0795315217889728e-11
4.1328	2.068236145439187e-11
4.1406	2.0570052885697758e-11
4.1484	2.0458384347319407e-11
4.1562	2.0347879108504738e-11
4.1641	2.0243882645357853e-11
4.1719	2.0175605528786795e-11
4.1797	2.0084679032552788e-11
4.1875	1.9994277144622233e-11
4.1953	1.9904395875463614e-11
4.2031	1.9797385153413875e-11
4.2109	1.970858477785028e-11
4.2188	1.9619362857613372e-11
4.2266	1.9539300547456132e-11
4.2344	1.9451997926525822e-11
4.2422	1.9388708278140894e-11
4.25	1.9302838169514078e-11
4.2578	1.9216947368206413e-11
4.2656	1.9146732090458236e-11
4.2734	1.9076900941874036e-11
4.2812	1.900745112559647e-11
4.2891	1.8937496787054808e-11
4.2969	1.8876784500497438e-11
4.3047	1.8794027146692328e-11
4.3125	1.8733531619400057e-11
4.3203	1.8665948516140416e-11
4.3281	1.8598730473569288e-11
4.3359	1.8531874867169854e-11
4.3438	1.8464528911035966e-11
4.3516	1.83983949609386e-11
4.3594	1.8353438575605395e-11
4.3672	1.828793711980517e-11
4.375	1.8235275277844012e-11
4.3828	1.8177603001504514e-11
4.3906	1.812593842014531e-11
4.3984	1.8074042320066218e-11
4.4062	1.802239138133883e-11
4.4141	1.7970639996718453e-11
4.4219	1.792603082440676e-11
4.4297	1.7875080045510948e-11
4.4375	1.7824832396990792e-11
4.4453	1.7774356042297862e-11
4.4531	1.7712143849885527e-11
4.4609	1.765622365936427e-11
4.4688	1.759385305607485e-11
4.4766	1.7532595629590996e-11
4.4844	1.7477559162057423e-11
4.4922	1.7429578054299813e-11
4.5	1.7382265239399884e-11
4.5078	1.7322163030750135e-11
4.5156	1.7262372004815823e-11
4.5234	1.721446755936062e-11
4.5312	1.7172987857142477e-11
4.5391	1.7137093339397502e-11
4.5469	1.711917118334365e-11
4.5547	1.7084165884283563e-11
4.5625	1.7049267306088323e-11
4.5703	1.701447510170879e-11
4.5781	1.6979788924195734e-11
4.5859	1.6945208426726852e-11
4.5938	1.6909997029048652e-11
4.6016	1.686842023237639e-11
4.6094	1.6834191534685852e-11
4.6172	1.6814766399447673e-11
4.625	1.6780676195317458e-11
4.6328	1.6746273952951186e-11
4.6406	1.6712393007337904e-11
4.6484	1.667861518180824e-11
4.6562	1.6644940129971564e-11
4.6641	1.6610655205936858e-11
4.6719	1.6568654386684324e-11
4.6797	1.6548268190486152e-11
4.6875	1.6514580391296907e-11
4.6953	1.6481397982573738e-11
4.7031	1.644831638703992e-11
4.7109	1.6414938443237463e-11
4.7188	1.638136494366437e-11
4.7266	1.634858807120329e-11
4.7344	1.6315910613755464e-11
4.7422	1.6284890443041038e-11
4.75	1.6264032193789846e-11
4.7578	1.6243158152891435e-11
4.7656	1.622226919713625e-11
4.7734	1.6201366188547177e-11
4.7812	1.618082938325238e-11
4.7891	1.615922396506968e-11
4.7969	1.6138659278460114e-11
4.8047	1.6138608503096434e-11
4.8125	1.6117908747035964e-11
4.8203	1.6085379656683916e-11
4.8281	1.60647174307751e-11
4.8359	1.6043678539085345e-11
4.8438	1.6022335303671426e-11
4.8516	1.6001646051868664e-11
4.8594	1.5980948033049075e-11
4.8672	1.5978140660720856e-11
4.875	1.5956980231642522e-11
4.8828	1.5948208317331525e-11
4.8906	1.5926277267662695e-11
4.8984	1.5917310869714456e-11
4.9062	1.5907864192686148e-11
4.9141	1.58983365830782e-11
4.9219	1.5888981612117465e-11
4.9297	1.5879843112839072e-11
4.9375	1.5896744730664635e-11
4.9453	1.5887204425666595e-11
4.9531	1.5877542329088036e-11
4.9609	1.5852732163619552e-11
4.9688	1.584227983073717e-11
4.9766	1.583235016834561e-11
4.9844	1.5822306073019285e-11
4.9922	1.5812476151897628e-11
5	1.582557749610671e-11
5.0078	1.581506998023952e-11
5.0156	1.580477755136525e-11
5.0234	1.5794377727110895e-11
5.0312	1.5767051108146218e-11
5.0391	1.575590933042876e-11
5.0469	1.5745291560209843e-11
5.0547	1.5746748980054386e-11
5.0625	1.5779258446599764e-11
5.0703	1.578004252074175e-11
5.0781	1.5780594280220208e-11
5.0859	1.57812211052269e-11
5.0938	1.578099928305015e-11
5.1016	1.576225400864052e-11
5.1094	1.575425500222006e-11
5.1172	1.5746130038798948e-11
5.125	1.5766221753141922e-11
5.1328	1.5757694165069038e-11
5.1406	1.5749339655488872e-11
5.1484	1.574086523368923e-11
5.1562	1.573227283150161e-11
5.1641	1.572324230315633e-11
5.1719	1.5714704643073416e-11
5.1797	1.569299272071856e-11
5.1875	1.5709133740227597e-11
5.1953	1.570019094945052e-11
5.2031	1.5690859768859925e-11
5.2109	1.5681701404674838e-11
5.2188	1.5672112467187316e-11
5.2266	1.566301822401439e-11
5.2344	1.5653818541115358e-11
5.2422	1.564451512237015e-11
5.25	1.5620517847212085e-11
5.2578	1.563258727844184e-11
5.2656	1.5634427286618307e-11
5.2734	1.5635775488029664e-11
5.2812	1.5637431157069873e-11
5.2891	1.563827241097006e-11
5.2969	1.5639486051950498e-11
5.3047	1.5640742148405032e-11
5.3125	1.564203925574457e-11
5.3203	1.565565731221155e-11
5.3281	1.565594239203772e-11
5.3359	1.566840520913102e-11
5.3438	1.567992697459438e-11
5.3516	1.569193637916227e-11
5.3594	1.5703846461558437e-11
5.3672	1.5715657531266874e-11
5.375	1.5715390309157632e-11
5.3828	1.5740926138223312e-11
5.3906	1.572104381833454e-11
5.3984	1.5719922967402485e-11
5.4062	1.5719096980712763e-11
5.4141	1.5717504589337066e-11
5.4219	1.5716310596999555e-11
5.4297	1.571517099469387e-11
5.4375	1.571385084753739e-11
5.4453	1.573532690838132e-11
5.4531	1.5733524734599407e-11
5.4609	1.571066977254714e-11
5.4688	1.5708068167269374e-11
5.4766	1.5706101064583504e-11
5.4844	1.5703965910396555e-11
5.4922	1.5701889645451613e-11
5.5	1.5699647596267695e-11
5.5078	1.5717216838994872e-11
5.5156	1.571476138889103e-11
5.5234	1.5711926273913525e-11
5.5312	1.5709371894496686e-11
5.5391	1.5683075174673813e-11
5.5469	1.5680116569241024e-11
5.5547	1.5677005485652324e-11
5.5625	1.567395786907074e-11
5.5703	1.5670972384997824e-11
5.5781	1.5684746554227345e-11
5.5859	1.5681161024237787e-11
5.5938	1.5677080524399562e-11
5.6016	1.5673417809609724e-11
5.6094	1.5645607590905924e-11
5.6172	1.564179073320406e-11
5.625	1.563804003874056e-11
5.6328	1.5634150373591057e-11
5.6406	1.5644513172497047e-11
5.6484	1.56402758995624e-11
5.6562	1.5629690529991874e-11
5.6641	1.561828569215348e-11
5.6719	1.561392095427483e-11
5.6797	1.5584324131777127e-11
5.6875	1.5579831939063607e-11
5.6953	1.5575212581715688e-11
5.7031	1.5596349709354336e-11
5.7109	1.5594829911838558e-11
5.7188	1.559279990287535e-11
5.7266	1.5591350202719135e-11
5.7344	1.558974345399545e-11
5.7422	1.5578324569262073e-11
5.75	1.555647664481997e-11
5.7578	1.555456768430029e-11
5.7656	1.5572283037219907e-11
5.7734	1.5569972271240954e-11
5.7812	1.55677008681836e-11
5.7891	1.5564746641732986e-11
5.7969	1.5562370397294774e-11
5.8047	1.5559851064193882e-11
5.8125	1.5557371231308528e-11
5.8203	1.5533348391657332e-11
5.8281	1.5547698386689287e-11
5.8359	1.5544645008619902e-11
5.8438	1.5541102872926646e-11
5.8516	1.5537959566115135e-11
5.8594	1.5534684173493365e-11
5.8672	1.553162708084096e-11
5.875	1.5528264458502136e-11
5.8828	1.5524945789580203e-11
5.8906	1.553659758169803e-11
5.8984	1.5510065691425044e-11
5.9062	1.5506235877401317e-11
5.9141	1.5501928850569635e-11
5.9219	1.5498024701213262e-11
5.9297	1.5494167466503284e-11
5.9375	1.5490189609435555e-11
5.9453	1.5486258547034806e-11
5.9531	1.5482373392059096e-11
5.9609	1.5490840547970446e-11
5.9688	1.546212688463944e-11
5.9766	1.5466890923205416e-11
5.9844	1.545656578057366e-11
5.9922	1.5446023014966496e-11
6	1.5435586426214083e-11
6.0078	1.5425095052734196e-11
6.0156	1.541470867974606e-11
6.0234	1.5415022539174123e-11
6.0312	1.540432238315293e-11
6.0391	1.5374404131243158e-11
6.0469	1.5363686718939442e-11
6.0547	1.5352919269976497e-11
6.0625	1.534225737520471e-11
6.0703	1.5331545654382476e-11
6.0781	1.532078489748371e-11
6.0859	1.531929070561911e-11
6.0938	1.5307890771733287e-11
6.1016	1.529694780874078e-11
6.1094	1.526651317104368e-11
6.1172	1.5255564602199334e-11
6.125	1.5244571235276697e-11
6.1328	1.523368266827111e-11
6.1406	1.5222601227498504e-11
6.1484	1.521339557750235e-11
6.1562	1.519634315536766e-11
6.1641	1.5178805541415655e-11
6.1719	1.5161914972556806e-11
6.1797	1.5130790013390517e-11
6.1875	1.5113824012800023e-11
6.1953	1.509686592881064e-11
6.2031	1.5079915985763124e-11
6.2109	1.5069699873507726e-11
6.2188	1.5052256627992955e-11
6.2266	1.503530757654731e-11
6.2344	1.5018367675112806e-11
6.2422	1.5001577983666527e-11
6.25	1.4984656457749284e-11
6.2578	1.4953341674127924e-11
6.2656	1.4936495282990745e-11
6.2734	1.4919658741310345e-11
6.2812	1.4908363078149118e-11
6.2891	1.489105208679437e-11
6.2969	1.4874226322294608e-11
6.3047	1.4857547945507268e-11
6.3125	1.484074329497942e-11
6.3203	1.4824085358947385e-11
6.3281	1.479229795739202e-11
6.3359	1.4775718171233353e-11
6.3438	1.476311183439487e-11
6.3516	1.4746403459263745e-11
6.3594	1.4723713155528586e-11
6.3672	1.47012102148644e-11
6.375	1.4678760810457812e-11
6.3828	1.4656364785870456e-11
6.3906	1.4634021985076868e-11
6.3984	1.4602297380513226e-11
6.4062	1.4583880296257328e-11
6.4141	1.456113077185006e-11
6.4219	1.453888992007715e-11
6.4297	1.45168315926463e-11
6.4375	1.4494696589996306e-11
6.4453	1.4472742938842997e-11
6.4531	1.4450713158999936e-11
6.4609	1.4428863567612157e-11
6.4688	1.4400132873045107e-11
6.4766	1.4378155333157113e-11
6.4844	1.435635704064467e-11
6.4922	1.4334610609830623e-11
6.5	1.4312915885941633e-11
6.5078	1.4291397867564911e-11
6.5156	1.4269805685278035e-11
6.5234	1.424826475022485e-11
6.5312	1.4229501081180901e-11
6.5391	1.4197611937502713e-11
6.5469	1.417624874037422e-11
6.5547	1.4154813286427498e-11
6.5625	1.4133551387221613e-11
6.5703	1.4112339710457523e-11
6.5781	1.4091178106572149e-11
6.5859	1.4070066426450915e-11
6.5938	1.4048578396947102e-11
6.6016	1.4029493725561552e-11
6.6094	1.3998441558263244e-11
6.6172	1.3977435793898798e-11
6.625	1.3956479859778829e-11
6.6328	1.39299821727297e-11
6.6406	1.3903448891524673e-11
6.6484	1.3876998974966225e-11
6.6562	1.3850750057222566e-11
6.6641	1.3825697781599662e-11
6.6719	1.379960947745141e-11
6.6797	1.3773485459770417e-11
6.6875	1.3742891991600932e-11
6.6953	1.3716943384785238e-11
6.7031	1.3691075605542196e-11
6.7109	1.3665288304370223e-11
6.7188	1.3633171762689564e-11
6.7266	1.3603070321374795e-11
6.7344	1.3571577537461327e-11
6.7422	1.3540193991598678e-11
6.75	1.3508919179156149e-11
6.7578	1.3479122126345603e-11
6.7656	1.3453865654981614e-11
6.7734	1.3428800704750802e-11
6.7812	1.3403812822785852e-11
6.7891	1.3379749110812897e-11
6.7969	1.3354799616313998e-11
6.8047	1.3329926829545705e-11
6.8125	1.3305242367945474e-11
6.8203	1.3280633352814095e-11
6.8281	1.3251311154748437e-11
6.8359	1.3226865080504502e-11
6.8438	1.3201996857641315e-11
6.8516	1.3178694989333174e-11
6.8594	1.3154359885002342e-11
6.8672	1.3130098882097868e-11
6.875	1.3105911667478692e-11
6.8828	1.3081797929692592e-11
6.8906	1.3057757358965133e-11
6.8984	1.3029115174015128e-11
6.9062	1.3005232550629492e-11
6.9141	1.2981046624724519e-11
6.9219	1.2958064161309566e-11
6.9297	1.2934396318655237e-11
6.9375	1.2910799775587616e-11
6.9453	1.2887274233985903e-11
6.9531	1.2863712696318746e-11
6.9609	1.2840328553640722e-11
6.9688	1.2811869883609026e-11
6.9766	1.2788639445291064e-11
6.9844	1.276590091398203e-11
6.9922	1.2748599570759471e-11
7	1.2725560265550653e-11
7.0078	1.270248492151357e-11
7.0156	1.267958297282164e-11
7.0234	1.2656644968746488e-11
7.0312	1.2633879241646703e-11
7.0391	1.2610822751246355e-11
7.0469	1.2583541448632363e-11
7.0547	1.2560887688957412e-11
7.0625	1.2538301142355998e-11
7.0703	1.2515781532192298e-11
7.0781	1.2493430889921409e-11
7.0859	1.2471044061646548e-11
7.0938	1.2448372377283509e-11
7.1016	1.242611852273402e-11
7.1094	1.2404132721692689e-11
7.1172	1.237706035167197e-11
7.125	1.2355014728214813e-11
7.1328	1.2333033831731691e-11
7.1406	1.2311017164342373e-11
7.1484	1.2289165191502173e-11
7.1562	1.2267377157808887e-11
7.1641	1.2245310944493343e-11
7.1719	1.2218689969236758e-11
7.1797	1.2192155709634686e-11
7.1875	1.216570778947011e-11
7.1953	1.2134415029452923e-11
7.2031	1.2108149340682693e-11
7.2109	1.208196884025828e-11
7.2188	1.2055539149279018e-11
7.2266	1.2034417188728233e-11
7.2344	1.2008480594005132e-11
7.2422	1.1982530433299715e-11
7.25	1.1956761202862527e-11
7.2578	1.193107501079927e-11
7.2656	1.1905471500717336e-11
7.2734	1.187995031813408e-11
7.2812	1.1849792245295392e-11
7.2891	1.1819409798355521e-11
7.2969	1.1789452329721101e-11
7.3047	1.1754993741936621e-11
7.3125	1.1725241938253293e-11
7.3203	1.1695683833316328e-11
7.3281	1.1666318502924692e-11
7.3359	1.1636859453086805e-11
7.3438	1.1616869754833016e-11
7.3516	1.1597252379142545e-11
7.3594	1.156814522311865e-11
7.3672	1.1534696908721781e-11
7.375	1.150578783462335e-11
7.3828	1.1476973341417442e-11
7.3906	1.145764191637867e-11
7.3984	1.1438457996067953e-11
7.4062	1.141007946492559e-11
7.4141	1.1381299754847263e-11
7.4219	1.135292082435994e-11
7.4297	1.1320449752444326e-11
7.4375	1.1292262084546309e-11
7.4453	1.126425855972097e-11
7.4531	1.1236253254921714e-11
7.4609	1.1208430999171181e-11
7.4688	1.1180307111461705e-11
7.4766	1.115303385432471e-11
7.4844	1.1125389061209463e-11
7.4922	1.1094071290895814e-11
7.5	1.1066702349533376e-11
7.5078	1.1039421464694221e-11
7.5156	1.1012228263257973e-11
7.5234	1.0980381197864977e-11
7.5312	1.0962379761075768e-11
7.5391	1.0944046165143599e-11
7.5469	1.0926595928941839e-11
7.5547	1.0899798849612239e-11
7.5625	1.0869388288270278e-11
7.5703	1.0851593075552332e-11
7.5781	1.0833846121729238e-11
7.5859	1.0816147244563693e-11
7.5938	1.0798211861604326e-11
7.6016	1.0780609349524339e-11
7.6094	1.0763054369855599e-11
7.6172	1.0745901470175463e-11
7.625	1.0724635624395046e-11
7.6328	1.0707230669675249e-11
7.6406	1.068978445004229e-11
7.6484	1.0663949027917404e-11
7.6562	1.0638195114184706e-11
7.6641	1.0620653529855834e-11
7.6719	1.0595048665269999e-11
7.6797	1.0577985226285282e-11
7.6875	1.0557487656007634e-11
7.6953	1.0532188179437534e-11
7.7031	1.0506881305929199e-11
7.7109	1.0489961771716946e-11
7.7188	1.0472815991315459e-11
7.7266	1.0447719724594618e-11
7.7344	1.0422701840608161e-11
7.7422	1.039776201691617e-11
7.75	1.0369384320284429e-11
7.7578	1.0344691008233914e-11
7.7656	1.0320416418868269e-11
7.7734	1.0295875845427573e-11
7.7812	1.027132625268653e-11
7.7891	1.0246674758569399e-11
7.7969	1.0222362817557392e-11
7.8047	1.0198041340134643e-11
7.8125	1.0170578012699786e-11
7.8203	1.0146496377193784e-11
7.8281	1.0122489055858853e-11
7.8359	1.0099145568797628e-11
7.8438	1.0075028123394178e-11
7.8516	1.0051241850954831e-11
7.8594	1.0027528692827232e-11
7.8672	1.0003972067176735e-11
7.875	9.980404116787204e-12
7.8828	9.953820427530162e-12
7.8906	9.930484924108804e-12
7.8984	9.907137584328086e-12
7.9062	9.884609207091635e-12
7.9141	9.861236803100472e-12
7.9219	9.83818495025278e-12
7.9297	9.815203323070553e-12
7.9375	9.792209105735633e-12
7.9453	9.766565114291712e-12
7.9531	9.743797064829114e-12
7.9609	9.721098108625588e-12
7.9688	9.698224560011377e-12
7.9766	9.676482759695361e-12
7.9844	9.65398893718681e-12
7.9922	9.635154481444802e-12
8	9.616375089624713e-12
8.0078	9.614706120092912e-12
8.0156	9.604098334700946e-12
8.0234	9.593506800939962e-12
8.0312	9.582931501318156e-12
8.0391	9.572134274330295e-12
8.0469	9.562232032330084e-12
8.0547	9.551704047287145e-12
8.0625	9.541192230881195e-12
8.0703	9.539104348428987e-12
8.0781	9.528601613999835e-12
8.0859	9.518115084717635e-12
8.0938	9.507409806648615e-12
8.1016	9.49695611513076e-12
8.1094	9.486518570435779e-12
8.1172	9.476097153370944e-12
8.125	9.465925147791724e-12
8.1328	9.463442488528038e-12
8.1406	9.453047097200134e-12
8.1484	9.442667842254772e-12
8.1562	9.432304703592028e-12
8.1641	9.421726848077813e-12
8.1719	9.411396354485873e-12
8.1797	9.401081915073117e-12
8.1875	9.390859531830123e-12
8.1953	9.380425299946777e-12
8.2031	9.377566167687393e-12
8.2109	9.367295924384038e-12
8.2188	9.356814011393145e-12
8.2266	9.346576266516987e-12
8.2344	9.332467285318739e-12
8.2422	9.322271943777839e-12
8.25	9.304652708043928e-12
8.2578	9.294509123175484e-12
8.2656	9.291041513016194e-12
8.2734	9.280837850909312e-12
8.2812	9.263362981763117e-12
8.2891	9.253061301906338e-12
8.2969	9.24292578182589e-12
8.3047	9.23287936873291e-12
8.3125	9.22284860056105e-12
8.3203	9.212833455967283e-12
8.3281	9.202254152695654e-12
8.3359	9.18446218133715e-12
8.3438	9.174223975604028e-12
8.3516	9.164221959596705e-12
8.3594	9.147128009666339e-12
8.3672	9.137247975853134e-12
8.375	9.12731181374355e-12
8.3828	9.117462579276267e-12
8.3906	9.113880442504083e-12
8.3984	9.104045265434911e-12
8.4062	9.093377592479294e-12
8.4141	9.083288829398921e-12
8.4219	9.073432021022632e-12
8.4297	9.063590798278221e-12
8.4375	9.050198804577338e-12
8.4453	9.044373397033312e-12
8.4531	9.0484069755077e-12
8.4609	9.042537762202103e-12
8.4688	9.036517544052844e-12
8.4766	9.0306353420107e-12
8.4844	9.023580456495787e-12
8.4922	9.017757507497657e-12
8.5	9.0118597635296e-12
8.5078	9.006023933302725e-12
8.5156	9.009395866096865e-12
8.5234	9.003519685575714e-12
8.5312	8.997570156758949e-12
8.5391	8.991471609721908e-12
8.5469	8.98557816473437e-12
8.5547	8.978144607397595e-12
8.5625	8.972244397156923e-12
8.5703	8.966338649263953e-12
8.5781	8.960427465358599e-12
8.5859	8.963209126472768e-12
8.5938	8.957053122809598e-12
8.6016	8.95110088111791e-12
8.6094	8.94514371329835e-12
8.6172	8.939246801594105e-12
8.625	8.931397759717552e-12
8.6328	8.925496452697528e-12
8.6406	8.919525670163598e-12
8.6484	8.921717393329652e-12
8.6562	8.915713826869284e-12
8.6641	8.909564304625045e-12
8.6719	8.90355258994111e-12
8.6797	8.897600394315294e-12
8.6875	8.891643908327224e-12
8.6953	8.883472452203406e-12
8.7031	8.877514090046514e-12
8.7109	8.879147910556045e-12
8.7188	8.872893380183553e-12
8.7266	8.866901677089978e-12
8.7344	8.860906276635161e-12
8.7422	8.854969290717998e-12
8.75	8.848966569976762e-12
8.7578	8.842960404493471e-12
8.7656	8.834490837987332e-12
8.7734	8.835596835597942e-12
8.7812	8.829567464023533e-12
8.7891	8.82333424724354e-12
8.7969	8.817299144533725e-12
8.8047	8.808352649139169e-12
8.8125	8.802380539505431e-12
8.8203	8.79640529918429e-12
8.8281	8.790427006869149e-12
8.8359	8.791093750665186e-12
8.8438	8.782026052275967e-12
8.8516	8.775969145844168e-12
8.8594	8.769909876800108e-12
8.8672	8.763907529760349e-12
8.875	8.757902630639612e-12
8.8828	8.751895253039696e-12
8.8906	8.745885469896765e-12
8.8984	8.736477021931888e-12
8.9062	8.75217153998381e-12
8.9141	8.750437554198057e-12
8.9219	8.751995032641544e-12
8.9297	8.74958101961586e-12
8.9375	8.740185330906908e-12
8.9453	8.734075630983992e-12
8.9531	8.728021642653842e-12
8.9609	8.71865657720581e-12
8.9688	8.7115035026904e-12
8.9766	8.705399717609338e-12
8.9844	8.692613379734455e-12
8.9922	8.686582057064291e-12
9	8.680492859612724e-12
9.0078	8.674458666204807e-12
9.0156	8.668367036071881e-12
9.0234	8.662330224398566e-12
9.0312	8.658408858769866e-12
9.0391	8.64889463567748e-12
9.0469	8.646403196475841e-12
9.0547	8.633503357384949e-12
9.0625	8.626646300588508e-12
9.0703	8.61742785171771e-12
9.0781	8.608224688202082e-12
9.0859	8.602156566564111e-12
9.0938	8.600972539841644e-12
9.1016	8.594889691792846e-12
9.1094	8.588860613999215e-12
9.1172	8.582830822541294e-12
9.125	8.576422713635637e-12
9.1328	8.57378182135814e-12
9.1406	8.571174317122091e-12
9.1484	8.56854643541543e-12
9.1562	8.570426510698765e-12
9.1641	8.569946293349903e-12
9.1719	8.56956523074502e-12
9.1797	8.562767832650133e-12
9.1875	8.555974141466409e-12
9.1953	8.555637807822309e-12
9.2031	8.54873025536955e-12
9.2109	8.545009395902154e-12
9.2188	8.544365741647702e-12
9.2266	8.551331761692584e-12
9.2344	8.550833801277479e-12
9.2422	8.545467440153077e-12
9.25	8.540148743347271e-12
9.2578	8.536310021720882e-12
9.2656	8.532510138832016e-12
9.2734	8.51897731723666e-12
9.2812	8.515130398703013e-12
9.2891	8.518071783205426e-12
9.2969	8.517408542659922e-12
9.3047	8.512038945554109e-12
9.3125	8.506666090469583e-12
9.3203	8.505989570312005e-12
9.3281	8.505331701585781e-12
9.3359	8.504642603185795e-12
9.3438	8.496808627806543e-12
9.3516	8.502545901092325e-12
9.3594	8.501717103939141e-12
9.3672	8.49776977482592e-12
9.375	8.49694027751508e-12
9.3828	8.49612974509683e-12
9.3906	8.495289393440276e-12
9.3984	8.494467877477682e-12
9.4062	8.493616727048901e-12
9.4141	8.491257108970093e-12
9.4219	8.490303805577256e-12
9.4297	8.48936968264479e-12
9.4375	8.485261877113437e-12
9.4453	8.48432815101542e-12
9.4531	8.483318509038728e-12
9.4609	8.479259048520137e-12
9.4688	8.478071163883596e-12
9.4766	8.478066890741455e-12
9.4844	8.469559694773663e-12
9.4922	8.460972115264875e-12
9.5	8.452397963429003e-12
9.5078	8.448252924655417e-12
9.5156	8.447156827470166e-12
9.5234	8.446079983184804e-12
9.5312	8.437515635190941e-12
9.5391	8.428833973423408e-12
9.5469	8.422406191541519e-12
9.5547	8.417033685014287e-12
9.5625	8.414714662036871e-12
9.5703	8.41242205745153e-12
9.5781	8.41011030528017e-12
9.5859	8.40782476002358e-12
9.5938	8.403497487431313e-12
9.6016	8.397944031121143e-12
9.6094	8.403590054937205e-12
9.6172	8.401220717436628e-12
9.625	8.403104570443465e-12
9.6328	8.397270103472914e-12
9.6406	8.399089593932764e-12
9.6484	8.393501802604486e-12
9.6562	8.395344837264155e-12
9.6641	8.392719310349715e-12
9.6719	8.401908404388726e-12
9.6797	8.399431077238477e-12
9.6875	8.401099699783018e-12
9.6953	8.40281113395654e-12
9.7031	8.393318164062987e-12
9.7109	8.390767866609734e-12
9.7188	8.388071001484507e-12
9.7266	8.389675172730086e-12
9.7344	8.39813136391302e-12
9.7422	8.399626941964749e-12
9.75	8.4011227669377e-12
9.7578	8.399501721508806e-12
9.7656	8.400966282952923e-12
9.7734	8.394266957414025e-12
9.7812	8.395508823170253e-12
9.7891	8.39695520335804e-12
9.7969	8.404334017578653e-12
9.8047	8.405847966993567e-12
9.8125	8.4069086204159e-12
9.8203	8.40834090325279e-12
9.8281	8.409732151145909e-12
9.8359	8.410675165952985e-12
9.8438	8.403281827798137e-12
9.8516	8.404581662764956e-12
9.8594	8.40543768115879e-12
9.8672	8.412695860737317e-12
9.875	8.413457363211219e-12
9.8828	8.414582283971505e-12
9.8906	8.415668629152088e-12
9.8984	8.416716702144134e-12
9.9062	8.417726803654358e-12
9.9141	8.409846839334219e-12
9.9219	8.410810251098837e-12
9.9297	8.416834805915052e-12
9.9375	8.417707516892889e-12
9.9453	8.415816501728889e-12
9.9531	8.413517389180401e-12
9.9609	8.411588534252445e-12
9.9688	8.409471710677579e-12
9.9766	8.410200445902271e-12
9.9844	8.410893828908431e-12
9.9922	8.401982021997439e-12
10	8.39996305255132e-12
10.008	8.397209123954877e-12
10.016	8.39481948104932e-12
10.023	8.394087059304223e-12
10.031	8.391660760146333e-12
10.039	8.389217264601266e-12
10.047	8.38938420851117e-12
10.055	8.389518276545807e-12
10.062	8.382331115074264e-12
10.07	8.380938527820743e-12
10.078	8.372468326727463e-12
10.086	8.364011662436777e-12
10.094	8.355568507321912e-12
10.102	8.350090699820081e-12
10.109	8.34589551843222e-12
10.117	8.344820429861026e-12
10.125	8.336400432151714e-12
10.133	8.327263083234925e-12
10.141	8.321788152271291e-12
10.148	8.317588502915265e-12
10.156	8.312111903420908e-12
10.164	8.306273372340186e-12
10.172	8.300797627827713e-12
10.18	8.292440596396145e-12
10.188	8.288050034828197e-12
10.195	8.284203867063821e-12
10.203	8.278015380707478e-12
10.211	8.275397370326136e-12
10.219	8.272764504836054e-12
10.227	8.270116911692953e-12
10.234	8.268716791306256e-12
10.242	8.266039325989713e-12
10.25	8.270027515776324e-12
10.258	8.267302837186754e-12
10.266	8.264564129536738e-12
10.273	8.259584781980599e-12
10.281	8.256827233468506e-12
10.289	8.25405597137677e-12
10.297	8.25127111445862e-12
10.305	8.24847278055714e-12
10.312	8.253450230842431e-12
10.32	8.250606455890113e-12
10.328	8.24501427931196e-12
10.336	8.239423278505471e-12
10.344	8.236555637815348e-12
10.352	8.229602835675945e-12
10.359	8.228309285456092e-12
10.367	8.22743866054122e-12
10.375	8.230245476153918e-12
10.383	8.231328278021198e-12
10.391	8.228362854727808e-12
10.398	8.226967581503302e-12
10.406	8.223976403101707e-12
10.414	8.22097340159669e-12
10.422	8.213987054126391e-12
10.43	8.214602343790126e-12
10.438	8.217158536025045e-12
10.445	8.215668029840754e-12
10.453	8.212918766747619e-12
10.461	8.209830289609786e-12
10.469	8.206730767059913e-12
10.477	8.203944853210712e-12
10.484	8.205947604759483e-12
10.492	8.19860667972996e-12
10.5	8.199004783562052e-12
10.508	8.200976396992765e-12
10.516	8.198108716812335e-12
10.523	8.199977983362057e-12
10.531	8.197076142514371e-12
10.539	8.19384519542828e-12
10.547	8.19092081964013e-12
10.555	8.187669219461419e-12
10.562	8.18154767693228e-12
10.57	8.182998946076051e-12
10.578	8.180028936541146e-12
10.586	8.17673535837459e-12
10.594	8.173743971948847e-12
10.602	8.170741625171286e-12
10.609	8.166477733082161e-12
10.617	8.162531465619944e-12
10.625	8.15734500847504e-12
10.633	8.148463577471688e-12
10.641	8.14082776365277e-12
10.648	8.134730802746304e-12
10.656	8.127114657438193e-12
10.664	8.119204084419725e-12
10.672	8.111610746041455e-12
10.68	8.104028464596446e-12
10.688	8.09615356710961e-12
10.695	8.091621942396382e-12
10.703	8.084067680793065e-12
10.711	8.073505938620378e-12
10.719	8.065979832014787e-12
10.727	8.058464659246255e-12
10.734	8.054861051495577e-12
10.742	8.049755132234188e-12
10.75	8.042260342486368e-12
10.758	8.035968722801052e-12
10.766	8.028493260030448e-12
10.773	8.022517822568467e-12
10.781	8.011801786406462e-12
10.789	8.004362992744004e-12
10.797	7.996934985024237e-12
10.805	7.9892231397207e-12
10.812	7.983293786241735e-12
10.82	7.978243563476553e-12
10.828	7.972022953161676e-12
10.836	7.964639612963882e-12
10.844	7.957266967285926e-12
10.852	7.946703673192e-12
10.859	7.940821158503725e-12
10.867	7.93319453326804e-12
10.875	7.925869069816545e-12
10.883	7.918554190494663e-12
10.891	7.912114509501522e-12
10.898	7.906269759422151e-12
10.906	7.898982382934444e-12
10.914	7.891419007150209e-12
10.922	7.881007170495998e-12
10.93	7.873758178698294e-12
10.938	7.866519629310182e-12
10.945	7.86044331003539e-12
10.953	7.854359060546348e-12
10.961	7.846864427101023e-12
10.969	7.839663971650959e-12
10.977	7.832191759589782e-12
10.984	7.826437430117296e-12
10.992	7.816174091812915e-12
11	7.808738735775625e-12
11.008	7.806354185118277e-12
11.016	7.80981804239302e-12
11.023	7.808811885177924e-12
11.031	7.80165652425298e-12
11.039	7.794234301760012e-12
11.047	7.787100093146852e-12
11.055	7.779976156699065e-12
11.062	7.773992273660579e-12
11.07	7.763585758606119e-12
11.078	7.757321122734993e-12
11.086	7.749967156359026e-12
11.094	7.742897958103723e-12
11.102	7.735565919773896e-12
11.109	7.72990899922835e-12
11.117	7.722868462026583e-12
11.125	7.720451054694176e-12
11.133	7.713150894136422e-12
11.141	7.707483078243823e-12
11.148	7.711825395060708e-12
11.156	7.70937082712028e-12
11.164	7.706905799147316e-12
11.172	7.704430395509876e-12
11.18	7.702211309347946e-12
11.188	7.699714729558223e-12
11.195	7.700174860782741e-12
11.203	7.69394766940798e-12
11.211	7.693008941991746e-12
11.219	7.686784918517658e-12
11.227	7.680304983798246e-12
11.234	7.675461778882068e-12
11.242	7.67109022602242e-12
11.25	7.670374177931596e-12
11.258	7.667815943683774e-12
11.266	7.66524819132033e-12
11.273	7.670507799043867e-12
11.281	7.664544561012448e-12
11.289	7.663486230951323e-12
11.297	7.662667764386197e-12
11.305	7.660036171441899e-12
11.312	7.660540025780455e-12
11.32	7.658139768501022e-12
11.328	7.655474923136293e-12
11.336	7.65736939842452e-12
11.344	7.650372255648108e-12
11.352	7.639593289384224e-12
11.359	7.63371531597848e-12
11.367	7.631288194108667e-12
11.375	7.630358244098033e-12
11.383	7.624901262366737e-12
11.391	7.61594652101388e-12
11.398	7.611840677558268e-12
11.406	7.606401634910518e-12
11.414	7.601215431635327e-12
11.422	7.59578421529541e-12
11.43	7.584907363538761e-12
11.438	7.582215589264597e-12
11.445	7.576646152093753e-12
11.453	7.56976080010396e-12
11.461	7.56681808424145e-12
11.469	7.56435880521637e-12
11.477	7.557243164918038e-12
11.484	7.549987722056088e-12
11.492	7.54143120129736e-12
11.5	7.530698858704782e-12
11.508	7.521934715522686e-12
11.516	7.513430043912532e-12
11.523	7.507940624360141e-12
11.531	7.50333290091699e-12
11.539	7.494622715358997e-12
11.547	7.486170133778696e-12
11.555	7.48518995943553e-12
11.562	7.485488276042826e-12
11.57	7.478971221841947e-12
11.578	7.474613038438744e-12
11.586	7.470254992690167e-12
11.594	7.471364801618683e-12
11.602	7.467232342286477e-12
11.609	7.464148252584997e-12
11.617	7.459777035803495e-12
11.625	7.455641726386752e-12
11.633	7.451270609564343e-12
11.641	7.444553539118666e-12
11.648	7.441699944429137e-12
11.656	7.442472175510644e-12
11.664	7.439725364601478e-12
11.672	7.438598390239084e-12
11.68	7.436065754427621e-12
11.688	7.433293960901011e-12
11.695	7.430401527808337e-12
11.703	7.426006270873866e-12
11.711	7.419083242804791e-12
11.719	7.418134850645902e-12
11.727	7.41396833617289e-12
11.734	7.410836188767296e-12
11.742	7.406440154953528e-12
11.75	7.402272217001915e-12
11.758	7.39787716289566e-12
11.766	7.39370927229457e-12
11.773	7.390570632567487e-12
11.781	7.389557225044993e-12
11.789	7.382456845116597e-12
11.797	7.379858096065404e-12
11.805	7.375460610943092e-12
11.812	7.37253567163384e-12
11.82	7.368137932170452e-12
11.828	7.363963713545339e-12
11.836	7.35956739058225e-12
11.844	7.35539368298116e-12
11.852	7.353873576264845e-12
11.859	7.348064819930484e-12
11.867	7.343890258360491e-12
11.875	7.339496004368041e-12
11.883	7.336857413195895e-12
11.891	7.332461634501396e-12
11.898	7.32951724730052e-12
11.906	7.326647224746437e-12
11.914	7.325293403188047e-12
11.922	7.320890634424442e-12
11.93	7.311725309068983e-12
11.938	7.305389214300304e-12
11.945	7.302442306178386e-12
11.953	7.299563587614977e-12
11.961	7.296894347834808e-12
11.969	7.294218842992912e-12
11.977	7.292392337258647e-12
11.984	7.289425621040355e-12
11.992	7.28651895121247e-12
12	7.27935770990968e-12
12.008	7.272844693344078e-12
12.016	7.266341171923509e-12
12.023	7.264648529233146e-12
12.031	7.2587885946971806e-12
12.039	7.255462106705631e-12
12.047	7.249401733764163e-12
12.055	7.2435590128244435e-12
12.062	7.238923581112186e-12
12.07	7.2316304110775016e-12
12.078	7.228938881280827e-12
12.086	7.224576850641719e-12
12.094	7.21876229685376e-12
12.102	7.215235378500189e-12
12.109	7.210414730011285e-12
12.117	7.204615968610894e-12
12.125	7.198824311949416e-12
12.133	7.193039750014198e-12
12.141	7.188700156634804e-12
12.148	7.182674252178574e-12
12.156	7.176909187988772e-12
12.164	7.170946837844523e-12
12.172	7.1674396152209704e-12
12.18	7.161488434061064e-12
12.188	7.155748202809972e-12
12.195	7.151187660758706e-12
12.203	7.145459766077406e-12
12.211	7.1411534317582975e-12
12.219	7.133823263759834e-12
12.227	7.128116736705056e-12
12.234	7.125591697947231e-12
12.242	7.119893784098846e-12
12.25	7.1140025864226005e-12
12.258	7.108318969991182e-12
12.266	7.102642305134254e-12
12.273	7.098129147013375e-12
12.281	7.09385647029407e-12
12.289	7.0866086472273805e-12
12.297	7.082741371372483e-12
12.305	7.077094793311215e-12
12.312	7.07260387398506e-12
12.32	7.066772379080823e-12
12.328	7.061145176539669e-12
12.336	7.0555248493389625e-12
12.344	7.049715390669022e-12
12.352	7.044109136186958e-12
12.359	7.039844108250531e-12
12.367	7.03405456616854e-12
12.375	7.028467178499209e-12
12.383	7.022886609345221e-12
12.391	7.0171189120592316e-12
12.398	7.0126834204990105e-12
12.406	7.0071219677598e-12
12.414	7.001374360144821e-12
12.422	6.997559946504556e-12
12.43	6.990286010377183e-12
12.438	6.9845600549042e-12
12.445	6.9767049853749815e-12
12.453	6.96774397804987e-12
12.461	6.9605208775714424e-12
12.469	6.953119276849282e-12
12.477	6.947636197602295e-12
12.484	6.939847056531533e-12
12.492	6.929250307180306e-12
12.5	6.920383705008042e-12
12.508	6.909827160670045e-12
12.516	6.900996711526389e-12
12.523	6.8947976236485374e-12
12.531	6.8873194299388356e-12
12.539	6.880043079342835e-12
12.547	6.872779350049558e-12
12.555	6.862330349282171e-12
12.562	6.854684603595009e-12
12.57	6.8472760507044425e-12
12.578	6.836881581208482e-12
12.586	6.82969067114344e-12
12.594	6.822512181163564e-12
12.602	6.815159439028251e-12
12.609	6.80908588516936e-12
12.617	6.800081482774579e-12
12.625	6.792953606279705e-12
12.633	6.787322785086013e-12
12.641	6.778734635328188e-12
12.648	6.769566922356289e-12
12.656	6.761011388395927e-12
12.664	6.75542687007681e-12
12.672	6.74837503778382e-12
12.68	6.7413352963168856e-12
12.688	6.735777989840763e-12
12.695	6.731104892010119e-12
12.703	6.725561077788578e-12
12.711	6.718744341472187e-12
12.719	6.710112399285948e-12
12.727	6.703138804350243e-12
12.734	6.6972288554398506e-12
12.742	6.690277289575764e-12
12.75	6.68460894924181e-12
12.758	6.6778605276804165e-12
12.766	6.670942301752675e-12
12.773	6.665079346167518e-12
12.781	6.65836346943308e-12
12.789	6.648232366544479e-12
12.797	6.641363837929209e-12
12.805	6.633067966976142e-12
12.812	6.628516744850181e-12
12.82	6.623116396283724e-12
12.828	6.616290787472599e-12
12.836	6.60804618916111e-12
12.844	6.599816991716208e-12
12.852	6.590175862214778e-12
12.859	6.581220271529721e-12
12.867	6.571614463710298e-12
12.875	6.560425661762105e-12
12.883	6.550680618999589e-12
12.891	6.541131921559177e-12
12.898	6.532614405286927e-12
12.906	6.523100226483745e-12
12.914	6.513604294032197e-12
12.922	6.5041265618545484e-12
12.93	6.494490255980307e-12
12.938	6.483283222442302e-12
12.945	6.474862042091677e-12
12.953	6.465456556651744e-12
12.961	6.456069044905693e-12
12.969	6.446699461623491e-12
12.977	6.437347761715901e-12
12.984	6.428828500726389e-12
12.992	6.419510566779302e-12
13	6.410035155762089e-12
13.008	6.400752862177219e-12
13.016	6.392887114395125e-12
13.023	6.384619094968737e-12
13.031	6.375211716698706e-12
13.039	6.365996571786466e-12
13.047	6.356798922620457e-12
13.055	6.347618725454896e-12
13.062	6.338035580840847e-12
13.07	6.328889560650328e-12
13.078	6.319587328170245e-12
13.086	6.310476086955989e-12
13.094	6.301382083203018e-12
13.102	6.292305273960869e-12
13.109	6.284204268523786e-12
13.117	6.27515975647583e-12
13.125	6.2661323158739584e-12
13.133	6.255742924227916e-12
13.141	6.246750874143278e-12
13.148	6.2385525809509374e-12
13.156	6.229592605159059e-12
13.164	6.220649492006884e-12
13.172	6.211723199693886e-12
13.18	6.2029850799710214e-12
13.188	6.194092134424324e-12
13.195	6.184784660512945e-12
13.203	6.17592451210603e-12
13.211	6.167080980107517e-12
13.219	6.158254023468826e-12
13.227	6.149443601266761e-12
13.234	6.1415777188985474e-12
13.242	6.13279835685752e-12
13.25	6.124035411986828e-12
13.258	6.113930343585823e-12
13.266	6.105201448278408e-12
13.273	6.097577032248069e-12
13.281	6.088878654910135e-12
13.289	6.080196496328389e-12
13.297	6.0715305166638325e-12
13.305	6.062880676198469e-12
13.312	6.055156561887342e-12
13.32	6.045357080685025e-12
13.328	6.036754738124487e-12
13.336	6.028168379598813e-12
13.344	6.019766052484294e-12
13.352	6.012554593350158e-12
13.359	6.006255191402249e-12
13.367	5.997727790151132e-12
13.375	5.98921618802553e-12
13.383	5.980887562159272e-12
13.391	5.973743538832949e-12
13.398	5.967503013232355e-12
13.406	5.960382950614054e-12
13.414	5.953275623238157e-12
13.422	5.9461810007510414e-12
13.43	5.939099052889471e-12
13.438	5.930702821882968e-12
13.445	5.92452891149298e-12
13.453	5.916326094472261e-12
13.461	5.909295926692616e-12
13.469	5.902278282033799e-12
13.477	5.895273130769536e-12
13.484	5.889153848599376e-12
13.492	5.88217204263498e-12
13.5	5.875202645092053e-12
13.508	5.867096101061768e-12
13.516	5.857691680981998e-12
13.523	5.850317282276497e-12
13.531	5.843401503308168e-12
13.539	5.836497980019968e-12
13.547	5.8296066834707244e-12
13.555	5.822727584804657e-12
13.562	5.816718356928208e-12
13.57	5.8098620518136945e-12
13.578	5.800740318622584e-12
13.586	5.793910897205903e-12
13.594	5.787093529480579e-12
13.602	5.7802881870974954e-12
13.609	5.774343354828125e-12
13.617	5.766266075368126e-12
13.625	5.759496668276327e-12
13.633	5.752739174783671e-12
13.641	5.744864703887876e-12
13.648	5.738973182768217e-12
13.656	5.731124500535932e-12
13.664	5.7244155464716686e-12
13.672	5.717718365943465e-12
13.68	5.711032931418941e-12
13.688	5.704359215446148e-12
13.695	5.6985293053245935e-12
13.703	5.690758377108283e-12
13.711	5.684119505341293e-12
13.719	5.67749224422098e-12
13.727	5.669761146360598e-12
13.734	5.663983046204531e-12
13.742	5.657390312241119e-12
13.75	5.650809082247266e-12
13.758	5.6442393294734434e-12
13.766	5.6376810272478246e-12
13.773	5.630843684844392e-12
13.781	5.624308067044802e-12
13.789	5.617783821304199e-12
13.797	5.6101663558848024e-12
13.805	5.603666055055045e-12
13.812	5.597987554839114e-12
13.82	5.5915084031193475e-12
13.828	5.583940658447794e-12
13.836	5.574188246768851e-12
13.844	5.566649662181573e-12
13.852	5.556772877683186e-12
13.859	5.547556795918951e-12
13.867	5.539121931653002e-12
13.875	5.530232533202868e-12
13.883	5.521515217529975e-12
13.891	5.515157230041303e-12
13.898	5.506324537926643e-12
13.906	5.499990879744234e-12
13.914	5.493668143230139e-12
13.922	5.487356303287897e-12
13.93	5.4810553348930924e-12
13.938	5.473833523172897e-12
13.945	5.4683394797634304e-12
13.953	5.460985859522461e-12
13.961	5.452716133342475e-12
13.969	5.446472416819187e-12
13.977	5.440239418354705e-12
13.984	5.434794317580022e-12
13.992	5.428581349448081e-12
14	5.420068388910241e-12
14.008	5.413879330449539e-12
14.016	5.4066246919823885e-12
14.023	5.398001695887283e-12
14.031	5.3893910933817515e-12
14.039	5.380948967576011e-12
14.047	5.371447896701684e-12
14.055	5.362882697537185e-12
14.062	5.35524715553228e-12
14.07	5.346863047078485e-12
14.078	5.338340552890148e-12
14.086	5.33044437864079e-12
14.094	5.319047553348806e-12
14.102	5.3096542648367595e-12
14.109	5.30118080883786e-12
14.117	5.291817156391818e-12
14.125	5.282469181543511e-12
14.133	5.27313684500926e-12
14.141	5.263820107610031e-12
14.148	5.255414109247521e-12
14.156	5.245822072720931e-12
14.164	5.236550245816075e-12
14.172	5.2272938662404686e-12
14.18	5.218204960857841e-12
14.188	5.208979286058797e-12
14.195	5.200501588724408e-12
14.203	5.191456693129967e-12
14.211	5.1822751222608205e-12
14.219	5.171439660860182e-12
14.227	5.163957606596362e-12
14.234	5.1556974950534415e-12
14.242	5.146574821666174e-12
14.25	5.137618660474499e-12
14.258	5.128526025565978e-12
14.266	5.1195996802059265e-12
14.273	5.111404308185479e-12
14.281	5.1029593634097055e-12
14.289	5.096341027032801e-12
14.297	5.088979784680865e-12
14.305	5.082234294008584e-12
14.312	5.074100522119968e-12
14.32	5.065270736489532e-12
14.328	5.058713177787997e-12
14.336	5.05201659925952e-12
14.344	5.043829332414438e-12
14.352	5.037307336968775e-12
14.359	5.031347330485425e-12
14.367	5.024846630612242e-12
14.375	5.017608503090086e-12
14.383	5.011130856129158e-12
14.391	5.004514889527728e-12
14.398	4.9965133056164166e-12
14.406	4.988577026806403e-12
14.414	4.981996937061906e-12
14.422	4.975577197769758e-12
14.43	4.966934430785983e-12
14.438	4.958305790726926e-12
14.445	4.952013636020933e-12
14.453	4.945492546793516e-12
14.461	4.939131163617549e-12
14.469	4.932780661204366e-12
14.477	4.924809964095191e-12
14.484	4.919161840839781e-12
14.492	4.912844091606907e-12
14.5	4.906389211693472e-12
14.508	4.898023783090871e-12
14.516	4.8911494927563026e-12
14.523	4.885402436579084e-12
14.531	4.879139845275724e-12
14.539	4.871414274606842e-12
14.547	4.862965068251927e-12
14.555	4.854676771078866e-12
14.562	4.846920412404782e-12
14.57	4.83851050328422e-12
14.578	4.8302612195042604e-12
14.586	4.823494965618422e-12
14.594	4.815271720248203e-12
14.602	4.805593596827085e-12
14.609	4.797907691784491e-12
14.617	4.7897236414687395e-12
14.625	4.781406168412129e-12
14.633	4.773248626259635e-12
14.641	4.7651042548157886e-12
14.648	4.757476077407521e-12
14.656	4.750966733854986e-12
14.664	4.741542780116853e-12
14.672	4.73344924879881e-12
14.68	4.7252225433960034e-12
14.688	4.7171550809746004e-12
14.695	4.709741505028358e-12
14.703	4.7016984740758555e-12
14.711	4.693668336627666e-12
14.719	4.6855051887919155e-12
14.727	4.6763342080515876e-12
14.734	4.67058035813066e-12
14.742	4.662599923039637e-12
14.75	4.654632230194192e-12
14.758	4.646677248821018e-12
14.766	4.6387349482246e-12
14.773	4.6314322472257355e-12
14.781	4.623513805786774e-12
14.789	4.6156079567305905e-12
14.797	4.606552645893389e-12
14.805	4.600414554742915e-12
14.812	4.593166172632456e-12
14.82	4.585453773383368e-12
14.828	4.577608716523669e-12
14.836	4.569776075129293e-12
14.844	4.561955819248199e-12
14.852	4.554147919003093e-12
14.859	4.545951046550801e-12
14.867	4.5381668369046336e-12
14.875	4.5322748172267875e-12
14.883	4.5245142932154324e-12
14.891	4.5169104320474005e-12
14.898	4.509779599440764e-12
14.906	4.502054198931048e-12
14.914	4.494485203761437e-12
14.922	4.485774354934577e-12
14.93	4.4780856187108645e-12
14.938	4.470553041405626e-12
14.945	4.465358152680349e-12
14.953	4.457703244864224e-12
14.961	4.450204186117693e-12
14.969	4.442573103918645e-12
14.977	4.4350976875884266e-12
14.984	4.4272188818115455e-12
14.992	4.4197660737765256e-12
15	4.41218133437435e-12
15.008	4.404751946778672e-12
15.016	4.399055827143172e-12
15.023	4.393237254986791e-12
15.031	4.3868431741601254e-12
15.039	4.379457224101945e-12
15.047	4.371080710456991e-12
15.055	4.363718243518528e-12
15.062	4.3569457321303844e-12
15.07	4.349461907221391e-12
15.078	4.342132577643649e-12
15.086	4.334814647455601e-12
15.094	4.3293643780941145e-12
15.102	4.322068362754974e-12
15.109	4.315354841635406e-12
15.117	4.309078226660783e-12
15.125	4.303666516382644e-12
15.133	4.29641314679578e-12
15.141	4.2891709984971495e-12
15.148	4.282505410769582e-12
15.156	4.275284374043003e-12
15.164	4.270064193878808e-12
15.172	4.262864580188924e-12
15.18	4.254824159205908e-12
15.188	4.247789001650071e-12
15.195	4.241181068251831e-12
15.203	4.234024735955602e-12
15.211	4.226879395087294e-12
15.219	4.219745019580724e-12
15.227	4.2119132345542465e-12
15.234	4.2066276350172e-12
15.242	4.19740089246147e-12
15.25	4.189601701198374e-12
15.258	4.182521468423246e-12
15.266	4.175452045125013e-12
15.273	4.168373534660511e-12
15.281	4.161324672742505e-12
15.289	4.153579829717414e-12
15.297	4.145846139679602e-12
15.305	4.138829967039801e-12
15.312	4.131657946695081e-12
15.32	4.123956096697163e-12
15.328	4.116406475928429e-12
15.336	4.108726648548468e-12
15.344	4.1011989264323276e-12
15.352	4.0935410076223265e-12
15.359	4.086567159188688e-12
15.367	4.077660190409589e-12
15.375	4.072149227439505e-12
15.383	4.064533372921283e-12
15.391	4.057069257514881e-12
15.398	4.05014187784455e-12
15.406	4.042557075093387e-12
15.414	4.03512385228912e-12
15.422	4.027701275636697e-12
15.43	4.02028931775256e-12
15.438	4.0116210568947164e-12
15.445	4.0047490757147e-12
15.453	3.999337783166312e-12
15.461	3.991966647981201e-12
15.469	3.984605999405134e-12
15.477	3.977255810368504e-12
15.484	3.9704288469628454e-12
15.492	3.9630982849512786e-12
15.5	3.954653904333739e-12
15.508	3.947344318647285e-12
15.516	3.940045058351636e-12
15.523	3.935369354496986e-12
15.531	3.928089026566527e-12
15.539	3.920818950479035e-12
15.547	3.913559099614446e-12
15.555	3.906449727489917e-12
15.562	3.8985890547795664e-12
15.57	3.891499007430045e-12
15.578	3.8842787750538065e-12
15.586	3.877068636418578e-12
15.594	3.872110992477167e-12
15.602	3.864920531085185e-12
15.609	3.858374474453053e-12
15.617	3.851202827381445e-12
15.625	3.843060902343311e-12
15.633	3.836049374754149e-12
15.641	3.828907712379884e-12
15.648	3.8224044104194155e-12
15.656	3.815421273756837e-12
15.664	3.810546203115948e-12
15.672	3.8052596014503195e-12
15.68	3.799841622744377e-12
15.688	3.792756723749965e-12
15.695	3.787280940325858e-12
15.703	3.7802141780404216e-12
15.711	3.774970834405341e-12
15.719	3.769735689060065e-12
15.727	3.764508724558934e-12
15.734	3.7601854611739416e-12
15.742	3.754973631490741e-12
15.75	3.749769933036735e-12
15.758	3.743601605476706e-12
15.766	3.738414743759196e-12
15.773	3.73370934585121e-12
15.781	3.728537728407996e-12
15.789	3.723374157017391e-12
15.797	3.718218614619761e-12
15.805	3.713071084198724e-12
15.812	3.7089540997646306e-12
15.82	3.70285318278638e-12
15.828	3.697728967009437e-12
15.836	3.692612696973973e-12
15.844	3.68764241035999e-12
15.852	3.682541893784067e-12
15.859	3.677913055559713e-12
15.867	3.6728274387497976e-12
15.875	3.6677496861093985e-12
15.883	3.662266859846105e-12
15.891	3.657205046321743e-12
15.898	3.652610509111576e-12
15.906	3.646876349844439e-12
15.914	3.641837497042783e-12
15.922	3.636806409974858e-12
15.93	3.6317830722864157e-12
15.938	3.6260819690534916e-12
15.945	3.6198838163176892e-12
15.953	3.615432270983153e-12
15.961	3.609755387283858e-12
15.969	3.6040868940932596e-12
15.977	3.5982899478434565e-12
15.984	3.593087782007793e-12
15.992	3.587443476602477e-12
16	3.5816708180456293e-12
16.008	3.5752234023598814e-12
16.016	3.569604402458703e-12
16.023	3.5656672541025033e-12
16.031	3.560063317176001e-12
16.039	3.5544676084902522e-12
16.047	3.5488801097676053e-12
16.055	3.5431645298346423e-12
16.062	3.5380339594603737e-12
16.07	3.532470126643801e-12
16.078	3.526097607778427e-12
16.086	3.5205503742404424e-12
16.094	3.516371383129058e-12
16.102	3.511519365182501e-12
16.109	3.5064308403781722e-12
16.117	3.5017289342566006e-12
16.125	3.4962199624394084e-12
16.133	3.490583338704996e-12
16.141	3.4844122885465816e-12
16.148	3.479358542087427e-12
16.156	3.4746941803919284e-12
16.164	3.470578603673925e-12
16.172	3.4651160393229956e-12
16.18	3.4603378322857957e-12
16.188	3.4557020391628966e-12
16.195	3.4513643673664752e-12
16.203	3.4460666834058524e-12
16.211	3.441316720511428e-12
16.219	3.4367088236911696e-12
16.227	3.4319730930014338e-12
16.234	3.4278014936225704e-12
16.242	3.4237524380498566e-12
16.25	3.4191713623002636e-12
16.258	3.414462736631373e-12
16.266	3.4092235410460436e-12
16.273	3.405082169549447e-12
16.281	3.4003941885807177e-12
16.289	3.395847436636232e-12
16.297	3.3911734323525867e-12
16.305	3.386640465587521e-12
16.312	3.383064822780082e-12
16.32	3.378544409431122e-12
16.328	3.373361866782721e-12
16.336	3.3688554631413037e-12
16.344	3.3642221984306647e-12
16.352	3.359729413969443e-12
16.359	3.3556535907517373e-12
16.367	3.3510401297146014e-12
16.375	3.3465668816260263e-12
16.383	3.3427665092341143e-12
16.391	3.3381731099316344e-12
16.398	3.333593874430158e-12
16.406	3.329013613457163e-12
16.414	3.324573108027158e-12
16.422	3.320139243053763e-12
16.43	3.315712004993977e-12
16.438	3.3111586818633803e-12
16.445	3.307146908659713e-12
16.453	3.3034015283703356e-12
16.461	3.298469777441442e-12
16.469	3.2939423531110692e-12
16.477	3.2895539478074186e-12
16.484	3.285570678163906e-12
16.492	3.2811946043618558e-12
16.5	3.2766929498002843e-12
16.508	3.272329961537543e-12
16.516	3.2674456825536903e-12
16.523	3.2636228415698585e-12
16.531	3.2592787844865713e-12
16.539	3.2549411718292246e-12
16.547	3.250609990529635e-12
16.555	3.2457589167131894e-12
16.562	3.241700790497023e-12
16.57	3.2373885105115347e-12
16.578	3.232557077074069e-12
16.586	3.226681689540823e-12
16.594	3.2218645207894253e-12
16.602	3.217841729058275e-12
16.609	3.213424880862048e-12
16.617	3.208627206459416e-12
16.625	3.203836371398309e-12
16.633	3.1990523611626444e-12
16.641	3.1942751612693504e-12
16.648	3.188840356223135e-12
16.656	3.184076424652905e-12
16.664	3.179319260439647e-12
16.672	3.175353565307006e-12
16.68	3.1711323750584037e-12
16.688	3.166394874450098e-12
16.695	3.1620428527063707e-12
16.703	3.1573180142098605e-12
16.711	3.1525998605227694e-12
16.719	3.1469752087042387e-12
16.727	3.142270763482501e-12
16.734	3.1380783402609267e-12
16.742	3.134168185329559e-12
16.75	3.1294825056023008e-12
16.758	3.1248034276533883e-12
16.766	3.1201309375021476e-12
16.773	3.115836517996733e-12
16.781	3.1103961316109304e-12
16.789	3.1057429097540355e-12
16.797	3.101096220611662e-12
16.805	3.096456050355188e-12
16.812	3.093099159642431e-12
16.82	3.0884708922618536e-12
16.828	3.0838491050275782e-12
16.836	3.0793634552877023e-12
16.844	3.073847088056185e-12
16.852	3.069374570801257e-12
16.859	3.0651424151123654e-12
16.867	3.0605523653314805e-12
16.875	3.0560981690869374e-12
16.883	3.052297156193444e-12
16.891	3.047855217741186e-12
16.898	3.0436504802338098e-12
16.906	3.038315730061427e-12
16.914	3.0338922655895953e-12
16.922	3.029345866966422e-12
16.93	3.024934872049821e-12
16.938	3.0204010233354288e-12
16.945	3.016358431897736e-12
16.953	3.0118363791072342e-12
16.961	3.0082227714061945e-12
16.969	3.003068723046036e-12
16.977	2.998565297567583e-12
16.984	2.9945494299865905e-12
16.992	2.990057679680748e-12
17	2.9857007731758625e-12
17.008	2.9812213436385736e-12
17.016	2.9768766286597724e-12
17.023	2.9728872113753133e-12
17.031	2.96855391016731e-12
17.039	2.964226634840937e-12
17.047	2.959777024567056e-12
17.055	2.9554618171852377e-12
17.062	2.9514985410928877e-12
17.07	2.9470664231301165e-12
17.078	2.94276853182651e-12
17.086	2.9384765929403805e-12
17.094	2.9340625390472514e-12
17.102	2.929910523160591e-12
17.109	2.9259783773918225e-12
17.117	2.9217094666492407e-12
17.125	2.917446448289474e-12
17.133	2.9130615022250195e-12
17.141	2.9088102840817583e-12
17.148	2.904903695839661e-12
17.156	2.9006635248528866e-12
17.164	2.895663374542189e-12
17.172	2.8923282335969586e-12
17.18	2.8881054737053873e-12
17.188	2.883888510699147e-12
17.195	2.8800122859051385e-12
17.203	2.875806236052207e-12
17.211	2.8716059484873377e-12
17.219	2.867284137666647e-12
17.227	2.862459188367824e-12
17.234	2.8586081294357667e-12
17.242	2.8553204770301564e-12
17.25	2.8511481355797646e-12
17.258	2.846981486761993e-12
17.266	2.842820518821139e-12
17.273	2.838993911903296e-12
17.281	2.8348436381142116e-12
17.289	2.830064709434843e-12
17.297	2.825925963472384e-12
17.305	2.821792840486203e-12
17.312	2.8179908541355366e-12
17.32	2.814881683529759e-12
17.328	2.810764346576104e-12
17.336	2.8066525887111772e-12
17.344	2.8025463984234224e-12
17.352	2.7978134185474594e-12
17.359	2.7941669007062154e-12
17.367	2.7900769163093024e-12
17.375	2.785992454309253e-12
17.383	2.7819135033139923e-12
17.391	2.7788499002311376e-12
17.398	2.7751005454904743e-12
17.406	2.77154153616514e-12
17.414	2.7681135595779857e-12
17.422	2.7640605864445965e-12
17.43	2.760516758117825e-12
17.438	2.7571037413229826e-12
17.445	2.7538854707776403e-12
17.453	2.7504816185679348e-12
17.461	2.747459437563105e-12
17.469	2.7434371756671206e-12
17.477	2.739420298538887e-12
17.484	2.7344665020964438e-12
17.492	2.73096218573368e-12
17.5	2.727588173483629e-12
17.508	2.7235921712935767e-12
17.516	2.719601499664154e-12
17.523	2.7160513872447662e-12
17.531	2.713072391534182e-12
17.539	2.709096647836716e-12
17.547	2.7046257537871716e-12
17.555	2.70078582996507e-12
17.562	2.6976333013791027e-12
17.57	2.6939279503942994e-12
17.578	2.6896030436410336e-12
17.586	2.6852835852851412e-12
17.594	2.68109444232295e-12
17.602	2.6776596258540647e-12
17.609	2.6729109853137672e-12
17.617	2.66861252098578e-12
17.625	2.6643194456817462e-12
17.633	2.660156499619109e-12
17.641	2.6558741406692694e-12
17.648	2.6518976414506327e-12
17.656	2.6477500412723854e-12
17.664	2.643483061158117e-12
17.672	2.638473497190162e-12
17.68	2.635214247941506e-12
17.688	2.631585924534265e-12
17.695	2.627636942969042e-12
17.703	2.6235201583878826e-12
17.711	2.6192841051374617e-12
17.719	2.6151777531925513e-12
17.727	2.6114498186837995e-12
17.734	2.6081452963860577e-12
17.742	2.603680637118343e-12
17.75	2.6005886402893766e-12
17.758	2.596879873572166e-12
17.766	2.593300191871809e-12
17.773	2.5900167378837194e-12
17.781	2.586446108226623e-12
17.789	2.5827562210002352e-12
17.797	2.579195192316671e-12
17.805	2.574895200267022e-12
17.812	2.571508784182759e-12
17.82	2.5684573477197e-12
17.828	2.5649149315620115e-12
17.836	2.561377238934887e-12
17.844	2.5577205467619337e-12
17.852	2.5541923243546e-12
17.859	2.5509544507154736e-12
17.867	2.5466935129937028e-12
17.875	2.543179132646073e-12
17.883	2.53954590467094e-12
17.891	2.536658168664383e-12
17.898	2.533317233211743e-12
17.906	2.5298208030939215e-12
17.914	2.5259590555638463e-12
17.922	2.5221021768776127e-12
17.93	2.5178803424242227e-12
17.938	2.514156510781357e-12
17.945	2.5105940256837888e-12
17.953	2.5071255845636695e-12
17.961	2.5041541798293696e-12
17.969	2.5006946881168786e-12
17.977	2.4972397563014072e-12
17.984	2.4940667173676544e-12
17.992	2.4895138395157682e-12
18	2.4860724654176715e-12
18.008	2.48263561531692e-12
18.016	2.4792032803331796e-12
18.023	2.476050194337379e-12
18.031	2.4726263613929586e-12
18.039	2.4698204398492167e-12
18.047	2.466405338135279e-12
18.055	2.462626960617728e-12
18.062	2.4588803880982603e-12
18.07	2.4551109092945335e-12
18.078	2.451468632776674e-12
18.086	2.448039180801195e-12
18.094	2.444332570339821e-12
18.102	2.4406305815985884e-12
18.109	2.4377653273424153e-12
18.117	2.434071885390741e-12
18.125	2.4294165925270924e-12
18.133	2.425732568734486e-12
18.141	2.422065348386977e-12
18.148	2.4186569851537906e-12
18.156	2.4149983535906084e-12
18.164	2.411344261663538e-12
18.172	2.4076946998032967e-12
18.18	2.40463595841687e-12
18.188	2.4000671372722986e-12
18.195	2.3966946151636922e-12
18.203	2.39307485633366e-12
18.211	2.389447367340093e-12
18.219	2.385836556184532e-12
18.227	2.382230203241193e-12
18.234	2.378889206604088e-12
18.242	2.3752912330844125e-12
18.25	2.3714050208906227e-12
18.258	2.3678281622622653e-12
18.266	2.3642557097808503e-12
18.273	2.360933853296988e-12
18.281	2.3573696853005436e-12
18.289	2.3538098966173353e-12
18.297	2.3502544780323332e-12
18.305	2.346411172260036e-12
18.312	2.342255753190135e-12
18.32	2.3393463257952473e-12
18.328	2.335820091751524e-12
18.336	2.3322981765270536e-12
18.344	2.328780571047241e-12
18.352	2.3252672662535492e-12
18.359	2.3220111886103013e-12
18.367	2.3185059662608074e-12
18.375	2.3147254144840007e-12
18.383	2.3100981383571346e-12
18.391	2.3063263871092487e-12
18.398	2.303453641407155e-12
18.406	2.2996899723990415e-12
18.414	2.2959427768534912e-12
18.422	2.2921877366317658e-12
18.43	2.2884369962950938e-12
18.438	2.2847026955024365e-12
18.445	2.2801262625317933e-12
18.453	2.2764001040675956e-12
18.461	2.272969860970596e-12
18.469	2.269932503869332e-12
18.477	2.266510471501458e-12
18.484	2.2630581517016587e-12
18.492	2.2593646961781655e-12
18.5	2.2556754481571427e-12
18.508	2.2509339034636627e-12
18.516	2.2472652838636705e-12
18.523	2.2438430951408212e-12
18.531	2.240170169975841e-12
18.539	2.2372056020390747e-12
18.547	2.2335530601442975e-12
18.555	2.2299046553214066e-12
18.562	2.2265123946779637e-12
18.57	2.2218641920735805e-12
18.578	2.2182398713346096e-12
18.586	2.2146196461221526e-12
18.594	2.2110035068323153e-12
18.602	2.2073914438733155e-12
18.609	2.204736323927955e-12
18.617	2.2011439695873533e-12
18.625	2.1975556628205992e-12
18.633	2.192988581491776e-12
18.641	2.189408423467165e-12
18.648	2.1860788555510036e-12
18.656	2.1825062388071627e-12
18.664	2.1789497551139896e-12
18.672	2.1753972596183413e-12
18.68	2.172576509287612e-12
18.688	2.169031904192327e-12
18.695	2.165722931869664e-12
18.703	2.160997102034678e-12
18.711	2.1574760967774663e-12
18.719	2.1539590219659844e-12
18.727	2.1501911300899695e-12
18.734	2.1466563121080743e-12
18.742	2.142907884056352e-12
18.75	2.1391512228283768e-12
18.758	2.1361627937955554e-12
18.766	2.1312733320813664e-12
18.773	2.127779229293227e-12
18.781	2.124061826362608e-12
18.789	2.12034827304012e-12
18.797	2.1166385589313612e-12
18.805	2.1129326736482026e-12
18.812	2.1094548558696514e-12
18.82	2.1057561087474276e-12
18.828	2.101733226428339e-12
18.836	2.098066341376189e-12
18.844	2.094391088271653e-12
18.852	2.0907317519671495e-12
18.859	2.0872853651827146e-12
18.867	2.083633055729818e-12
18.875	2.079984486011534e-12
18.883	2.0763396458376015e-12
18.891	2.0716287576167274e-12
18.898	2.0690248122861487e-12
18.906	2.0654027636185776e-12
18.914	2.0617844056244802e-12
18.922	2.0581818872675193e-12
18.93	2.0545708811372923e-12
18.938	2.050975696035245e-12
18.945	2.047600308393718e-12
18.953	2.0429656265342024e-12
18.961	2.03939299780287e-12
18.969	2.036639296909274e-12
18.977	2.0330739565325004e-12
18.984	2.029726038790512e-12
18.992	2.026167431900978e-12
19	2.022624580944971e-12
19.008	2.0190731351504625e-12
19.016	2.015537427265365e-12
19.023	2.011218239588099e-12
19.031	2.0076891026606808e-12
19.039	2.005016104389229e-12
19.047	2.0014940969039968e-12
19.055	1.9979877871951036e-12
19.062	1.994694256479868e-12
19.07	1.991206685803142e-12
19.078	1.987710425592777e-12
19.086	1.9832548521707393e-12
19.094	1.9797776567791265e-12
19.102	1.976303924237694e-12
19.109	1.973905749632076e-12
19.117	1.9704507277922156e-12
19.125	1.9669991444576673e-12
19.133	1.963538798019094e-12
19.141	1.960094062056881e-12
19.148	1.9559300391887197e-12
19.156	1.952284137050045e-12
19.164	1.9490077108307397e-12
19.172	1.9457468846416742e-12
19.18	1.9424772423874524e-12
19.188	1.9397356855162592e-12
19.195	1.9366867772771568e-12
19.203	1.933439034900275e-12
19.211	1.9287297895589267e-12
19.219	1.9251223316015167e-12
19.227	1.921896811604312e-12
19.234	1.9185076202589573e-12
19.242	1.915288322337056e-12
19.25	1.912072334518875e-12
19.258	1.9093972039076314e-12
19.266	1.906200038080877e-12
19.273	1.9021282343658477e-12
19.281	1.8989371999350186e-12
19.289	1.8957494338768293e-12
19.297	1.8925771525833537e-12
19.305	1.8893958985711243e-12
19.312	1.886413234563242e-12
19.32	1.883250276374729e-12
19.328	1.880652909603285e-12
19.336	1.877496413316206e-12
19.344	1.8733037944339484e-12
19.352	1.8701659166504486e-12
19.359	1.8672241239251153e-12
19.367	1.864079991824842e-12
19.375	1.8609512717888885e-12
19.383	1.8578257229303613e-12
19.391	1.854715571260649e-12
19.398	1.8523622439140317e-12
19.406	1.8482546901134495e-12
19.414	1.8451535698240168e-12
19.422	1.8420555808585897e-12
19.43	1.8389607151675465e-12
19.438	1.835868964706509e-12
19.445	1.8329810777220857e-12
19.453	1.8298951393272356e-12
19.461	1.8268245359131193e-12
19.469	1.8233774262784395e-12
19.477	1.820325216331876e-12
19.484	1.8174503723331605e-12
19.492	1.8144039030755454e-12
19.5	1.8111644901720435e-12
19.508	1.8079280866552683e-12
19.516	1.8047069375891224e-12
19.523	1.8016733385804861e-12
19.531	1.7973295906505356e-12
19.539	1.7941168255152457e-12
19.547	1.7915449711978798e-12
19.555	1.7883382282764883e-12
19.562	1.7853292210443159e-12
19.57	1.7821402414109793e-12
19.578	1.7789664726335496e-12
19.586	1.7757833583309912e-12
19.594	1.7715223216987133e-12
19.602	1.768357148310175e-12
19.609	1.76356719927245e-12
19.617	1.7592500167849388e-12
19.625	1.7542936066883383e-12
19.633	1.7493499514236453e-12
19.641	1.7444066985490634e-12
19.648	1.7397274936896256e-12
19.656	1.7352056225325573e-12
19.664	1.729159364079962e-12
19.672	1.7251972431159596e-12
19.68	1.7212869031418768e-12
19.688	1.7183730481536307e-12
19.695	1.715785358870075e-12
19.703	1.7136347283705511e-12
19.711	1.7137948307798689e-12
19.719	1.7144849553165437e-12
19.727	1.7211014123001763e-12
19.734	1.7252471801832302e-12
19.742	1.7299518882524084e-12
19.75	1.736595062851878e-12
19.758	1.7464112466535008e-12
19.766	1.7583759426581714e-12
19.773	1.774554939382145e-12
19.781	1.7725289033594595e-12
19.789	1.7704817344566451e-12
19.797	1.7684607025620018e-12
19.805	1.7664539652850635e-12
19.812	1.7646160262367012e-12
19.82	1.7626021710622075e-12
19.828	1.7611565741180772e-12
19.836	1.7591591829382594e-12
19.844	1.7571524763952766e-12
19.852	1.755136466937805e-12
19.859	1.7533112555488324e-12
19.867	1.7513234249384807e-12
19.875	1.7493262836483276e-12
19.883	1.7473433391674012e-12
19.891	1.7453510867915647e-12
19.898	1.7435482472155111e-12
19.906	1.7421353753326694e-12
19.914	1.7401381672595377e-12
19.922	1.7381668342300168e-12
19.93	1.7361979155147337e-12
19.938	1.7342314070189603e-12
19.945	1.7324410134283342e-12
19.953	1.7304790468340704e-12
19.961	1.7285194786777659e-12
19.969	1.7265506194722126e-12
19.977	1.7251563894599746e-12
19.984	1.7233761976201369e-12
19.992	1.7214373280236005e-12
20	1.7194891656658588e-12
20.008	1.7175433783615304e-12
20.016	1.715599962094295e-12
20.023	1.7138300861769941e-12
20.031	1.7118911380283509e-12
20.039	1.709954549360181e-12
20.047	1.708601690762597e-12
20.055	1.706669539214551e-12
20.062	1.7049096870266989e-12
20.07	1.7227444782997e-12
20.078	1.7398738448675086e-12
20.086	1.7563095777836306e-12
20.094	1.7041899246505545e-12
20.102	1.719904828316208e-12
20.109	1.8216391229932637e-12
20.117	1.837563144737226e-12
20.125	1.7851854354234222e-12
20.133	1.8002855330185861e-12
20.141	1.882785100208373e-12
20.148	1.8975911118134434e-12
20.156	1.9118067776553922e-12
20.164	1.9258207716508297e-12
20.172	1.9546436256419603e-12
20.18	1.9003423099382787e-12
20.188	1.9804881613673453e-12
20.195	1.9932930872435038e-12
20.203	2.0056851442143576e-12
20.211	2.0179603986308204e-12
20.219	2.0299319699187684e-12
20.227	2.0416062130251636e-12
20.234	2.0649040398390044e-12
20.242	2.0749088366359446e-12
20.25	2.01815169689848e-12
20.258	2.0942210479667227e-12
20.266	2.1030843819033308e-12
20.273	2.0458571868368244e-12
20.281	2.0543294482066158e-12
20.289	2.128686101070952e-12
20.297	2.079192233784048e-12
20.305	2.086166318075802e-12
20.312	2.093029372772293e-12
20.32	2.0995534133003552e-12
20.328	2.1057672371719932e-12
20.336	2.111586077637946e-12
20.344	2.117191854537195e-12
20.352	2.1224109495622035e-12
20.359	2.1273691283703615e-12
20.367	2.1375060530604334e-12
20.375	2.1413985248784453e-12
20.383	2.1452697856643934e-12
20.391	2.1488609437370706e-12
20.398	2.152299587332856e-12
20.406	2.155081324628758e-12
20.414	2.1578488002506457e-12
20.422	2.1602606130485067e-12
20.43	2.165978554311046e-12
20.438	2.1678483616701962e-12
20.445	2.1698363659430305e-12
20.453	2.1714343860297057e-12
20.461	2.1728557840915277e-12
20.469	2.1741017181594805e-12
20.477	2.174837726486336e-12
20.484	2.175949114123112e-12
20.492	2.1786808223996118e-12
20.5	2.1791491114743154e-12
20.508	2.179613853061594e-12
20.516	2.179908928836379e-12
20.523	2.1803305911735796e-12
20.531	1.9867810290533433e-12
20.539	2.180244856728878e-12
20.547	2.1796212319799417e-12
20.555	2.1801517374578036e-12
20.562	2.1798205475275553e-12
20.57	2.1791945639835617e-12
20.578	2.1784862459333586e-12
20.586	2.177613867775584e-12
20.594	2.1766599399660452e-12
20.602	2.175542883292519e-12
20.609	1.9831917978939897e-12
20.617	2.1732772905788154e-12
20.625	1.9810111688340654e-12
20.633	1.9796541167006097e-12
20.641	1.9782092167882273e-12
20.648	1.976778872060425e-12
20.656	1.9752479688287255e-12
20.664	1.9735405408664607e-12
20.672	1.971746051402351e-12
20.68	1.969953711283188e-12
20.688	1.9674515107580486e-12
20.695	1.9654979753596908e-12
20.703	1.963356752003704e-12
20.711	2.149461526354097e-12
20.719	1.9589041380793173e-12
20.727	2.1446048834044797e-12
20.734	1.954383984971085e-12
20.742	1.951988987962635e-12
20.75	1.9483536169102006e-12
20.758	1.9456980292011168e-12
20.766	1.9429564797103057e-12
20.773	1.940493374445323e-12
20.781	1.9377571734530798e-12
20.789	1.9352900815461312e-12
20.797	1.9324707794315795e-12
20.805	1.929565586202272e-12
20.812	1.925339128202174e-12
20.82	1.9223505122053473e-12
20.828	1.9193647339098882e-12
20.836	1.9162929645013055e-12
20.844	1.9135792992567802e-12
20.852	1.910424358373055e-12
20.859	1.907543921695928e-12
20.867	1.904660713327658e-12
20.875	1.9000916884161825e-12
20.883	1.8972141010513285e-12
20.891	1.894250384286849e-12
20.898	1.891559374233706e-12
20.906	1.8883340577728306e-12
20.914	1.885378290398871e-12
20.922	1.8824252791533346e-12
20.93	1.87947501738891e-12
20.938	1.87465857966738e-12
20.945	1.8718033918173667e-12
20.953	1.868860901622569e-12
20.961	1.865832064168986e-12
20.969	1.862805927407643e-12
20.977	1.859871569224813e-12
20.984	1.7476527630226698e-12
20.992	1.853742033040429e-12
21	1.8505479835975364e-12
21.008	1.7369991941909068e-12
21.016	1.7340939706997192e-12
21.023	1.73136540483177e-12
21.031	1.7284647826710868e-12
21.039	1.725576108484223e-12
21.047	1.7226898892140145e-12
21.055	1.7197681500781076e-12
21.062	1.7170593435457892e-12
21.07	1.712603062969731e-12
21.078	1.7097545164886143e-12
21.086	1.7069083959195264e-12
21.094	1.7040646943809094e-12
21.102	1.701232915274672e-12
21.109	1.698564465600802e-12
21.117	1.695737167233089e-12
21.125	1.6929122638254582e-12
21.133	1.6885663557160675e-12
21.141	1.6857650365724068e-12
21.148	1.6831347884675043e-12
21.156	1.680347424638918e-12
21.164	1.677562427993843e-12
21.172	1.6747893251716173e-12
21.18	1.672018578988542e-12
21.188	1.6692501828210063e-12
21.195	1.665181374468304e-12
21.203	1.6624553101246102e-12
21.211	1.6597411336008429e-12
21.219	1.6570483924125772e-12
21.227	1.6543484328228987e-12
21.234	1.6518159214538727e-12
21.242	1.6491394025210264e-12
21.25	1.6464556448297538e-12
21.258	1.6423878549755471e-12
21.266	1.6397659282929186e-12
21.273	1.637271525869056e-12
21.281	1.6346347613678224e-12
21.289	1.6320098575004282e-12
21.297	1.6293872403722108e-12
21.305	1.6267669039785812e-12
21.312	1.6243204098712844e-12
21.32	1.6217234659738553e-12
21.328	1.61782597577673e-12
21.336	1.6152525949583104e-12
21.344	1.6127485657708336e-12
21.352	1.6101892851868648e-12
21.359	1.6078019644814694e-12
21.367	1.6052660552194572e-12
21.375	1.6027419744042402e-12
21.383	1.6002297186226283e-12
21.391	1.5965204749256162e-12
21.398	1.5941999715737183e-12
21.406	1.5917324112806406e-12
21.414	1.5893534653445809e-12
21.422	1.5869095410491253e-12
21.43	1.584477426745554e-12
21.438	1.5820475178894515e-12
21.445	1.5797767327093355e-12
21.453	1.576227082405497e-12
21.461	1.5738322538166942e-12
21.469	1.5714396107710095e-12
21.477	1.5690587580609856e-12
21.484	1.566931648498483e-12
21.492	1.4942897879939441e-12
21.5	1.4919909951793368e-12
21.508	1.4897143911475937e-12
21.516	1.4864935410820643e-12
21.523	1.4843690037013167e-12
21.531	1.4821184017135697e-12
21.539	1.4798698443834454e-12
21.547	1.4776333994684746e-12
21.555	1.4756306458700522e-12
21.562	1.473545016462139e-12
21.57	1.4713345600157399e-12
21.578	1.4682495389754788e-12
21.586	1.4660632643563367e-12
21.594	1.463879003310844e-12
21.602	1.4617169091723414e-12
21.609	1.459681830932961e-12
21.617	1.457503332329893e-12
21.625	1.4555687323097338e-12
21.633	1.4534043033517765e-12
21.641	1.4512418618861434e-12
21.648	1.4483784286332865e-12
21.656	1.4462398600357413e-12
21.664	1.4441133505303257e-12
21.672	1.4419988956036315e-12
21.68	1.4399065757249563e-12
21.688	1.4378263004823952e-12
21.695	1.4358803409072453e-12
21.703	1.4340558378249752e-12
21.711	1.431214648570129e-12
21.719	1.4291520302993804e-12
21.727	1.4270812617668812e-12
21.734	1.4251536510110366e-12
21.742	1.4230965961797161e-12
21.75	1.4210515550193148e-12
21.758	1.419018522455046e-12
21.766	1.4169874061262282e-12
21.773	1.414654339275786e-12
21.781	1.412647005649228e-12
21.789	1.4106516641769338e-12
21.797	1.4086683092849254e-12
21.805	1.4066868467448877e-12
21.812	1.4048360769837886e-12
21.82	1.4028682473501076e-12
21.828	1.4009022976452809e-12
21.836	1.398292510562871e-12
21.844	1.396633045688915e-12
21.852	1.3946929098555521e-12
21.859	1.3928820693651742e-12
21.867	1.3909555168507196e-12
21.875	1.338306935465274e-12
21.883	1.3364286230792295e-12
21.891	1.3345520923978844e-12
21.898	1.332275551346011e-12
21.906	1.3304233293258535e-12
21.914	1.32893930162905e-12
21.922	1.3270905872299783e-12
21.93	1.3252436341560283e-12
21.938	1.3234089046141662e-12
21.945	1.3217068408745471e-12
21.953	1.3198858670407928e-12
21.961	1.3180666378221791e-12
21.969	1.3157886812740541e-12
21.977	1.3139834319698503e-12
21.984	1.3126864872358013e-12
21.992	1.3108949222050303e-12
22.999999999999996	1.2451795841209833e-12
23.884192216218374	1.1764938819844584e-12
24.802375557446364	1.1127995336152444e-12
25.755856749255898	1.0537338199662097e-12
26.74599275185275	9.989603805921772e-13
27.774192691253674	9.481672981842092e-13
28.841919864703925	9.01065322299785e-13
29.950693823189393	8.573862221735666e-13
31.10209253400695	8.168812592285397e-13
32.297754626470976	7.793197705889597e-13
33.5393817239517	7.444878555286715e-13
34.82874086556454	7.121871573745337e-13
36.16766702095667	6.822337339282819e-13
37.55806570177006	6.544570099742346e-13
39.001915673497166	6.286988059077182e-13
40.501271771588996	6.048124369525469e-13
42.05826782582309	5.826618778378983e-13
43.67511969709354	5.621209881776752e-13
45.35412843094467	5.430727941411452e-13
47.097683532336404	5.254088223241931e-13
48.908266366302	5.090284820278005e-13
50.788453689337615	4.938384924260217e-13
52.74092131654978	4.797523513613596e-13
54.768447929779306	4.666898427425045e-13
56.87391903212161	4.5457657973921637e-13
59.060331054471	4.433435811729973e-13
61.330795619933774	4.329268786912274e-13
63.68854397217836	4.232671524877519e-13
66.13693157402543	4.1430939349545893e-13
68.67944288282197	4.06002590127147e-13
71.31969630939614	3.9829943778076563e-13
74.06144936764946	3.9115606945475947e-13
76.90860402211585	3.8453180593945216e-13
79.86521224109745	3.783889241618908e-13
82.93548176328036	3.7269244236494897e-13
86.12378208603748	3.6740992089734997e-13
89.43465068394016	3.6251127748017537e-13
92.87279946632931	3.5796861589785807e-13
96.44312148313534	3.5375606713811125e-13
100.1506978884915	3.498496420761341e-13
104.00080517204985	3.462270948641797e-13
107.99892266829202	3.4286779624853006e-13
112.15074035452133	3.397526160924605e-13
116.46216694863432	3.3686381443619775e-13
120.93933831819551	3.3418494047349405e-13
125.5886262127846	3.3170073886951964e-13
130.41664733204126	3.2939706288658507e-13
135.43027274231466	3.2726079382297164e-13
140.6366376553184	3.252797663060991e-13
146.04315158270782	3.2344269901459967e-13
151.65750888103088	3.2173913043478266e-13
157.4876997020603	3.2015935928564264e-13
163.54202136409086	3.1869438927315064e-13
169.82909016038425	3.1733587785922287e-13
176.3578536215695	3.160760887536201e-13
183.13760324944653	3.149078478582368e-13
190.17798774031823	3.138245024128951e-13
197.4890267166688	3.128198831099921e-13
205.0811249867306	3.1188826896225645e-13
212.96508735223387	3.1102435472354613e-13
221.15213398541286	3.102232206771595e-13
229.65391639715136	3.0948030461961433e-13
238.48253401899598	3.087913758803505e-13
247.65055142263208	3.0815251122940745e-13
257.1710162013312	3.0756007253587757e-13
267.0574775388176	3.0701068604990863e-13
277.32400549198	3.065012231902717e-13
287.9852110148718	3.060287827280866e-13
299.05626675249596	3.0559067426524637e-13
310.5529286339695	3.0518440291345647e-13
322.49155829579456	3.0480765508663943e-13
334.88914636715435	3.0445828532579854e-13
347.76333665036543	3.041343040813113e-13
361.1324512309038	3.0383386638307765e-13
375.0155165527398	3.03555261334002e-13
389.4322904960896	3.03296902366979e-13
404.4032904961216	3.0305731820989826e-13
419.9498227426337	3.0283514450721834e-13
436.0940125022565	3.026291160503956e-13
452.85883560634056	3.0243805957292443e-13
470.2681511493338	3.0226088706895764e-13
488.346735444188	3.020965895974595e-13
507.12031728311865	3.019442315366074e-13
526.6156145538981	3.0180294525572354e-13
546.8603722637943	3.016719261743939e-13
567.8834020252696	3.0155042818063906e-13
589.7146230596334	3.0143775938204406e-13
612.3851047770021	3.0133327816565076e-13
635.9271109931716	3.0123638954417657e-13
660.3741458463195	3.0114654176775113e-13
685.7610014788922	3.0106322318187617e-13
712.1238075525338	3.0098595931371624e-13
739.5000826665225	3.0091431017012665e-13
767.9287877528958	3.008478677320326e-13
797.4503815242498	3.007862536308904e-13
828.1068780531244	3.00729116993999e-13
859.9419065649275	3.0067613244639147e-13
893.0007735294796	3.006269982579284e-13
927.3305271395559	3.005814346250403e-13
962.9800242681854	3.0053918207733584e-13
999.999999999999	3.0050000000000003e-13