0.0078125	1.877669379203233e-6
0.015625	8.033181151110817e-7
0.023438	5.586407410327871e-7
0.03125	5.377851287687223e-7
0.039062	5.890157783731998e-7
0.046875	6.99984431678476e-7
0.054688	6.727552492963886e-7
0.0625	6.161112887986942e-7
0.070312	4.0698862785449723e-7
0.078125	3.1163748953322895e-7
0.085938	2.3615415749549455e-7
0.09375	1.919026015819868e-7
0.10156	1.9422341797017206e-7
0.10938	2.205257357993687e-7
0.11719	2.3886448452146193e-7
0.125	2.3413534484506585e-7
0.13281	2.2995228016161815e-7
0.14062	2.3898293755622997e-7
0.14844	2.4809583072836053e-7
0.15625	2.9187589808882113e-7
0.16406	3.6499561002688955e-7
0.17188	4.5202775298304977e-7
0.17969	5.266028685336845e-7
0.1875	5.893062407250912e-7
0.19531	6.358638432688388e-7
0.20312	6.272841821701598e-7
0.21094	5.895505248872808e-7
0.21875	5.436107337230232e-7
0.22656	5.008810071477911e-7
0.23438	4.5147267159601606e-7
0.24219	4.0733304536852997e-7
0.25	3.677386722177936e-7
0.25781	3.294291936867044e-7
0.26562	3.000363980484793e-7
0.27344	2.7339676723642894e-7
0.28125	2.5257408726493745e-7
0.28906	2.3549089315111445e-7
0.29688	2.189806174087869e-7
0.30469	2.0384830612322703e-7
0.3125	1.8825325410743804e-7
0.32031	1.7190717792813607e-7
0.32812	1.5930359717723736e-7
0.33594	1.480339937667723e-7
0.34375	1.3762030046337312e-7
0.35156	1.2797616967618554e-7
0.35938	1.21489759540944e-7
0.36719	1.1446849027082478e-7
0.375	1.0792120985093156e-7
0.38281	1.010406669749088e-7
0.39062	9.474584895399244e-8
0.39844	8.970422712863664e-8
0.40625	8.498170208410602e-8
0.41406	7.999968638070002e-8
0.42188	7.595347172906149e-8
0.42969	7.16834745088234e-8
0.4375	6.826120365220465e-8
0.44531	6.420209988288249e-8
0.45312	5.9575646122758146e-8
0.46094	5.5821494582384953e-8
0.46875	5.22834564394944e-8
0.47656	4.90873852972812e-8
0.48438	4.606542971218764e-8
0.49219	4.2997825772134455e-8
0.5	4.009810644816861e-8
0.50781	3.8276380481108944e-8
0.51562	3.501808197649356e-8
0.52344	3.2835987081374425e-8
0.53125	3.0766620193394144e-8
0.53906	2.8895178038383045e-8
0.54688	2.7116853695921767e-8
0.55469	2.561968039655099e-8
0.5625	2.4194342608970243e-8
0.57031	2.2730822357165203e-8
0.57812	2.1621830948996962e-8
0.58594	2.0510088131489204e-8
0.59375	1.9370084442597004e-8
0.60156	1.840321294000081e-8
0.60938	1.7478775423959083e-8
0.61719	1.6633441252913178e-8
0.625	1.5824707701163548e-8
0.63281	1.505052609141974e-8
0.64062	1.4164200795832594e-8
0.64844	1.3669002088800461e-8
0.65625	1.3005570707132235e-8
0.66406	1.2369272835513361e-8
0.67188	1.1758405822412739e-8
0.67969	1.11998310380739e-8
0.6875	1.0663470668211947e-8
0.69531	1.0114932959998568e-8
0.70312	9.58784111357121e-9
0.71094	9.025152181277182e-9
0.71875	8.705730270787043e-9
0.72656	8.283338823681906e-9
0.73438	7.876569805012797e-9
0.74219	7.48514510344285e-9
0.75	7.127385841301469e-9
0.75781	6.7826349298427265e-9
0.76562	6.450317065976597e-9
0.77344	6.070354464592793e-9
0.78125	5.7861007497301674e-9
0.78906	5.512000286776859e-9
0.79688	5.351835118611876e-9
0.80469	5.1134729672412574e-9
0.8125	4.883270872901233e-9
0.82031	4.660744856829679e-9
0.82812	4.456762481107481e-9
0.83594	4.214969690140183e-9
0.84375	4.029566333546702e-9
0.85156	3.859192476775002e-9
0.85938	3.6943344453039097e-9
0.86719	3.5914752193469602e-9
0.875	3.4471412114982077e-9
0.88281	3.307195403346593e-9
0.89062	3.171705934429074e-9
0.89844	3.004901192196172e-9
0.90625	2.8872079430498947e-9
0.91406	2.7730823228615868e-9
0.92188	2.6623367559229188e-9
0.92969	2.5487894599078623e-9
0.9375	2.479496215736626e-9
0.94531	2.3851098606239742e-9
0.95312	2.2882879499437678e-9
0.96094	2.171103500452067e-9
0.96875	2.091208746065894e-9
0.97656	2.0092034567013838e-9
0.98438	1.9295018843775818e-9
0.99219	1.8520877507212912e-9
1	1.7768620317962437e-9
1.0078	1.7297272865673695e-9
1.0156	1.6634741222084982e-9
1.0234	1.5990414146520302e-9
1.0312	1.5194168977479073e-9
1.0391	1.462775006957969e-9
1.0469	1.4079304191550986e-9
1.0547	1.35185816583031e-9
1.0625	1.297291529978329e-9
1.0703	1.2494781667144459e-9
1.0781	1.2194102290154113e-9
1.0859	1.1724540971931695e-9
1.0938	1.115129953055333e-9
1.1016	1.073974546564467e-9
1.1094	1.0338487085003891e-9
1.1172	9.94761905559829e-10
1.125	9.549454947542725e-10
1.1328	9.198641621128728e-10
1.1406	8.856543685120928e-10
1.1484	8.50796180063309e-10
1.1562	8.207556839557105e-10
1.1641	7.874263132297955e-10
1.1719	7.58053210046017e-10
1.1797	7.29384203621823e-10
1.1875	7.003172447978644e-10
1.1953	6.745679628682314e-10
1.2031	6.494344412657364e-10
1.2109	6.248761839551952e-10
1.2188	5.930077297024583e-10
1.2266	5.791131452619962e-10
1.2344	5.583197450431878e-10
1.2422	5.372197233657359e-10
1.25	5.165814616921574e-10
1.2578	4.964427142323179e-10
1.2656	4.786063682445272e-10
1.2734	4.6116805621282787e-10
1.2812	4.3880943533210394e-10
1.2891	4.217818254273099e-10
1.2969	4.1273412841930497e-10
1.3047	3.982347269345322e-10
1.3125	3.8404734237104744e-10
1.3203	3.701695023607186e-10
1.3281	3.579269777938506e-10
1.3359	3.4594536719752365e-10
1.3438	3.341684171499469e-10
1.3516	3.20629184327926e-10
1.3594	3.107403975436176e-10
1.3672	3.054424479628026e-10
1.375	2.9605594201131046e-10
1.3828	2.86863656901525e-10
1.3906	2.788257276655614e-10
1.3984	2.7095132354086957e-10
1.4062	2.632335193597993e-10
1.4141	2.556104298393792e-10
1.4219	2.491362724104929e-10
1.4297	2.427870645476376e-10
1.4375	2.3951726894290227e-10
1.4453	2.3463466642373603e-10
1.4531	2.298452508932141e-10
1.4609	2.2514382423823737e-10
1.4688	2.211320294600838e-10
1.4766	2.1729476686352078e-10
1.4844	2.1349055836166387e-10
1.4922	2.1030364863363043e-10
1.5	2.0717000327238567e-10
1.5078	2.0409150837732597e-10
1.5156	2.021526699090961e-10
1.5234	1.9918381189415462e-10
1.5312	1.9673296384587532e-10
1.5391	1.9448056536640665e-10
1.5469	1.925242347400576e-10
1.5547	1.9059727518492367e-10
1.5625	1.8910085330267624e-10
1.5703	1.8762384116301562e-10
1.5781	1.8616588920674647e-10
1.5859	1.8485839181524975e-10
1.5938	1.8340754528103364e-10
1.6016	1.828721397912005e-10
1.6094	1.8219106045614263e-10
1.6172	1.8151594549998667e-10
1.625	1.8084669377502535e-10
1.6328	1.8018070188741154e-10
1.6406	1.7951798887572993e-10
1.6484	1.7886100101222309e-10
1.6562	1.778360074874124e-10
1.6641	1.7715090517386135e-10
1.6719	1.77069319053556e-10
1.6797	1.763862980810918e-10
1.6875	1.7570994095425553e-10
1.6953	1.7503790594922914e-10
1.7031	1.7437235651969918e-10
1.7109	1.7371101917639088e-10
1.7188	1.7303373550493386e-10
1.7266	1.7188810676071137e-10
1.7344	1.7229491816163007e-10
1.7422	1.719545934888926e-10
1.75	1.7161322146094188e-10
1.7578	1.7127087533406942e-10
1.7656	1.7092569448747814e-10
1.7734	1.7058354149124014e-10
1.7812	1.7023868822327837e-10
1.7891	1.6987413842263429e-10
1.7969	1.6937188259398782e-10
1.8047	1.6898642813987454e-10
1.8125	1.6859986783847992e-10
1.8203	1.679863269038031e-10
1.8281	1.6737478312210583e-10
1.8359	1.6676867232051095e-10
1.8438	1.6614988227697966e-10
1.8516	1.6555121788837943e-10
1.8594	1.6526340513903084e-10
1.8672	1.6496422439959307e-10
1.875	1.6416160885677362e-10
1.8828	1.6384683062558235e-10
1.8906	1.6353125218550702e-10
1.8984	1.632149325021504e-10
1.9062	1.628979285898115e-10
1.9141	1.6256477854175986e-10
1.9219	1.6266350740255287e-10
1.9297	1.6232614249423864e-10
1.9375	1.6198877405192578e-10
1.9453	1.6105162583059106e-10
1.9531	1.6049890713494975e-10
1.9609	1.5995064981671697e-10
1.9688	1.596756806860666e-10
1.9766	1.5941646002534637e-10
1.9844	1.5915670600119964e-10
1.9922	1.594108810888356e-10
2	1.5912789464788953e-10
2.0078	1.5884501094442248e-10
2.0156	1.5781024718462063e-10
2.0234	1.5705356471399897e-10
2.0312	1.5630492062689748e-10
2.0391	1.5580639839074146e-10
2.0469	1.5532523115487415e-10
2.0547	1.552256785145672e-10
2.0625	1.5473589697407735e-10
2.0703	1.5424950150154923e-10
2.0781	1.5376533311626193e-10
2.0859	1.5294139292272852e-10
2.0938	1.5244127402433795e-10
2.1016	1.5195820875864956e-10
2.1094	1.514775282070614e-10
2.1172	1.5126439417520514e-10
2.125	1.5077811679327913e-10
2.1328	1.5029545058699452e-10
2.1406	1.4981532881129678e-10
2.1484	1.4933774006554668e-10
2.1562	1.484683233045138e-10
2.1641	1.4797662560820336e-10
2.1719	1.4750232591865722e-10
2.1797	1.4702677259737335e-10
2.1875	1.4637693408925185e-10
2.1953	1.4573153747376508e-10
2.2031	1.450924231275092e-10
2.2109	1.44457640951386e-10
2.2188	1.4381603209658831e-10
2.2266	1.431926264463738e-10
2.2344	1.423203988441837e-10
2.2422	1.41818750290187e-10
2.25	1.412002284765727e-10
2.2578	1.4058768555114166e-10
2.2656	1.3997929612988886e-10
2.2734	1.3937588682239445e-10
2.2812	1.387782522975979e-10
2.2891	1.3817254623310194e-10
2.2969	1.3758464918392608e-10
2.3047	1.367256542140296e-10
2.3125	1.3620655988995307e-10
2.3203	1.3562408339288595e-10
2.3281	1.3504634664874551e-10
2.3359	1.3447329378937392e-10
2.3438	1.338934437405804e-10
2.3516	1.3317537624859685e-10
2.3594	1.3246364992011392e-10
2.3672	1.317581871701347e-10
2.375	1.3063816577313762e-10
2.3828	1.2978428806474804e-10
2.3906	1.289387547570087e-10
2.3984	1.2810145747704807e-10
2.4062	1.2727228960566445e-10
2.4141	1.2644067041162517e-10
2.4219	1.2562754923773332e-10
2.4297	1.2482224650976536e-10
2.4375	1.2390809809841202e-10
2.4453	1.230065930106839e-10
2.4531	1.2222560074334347e-10
2.4609	1.2145202293468508e-10
2.4688	1.2067598934856618e-10
2.4766	1.1977331989812846e-10
2.4844	1.188794180785727e-10
2.4922	1.1799417193982825e-10
2.5	1.1702136150792524e-10
2.5078	1.1602921379006611e-10
2.5156	1.1509731807129636e-10
2.5234	1.1412856762775391e-10
2.5312	1.1317035269445604e-10
2.5391	1.1234500026837032e-10
2.5469	1.1153700375860102e-10
2.5547	1.1073663506120583e-10
2.5625	1.0962730466705753e-10
2.5703	1.0871779993019738e-10
2.5781	1.078167276550201e-10
2.5859	1.0692532339200396e-10
2.5938	1.0610745625691991e-10
2.6016	1.0523551689635699e-10
2.6094	1.0437222417897526e-10
2.6172	1.0351747108068133e-10
2.625	1.0267115220911632e-10
2.6328	1.016888125674647e-10
2.6406	1.0086284904818481e-10
2.6484	1.0004433253229731e-10
2.6562	9.923382079332322e-11
2.6641	9.851760697917533e-11
2.6719	9.77251357853764e-11
2.6797	9.693972352400398e-11
2.6875	9.616192377224716e-11
2.6953	9.528006053925149e-11
2.7031	9.452014856627873e-11
2.7109	9.37675572113914e-11
2.7188	9.301472527713291e-11
2.7266	9.22759617119624e-11
2.7344	9.165515160138612e-11
2.7422	9.093192708926302e-11
2.75	9.021559367559354e-11
2.7578	8.942175823398801e-11
2.7656	8.872172511871235e-11
2.7734	8.802832447983823e-11
2.7812	8.734086520910054e-11
2.7891	8.665367519409323e-11
2.7969	8.597917309251051e-11
2.8047	8.543367467125381e-11
2.8125	8.477256932824146e-11
2.8203	8.405613890370018e-11
2.8281	8.340993916902121e-11
2.8359	8.27691662931068e-11
2.8438	8.212857863237403e-11
2.8516	8.149972100548695e-11
2.8594	8.087668979441293e-11
2.8672	8.02588277915523e-11
2.875	7.977861862923585e-11
2.8828	7.91311774977664e-11
2.8906	7.853344524820552e-11
2.8984	7.794062024606551e-11
2.9062	7.735322836525681e-11
2.9141	7.676594046019163e-11
2.9219	7.618871063634498e-11
2.9297	7.56167385204352e-11
2.9375	7.504939213947739e-11
2.9453	7.446372260630117e-11
2.9531	7.40475281945384e-11
2.9609	7.34985012493177e-11
2.9688	7.294895516784101e-11
2.9766	7.240928411423195e-11
2.9844	7.195601034573771e-11
2.9922	7.15063942558145e-11
3	7.106095435855682e-11
3.0078	7.061909034446992e-11
3.0156	7.016804977278542e-11
3.0234	6.979436560448517e-11
3.0312	6.93644497615739e-11
3.0391	6.89339585910406e-11
3.0469	6.851087573974863e-11
3.0547	6.809113728628708e-11
3.0625	6.767524734354715e-11
3.0703	6.726262828436495e-11
3.0781	6.684683120785438e-11
3.0859	6.644121101288002e-11
3.0938	6.60975618984718e-11
3.1016	6.576553152161926e-11
3.1094	6.543599672646483e-11
3.1172	6.510893256605224e-11
3.125	6.478431440437414e-11
3.1328	6.446211791173278e-11
3.1406	6.420141439437046e-11
3.1484	6.388369700460816e-11
3.1562	6.363187188119033e-11
3.1641	6.337111545474162e-11
3.1719	6.312211886904336e-11
3.1797	6.287473871990027e-11
3.1875	6.26289604288533e-11
3.1953	6.23847695853308e-11
3.2031	6.219313636280246e-11
3.2109	6.195129371662253e-11
3.2188	6.170765432187061e-11
3.2266	6.146892563770183e-11
3.2344	6.12197528337983e-11
3.2422	6.09836545661929e-11
3.25	6.074953316113132e-11
3.2578	6.051689655368574e-11
3.2656	6.032829857440964e-11
3.2734	6.0097419612146e-11
3.2812	5.986846146064473e-11
3.2891	5.958121397675468e-11
3.2969	5.929962598674805e-11
3.3047	5.900498798032914e-11
3.3125	5.872743505048001e-11
3.3203	5.845183589194337e-11
3.3281	5.817817221014384e-11
3.3359	5.789166066784652e-11
3.3438	5.76184362747012e-11
3.3516	5.7350563710603926e-11
3.3594	5.7084554853795017e-11
3.3672	5.6820392455442554e-11
3.375	5.6558059465803976e-11
3.3828	5.6283176692471345e-11
3.3906	5.6024518158153535e-11
3.3984	5.575426697561022e-11
3.4062	5.549921128088231e-11
3.4141	5.524266548299729e-11
3.4219	5.4991108339523406e-11
3.4297	5.474126555619545e-11
3.4375	5.449312159052445e-11
3.4453	5.424666107575945e-11
3.4531	5.3988914370640005e-11
3.4609	5.3733350610330685e-11
3.4688	5.3488879848320286e-11
3.4766	5.3249136858638093e-11
3.4844	5.3011002095478055e-11
3.4922	5.2774461206686966e-11
3.5	5.253949999985713e-11
3.5078	5.226355196280942e-11
3.5156	5.198949839609981e-11
3.5234	5.165489690164676e-11
3.5312	5.1386010312637856e-11
3.5391	5.11568580422582e-11
3.5469	5.0932106994435395e-11
3.5547	5.070883382163899e-11
3.5625	5.048702559497477e-11
3.5703	5.026666952662213e-11
3.5781	5.0047752967991095e-11
3.5859	4.9820917604928796e-11
3.5938	4.959320395097932e-11
3.6016	4.937862814333187e-11
3.6094	4.9165441942435657e-11
3.6172	4.895363337523101e-11
3.625	4.874319059733309e-11
3.6328	4.853410189137608e-11
3.6406	4.832635566538202e-11
3.6484	4.811994045115422e-11
3.6562	4.790622648451603e-11
3.6641	4.76916626514683e-11
3.6719	4.7489260698677615e-11
3.6797	4.72881444985729e-11
3.6875	4.708830318389273e-11
3.6953	4.688972600194697e-11
3.7031	4.669240231317045e-11
3.7109	4.649632158969764e-11
3.7188	4.6291012041471493e-11
3.7266	4.609743504188942e-11
3.7344	4.590506974152793e-11
3.7422	4.57060327938338e-11
3.75	4.5516093439991735e-11
3.7578	4.532733561962925e-11
3.7656	4.5139749553258734e-11
3.7734	4.495332556236401e-11
3.7812	4.4760691679762455e-11
3.7891	4.457424062850201e-11
3.7969	4.439129034956844e-11
3.8047	4.420946411372772e-11
3.8125	4.402150954366464e-11
3.8203	4.384193346678765e-11
3.8281	4.366345396464386e-11
3.8359	4.348606212711495e-11
3.8438	4.3300708200787033e-11
3.8516	4.312550644865168e-11
3.8594	4.295136589171537e-11
3.8672	4.277827797705151e-11
3.875	4.260623423772794e-11
3.8828	4.2428573438192466e-11
3.8906	4.225861963653684e-11
3.8984	4.208968495530928e-11
3.9062	4.188197028245548e-11
3.9141	4.1679967582513e-11
3.9219	4.148134001856486e-11
3.9297	4.1283933306790246e-11
3.9375	4.108773756517608e-11
3.9453	4.089306681451129e-11
3.9531	4.072733531948908e-11
3.9609	4.053494666848297e-11
3.9688	4.0341695936000587e-11
3.9766	4.0148138433773703e-11
3.9844	3.995989602208918e-11
3.9922	3.9772474965509175e-11
4	3.958618571968888e-11
4.0078	3.940133486746811e-11
4.0156	3.9217595955771625e-11
4.0234	3.9063490495471846e-11
4.0312	3.888186120904131e-11
4.0391	3.869815602302422e-11
4.0469	3.851901764986856e-11
4.0547	3.834125606994825e-11
4.0625	3.816455144941413e-11
4.0703	3.7988587837169834e-11
4.0781	3.78139733194717e-11
4.0859	3.7640391161464814e-11
4.0938	3.746600287767577e-11
4.1016	3.73239441134049e-11
4.1094	3.715393963016629e-11
4.1172	3.6984630705991966e-11
4.125	3.681661428169019e-11
4.1328	3.6649579937898667e-11
4.1406	3.6511630139416e-11
4.1484	3.637445774658249e-11
4.1562	3.6238056929004444e-11
4.1641	3.610157462617605e-11
4.1719	3.596788386891228e-11
4.1797	3.583376528686824e-11
4.1875	3.570039546924346e-11
4.1953	3.55677688527363e-11
4.2031	3.543587992561831e-11
4.2109	3.530472322716161e-11
4.2188	3.5172625864544325e-11
4.2266	3.504378725757435e-11
4.2344	3.491480096177859e-11
4.2422	3.478766451153797e-11
4.25	3.4660090494895427e-11
4.2578	3.4533216956617606e-11
4.2656	3.4407038777862815e-11
4.2734	3.428155088646245e-11
4.2812	3.415674825641111e-11
4.2891	3.403103899033315e-11
4.2969	3.390843323654878e-11
4.3047	3.378566223800998e-11
4.3125	3.366438339271721e-11
4.3203	3.354293573697215e-11
4.3281	3.342214409970931e-11
4.3359	3.3302003764640165e-11
4.3438	3.318098226515459e-11
4.3516	3.306213875520759e-11
4.3594	3.294474147209885e-11
4.3672	3.2827165219643746e-11
4.375	3.2710217271418004e-11
4.3828	3.2594693404842305e-11
4.3906	3.247898585769862e-11
4.3984	3.236389334218895e-11
4.4062	3.2249411507173405e-11
4.4141	3.2155374010648594e-11
4.4219	3.206376156691766e-11
4.4297	3.1971797941240926e-11
4.4375	3.1880528183232576e-11
4.4453	3.1789429328153814e-11
4.4531	3.167816284461229e-11
4.4609	3.156747950769756e-11
4.4688	3.145596739847157e-11
4.4766	3.134644553283765e-11
4.4844	3.123749466492428e-11
4.4922	3.112911083238485e-11
4.5	3.102129010718335e-11
4.5078	3.091402859523839e-11
4.5156	3.080732243607162e-11
4.5234	3.070116780246039e-11
4.5312	3.05955609000945e-11
4.5391	3.0489154521968265e-11
4.5469	3.038463873120115e-11
4.5547	3.0280659435654286e-11
4.5625	3.0177212969720116e-11
4.5703	3.0074295699044265e-11
4.5781	2.9971904020206376e-11
4.5859	2.98700343604047e-11
4.5938	2.97673871538448e-11
4.6016	2.966655751405806e-11
4.6094	2.956623931105563e-11
4.6172	2.946642909180496e-11
4.625	2.936712343236641e-11
4.6328	2.926831893759958e-11
4.6406	2.917001224087308e-11
4.6484	2.9072200003777882e-11
4.6562	2.8974878915843672e-11
4.6641	2.8876807395932747e-11
4.6719	2.8780464977211077e-11
4.6797	2.8684603899873955e-11
4.6875	2.8589220962780176e-11
4.6953	2.849431299135568e-11
4.7031	2.839987683732941e-11
4.7109	2.8305909378472222e-11
4.7188	2.8211211786009313e-11
4.7266	2.8118178363699428e-11
4.7344	2.8025604384673175e-11
4.7422	2.7933486828637165e-11
4.75	2.7841822700075916e-11
4.7578	2.7750609028008168e-11
4.7656	2.765984286574623e-11
4.7734	2.756952129065803e-11
4.7812	2.7479641403931707e-11
4.7891	2.738905648643237e-11
4.7969	2.7300056944947798e-11
4.8047	2.7211490499882072e-11
4.8125	2.7123354345697166e-11
4.8203	2.7035645699535636e-11
4.8281	2.6948361801001e-11
4.8359	2.6861499911940547e-11
4.8438	2.6773951788300753e-11
4.8516	2.6687931115249244e-11
4.8594	2.6602324334414828e-11
4.8672	2.655159909471366e-11
4.875	2.6466701949704268e-11
4.8828	2.6399319868486948e-11
4.8906	2.6314965556607864e-11
4.8984	2.624800322825323e-11
4.9062	2.618153417190909e-11
4.9141	2.6114280780017397e-11
4.9219	2.6048161652565194e-11
4.9297	2.5982528456014302e-11
4.9375	2.5932784749924915e-11
4.9453	2.5867430719884346e-11
4.9531	2.580255564971183e-11
4.9609	2.5736303411903344e-11
4.9688	2.5670733149921258e-11
4.9766	2.560646805620464e-11
4.9844	2.5542672538604152e-11
4.9922	2.547893733018614e-11
5	2.5429396812008075e-11
5.0078	2.5366134105186144e-11
5.0156	2.5303131703668515e-11
5.0234	2.5240388117930467e-11
5.0312	2.5175316573085234e-11
5.0391	2.511209907857077e-11
5.0469	2.5049939263533485e-11
5.0547	2.498823047159142e-11
5.0625	2.4939310176498444e-11
5.0703	2.487786145459615e-11
5.0781	2.481666302384339e-11
5.0859	2.4755713467003476e-11
5.0938	2.4694234745740305e-11
5.1016	2.463051319803308e-11
5.1094	2.4570316944163416e-11
5.1172	2.4510363918071054e-11
5.125	2.446187131006142e-11
5.1328	2.4402170393319018e-11
5.1406	2.4342898941674118e-11
5.1484	2.4283865514457305e-11
5.1562	2.422488142648371e-11
5.1641	2.4165384822557248e-11
5.1719	2.4107061874531886e-11
5.1797	2.404470879992794e-11
5.1875	2.3996836622045702e-11
5.1953	2.3939003488455793e-11
5.2031	2.388140067428381e-11
5.2109	2.3824026904788868e-11
5.2188	2.376597010512188e-11
5.2266	2.3709054174028563e-11
5.2344	2.3652363498009763e-11
5.2422	2.3595896838048164e-11
5.25	2.3534988200199375e-11
5.2578	2.3487741761485465e-11
5.2656	2.3431747136235853e-11
5.2734	2.337615045536492e-11
5.2812	2.332059495405176e-11
5.2891	2.3264554004780026e-11
5.2969	2.320943622592046e-11
5.3047	2.3154709111515294e-11
5.3125	2.3100020930570946e-11
5.3203	2.3048152175490254e-11
5.3281	2.2993707320445708e-11
5.3359	2.2953961772095865e-11
5.3438	2.2913459894229503e-11
5.3516	2.2873919344184807e-11
5.3594	2.2834649815961057e-11
5.3672	2.2795309768455288e-11
5.375	2.274204659469005e-11
5.3828	2.269555652157616e-11
5.3906	2.263613576186484e-11
5.3984	2.258348590665911e-11
5.4062	2.253087162004242e-11
5.4141	2.2477795404696628e-11
5.4219	2.2439322774815422e-11
5.4297	2.23874326222481e-11
5.4375	2.233557635017063e-11
5.4453	2.2289648722814858e-11
5.4531	2.2238168386952084e-11
5.4609	2.2180054418356576e-11
5.4688	2.2141466279491737e-11
5.4766	2.2103786387652386e-11
5.4844	2.205302113219298e-11
5.4922	2.201558477849019e-11
5.5	2.1965159013567497e-11
5.5078	2.1932573934895718e-11
5.5156	2.189545476600315e-11
5.5234	2.1858429510054905e-11
5.5312	2.182149791118019e-11
5.5391	2.176321275210195e-11
5.5469	2.1726395430658925e-11
5.5547	2.168982712596582e-11
5.5625	2.16531962372778e-11
5.5703	2.1604168603266162e-11
5.5781	2.157115224241098e-11
5.5859	2.153483526671555e-11
5.5938	2.1497841790817738e-11
5.6016	2.1461863041363595e-11
5.6094	2.1417201471615797e-11
5.6172	2.1381286684521322e-11
5.625	2.1345462822642897e-11
5.6328	2.1309729628832263e-11
5.6406	2.1288234278247926e-11
5.6484	2.125262722805106e-11
5.6562	2.1217110372492252e-11
5.6641	2.1180935532567854e-11
5.6719	2.1145600567168445e-11
5.6797	2.1100714581557574e-11
5.6875	2.1065594970926212e-11
5.6953	2.1030564060577816e-11
5.7031	2.1008039487967165e-11
5.7109	2.0972994251641638e-11
5.7188	2.0937449303312165e-11
5.7266	2.090258403637855e-11
5.7344	2.0867949689363172e-11
5.7422	2.0833402753213137e-11
5.75	2.07884986901473e-11
5.7578	2.0754024460234038e-11
5.7656	2.0730704002362226e-11
5.7734	2.069636308115002e-11
5.7812	2.066210935715825e-11
5.7891	2.0627229928767026e-11
5.7969	2.0593151954061023e-11
5.8047	2.0559297832731414e-11
5.8125	2.0525528840891738e-11
5.8203	2.0480381980194993e-11
5.8281	2.0456478247897253e-11
5.8359	2.0422698838712815e-11
5.8438	2.0388307734300045e-11
5.8516	2.03548367641299e-11
5.8594	2.0321450369451016e-11
5.8672	2.028814829600981e-11
5.875	2.0254930290132298e-11
5.8828	2.022179609872762e-11
5.8906	2.0197190324695673e-11
5.8984	2.0152227432602028e-11
5.9062	2.0119094038843068e-11
5.9141	2.0085627159774243e-11
5.9219	2.0052793943493853e-11
5.9297	2.0020043900557447e-11
5.9375	1.998750592067814e-11
5.9453	1.995492099150754e-11
5.9531	1.9922546686779677e-11
5.9609	1.989740636071836e-11
5.9688	1.9851902088283966e-11
5.9766	1.9819538657092217e-11
5.9844	1.978738384470289e-11
5.9922	1.975531007934438e-11
6	1.9723317111404865e-11
6.0078	1.9691404691950025e-11
6.0156	1.9659572572724574e-11
6.0234	1.9633903822743627e-11
6.0312	1.960220993654373e-11
6.0391	1.955687918033532e-11
6.0469	1.9525269696099145e-11
6.0547	1.9493740018296184e-11
6.0625	1.946241192194399e-11
6.0703	1.9431040678318576e-11
6.0781	1.9399869662287525e-11
6.0859	1.9373846999853697e-11
6.0938	1.9342058736794448e-11
6.1016	1.9310985543446808e-11
6.1094	1.926648907237043e-11
6.1172	1.923561911775138e-11
6.125	1.9196160242652814e-11
6.1328	1.9156835062753663e-11
6.1406	1.9126256812131315e-11
6.1484	1.9091522295210468e-11
6.1562	1.9060994153646122e-11
6.1641	1.9021515870195208e-11
6.1719	1.8982671195843317e-11
6.1797	1.8938847452479962e-11
6.1875	1.8900279383879378e-11
6.1953	1.8861956422428096e-11
6.2031	1.8823646705426794e-11
6.2109	1.87892523059936e-11
6.2188	1.875058452400747e-11
6.2266	1.8712649060199882e-11
6.2344	1.8674954010690707e-11
6.2422	1.8637271021391186e-11
6.25	1.859971356195323e-11
6.2578	1.8556757821098364e-11
6.2656	1.8519466067131187e-11
6.2734	1.848229804283126e-11
6.2812	1.8448493254612048e-11
6.2891	1.841086451906874e-11
6.2969	1.8374056961511686e-11
6.3047	1.833726017458369e-11
6.3125	1.8300695383148607e-11
6.3203	1.8264250978033422e-11
6.3281	1.8222108523939194e-11
6.3359	1.818592031828038e-11
6.3438	1.8151897810612055e-11
6.3516	1.811583177043287e-11
6.3594	1.8079883985262574e-11
6.3672	1.8044053916738062e-11
6.375	1.8008341029625347e-11
6.3828	1.797285233671189e-11
6.3906	1.7937371906723343e-11
6.3984	1.7896018491209632e-11
6.4062	1.7863132161939952e-11
6.4141	1.7827451550530128e-11
6.4219	1.7792336580253476e-11
6.4297	1.7757441401491085e-11
6.4375	1.7722553779137706e-11
6.4453	1.7687884315600154e-11
6.4531	1.7653222000156283e-11
6.4609	1.7618776227463796e-11
6.4688	1.7579729500447096e-11
6.4766	1.7545414865429624e-11
6.4844	1.7511210723520565e-11
6.4922	1.7477116580846846e-11
6.5	1.7443131946353174e-11
6.5078	1.7409256331782468e-11
6.5156	1.737548925165649e-11
6.5234	1.7341830223256656e-11
6.5312	1.730990852885399e-11
6.5391	1.7269633066268712e-11
6.5469	1.7236208897094466e-11
6.5547	1.7202992415809155e-11
6.5625	1.7169780811577175e-11
6.5703	1.7136775385036323e-11
6.5781	1.7103774471701042e-11
6.5859	1.707097824093453e-11
6.5938	1.7037669375287497e-11
6.6016	1.700627400332893e-11
6.6094	1.6967347217428057e-11
6.6172	1.6934881111486993e-11
6.625	1.6902517451431086e-11
6.6328	1.6870255788633706e-11
6.6406	1.6838095676975556e-11
6.6484	1.6806036672827683e-11
6.6562	1.6774078335034552e-11
6.6641	1.6742592179711653e-11
6.6719	1.671083297256061e-11
6.6797	1.6679173125856963e-11
6.6875	1.6641059243946556e-11
6.6953	1.660961496052256e-11
6.7031	1.657817282608538e-11
6.7109	1.6546924389171584e-11
6.7188	1.6508035345999213e-11
6.7266	1.64704389121705e-11
6.7344	1.64323078166629e-11
6.7422	1.6394308985313344e-11
6.75	1.6356441807120868e-11
6.7578	1.6319365505650794e-11
6.7656	1.6288809951363988e-11
6.7734	1.6258348736090556e-11
6.7812	1.622788796651061e-11
6.7891	1.6197696692401617e-11
6.7969	1.6167423268783118e-11
6.8047	1.6137335807155883e-11
6.8125	1.6107340683370583e-11
6.8203	1.607051960067977e-11
6.8281	1.6034192819692093e-11
6.8359	1.6004416961144516e-11
6.8438	1.5974356949484454e-11
6.8516	1.5945038017095098e-11
6.8594	1.5915534811697257e-11
6.8672	1.5886121585231957e-11
6.875	1.5856797956995956e-11
6.8828	1.5820878580704342e-11
6.8906	1.578508111507282e-11
6.8984	1.5749584904579705e-11
6.9062	1.5720668871819214e-11
6.9141	1.568476475330222e-11
6.9219	1.5656131711084844e-11
6.9297	1.5627495889663125e-11
6.9375	1.5592374896947673e-11
6.9453	1.5557372166893228e-11
6.9531	1.5522487169128485e-11
6.9609	1.5487719376252014e-11
6.9688	1.5452712800870586e-11
6.9766	1.5424589383078967e-11
6.9844	1.539024464052423e-11
6.9922	1.535592727203312e-11
7	1.5321724557676172e-11
7.0078	1.52938996294393e-11
7.0156	1.5266244687056232e-11
7.0234	1.5232354950786962e-11
7.0312	1.519857793779144e-11
7.0391	1.5164482275287267e-11
7.0469	1.5130930642701365e-11
7.0547	1.5097490237254328e-11
7.0625	1.5064160567849576e-11
7.0703	1.5030941146097902e-11
7.0781	1.499783148629966e-11
7.0859	1.4964831105426944e-11
7.0938	1.4931518540437278e-11
7.1016	1.4898736664569143e-11
7.1094	1.486606262832361e-11
7.1172	1.483349595921824e-11
7.125	1.4801036187355436e-11
7.1328	1.476868284540542e-11
7.1406	1.4736435468589473e-11
7.1484	1.4704293594663213e-11
7.1562	1.4672256763900013e-11
7.1641	1.4639915808354738e-11
7.1719	1.4608089026800614e-11
7.1797	1.45763659183902e-11
7.1875	1.4544746033336193e-11
7.1953	1.4513228924287897e-11
7.2031	1.4481814146315397e-11
7.2109	1.4450501256893892e-11
7.2188	1.4418890325946731e-11
7.2266	1.438778118777188e-11
7.2344	1.4356772619282048e-11
7.2422	1.4325864187448063e-11
7.25	1.4295055461568905e-11
7.2578	1.4264346013256693e-11
7.2656	1.4233735416421786e-11
7.2734	1.4203223247258022e-11
7.2812	1.4172809084228028e-11
7.2891	1.4142104465752746e-11
7.2969	1.4111886302449563e-11
7.3047	1.4081764888832001e-11
7.3125	1.4051739812321659e-11
7.3203	1.4021810662537008e-11
7.3281	1.3991977031279402e-11
7.3359	1.396223851251917e-11
7.3438	1.3932215266671575e-11
7.3516	1.3902666969887666e-11
7.3594	1.3873212575278826e-11
7.3672	1.3843851685381112e-11
7.375	1.3814583904831315e-11
7.3828	1.3785408840353632e-11
7.3906	1.3756326100746477e-11
7.3984	1.3727335296869379e-11
7.4062	1.3698436041629917e-11
7.4141	1.3669259205665716e-11
7.4219	1.3640543055927199e-11
7.4297	1.3611917300836884e-11
7.4375	1.3583381561391935e-11
7.4453	1.3554935460573763e-11
7.4531	1.3526578623335581e-11
7.4609	1.3498310676590051e-11
7.4688	1.3469770547582981e-11
7.4766	1.344168039807862e-11
7.4844	1.3413678026742915e-11
7.4922	1.3385763068228857e-11
7.5	1.335793515908828e-11
7.5078	1.3330193937759974e-11
7.5156	1.3302539044557994e-11
7.5234	1.327497012165997e-11
7.5312	1.3247486813095527e-11
7.5391	1.3219738059714664e-11
7.5469	1.3192426005540477e-11
7.5547	1.3165198504304726e-11
7.5625	1.3138055207354086e-11
7.5703	1.3110995767830476e-11
7.5781	1.3084019840659949e-11
7.5859	1.3057127082541735e-11
7.5938	1.3029973971148844e-11
7.6016	1.3003247583607487e-11
7.6094	1.297660334142351e-11
7.6172	1.2950040908302396e-11
7.625	1.292355994966885e-11
7.6328	1.2897160132656192e-11
7.6406	1.2870841126095927e-11
7.6484	1.2844602600507382e-11
7.6562	1.281844422808737e-11
7.6641	1.27920318592314e-11
7.6719	1.2766033833561743e-11
7.6797	1.2740114983485736e-11
7.6875	1.2714274987829414e-11
7.6953	1.26885135270457e-11
7.7031	1.2662830283204526e-11
7.7109	1.2637224939983048e-11
7.7188	1.261137040607174e-11
7.7266	1.2585920910151493e-11
7.7344	1.2560548371444397e-11
7.7422	1.2535252479979756e-11
7.75	1.2510032927345943e-11
7.7578	1.248488940668098e-11
7.7656	1.2459821612663242e-11
7.7734	1.2434829241502157e-11
7.7812	1.2409911990929015e-11
7.7891	1.2384751551944052e-11
7.7969	1.2359984595238156e-11
7.8047	1.2335291857546402e-11
7.8125	1.2315708655024216e-11
7.8203	1.2296107189306239e-11
7.8281	1.2276557363225456e-11
7.8359	1.2257058987449302e-11
7.8438	1.2237299842786096e-11
7.8516	1.2217904607208793e-11
7.8594	1.219856025635455e-11
7.8672	1.217933536625177e-11
7.875	1.2160092064678675e-11
7.8828	1.2145551775405068e-11
7.8906	1.2126397901060585e-11
7.8984	1.2107294028393732e-11
7.9062	1.2087968281050228e-11
7.9141	1.2068659513878592e-11
7.9219	1.2049705979714754e-11
7.9297	1.2030801720701657e-11
7.9375	1.2011946558541422e-11
7.9453	1.1997502568230166e-11
7.9531	1.1978734787421136e-11
7.9609	1.19599488236236e-11
7.9688	1.1940978527506133e-11
7.9766	1.1921891651127188e-11
7.9844	1.1903252916184549e-11
7.9922	1.1884728550412742e-11
8	1.186618590519144e-11
8.0078	1.1851839025093811e-11
8.0156	1.1833382256669936e-11
8.0234	1.1815038561573925e-11
8.0312	1.1796676574097257e-11
8.0391	1.1778133988658059e-11
8.0469	1.1759216196122667e-11
8.0547	1.174099743522721e-11
8.0625	1.1722890140050691e-11
8.0703	1.1708576091994802e-11
8.0781	1.1690487959764238e-11
8.0859	1.1672446060352497e-11
8.0938	1.1654162246501323e-11
8.1016	1.1636213040648597e-11
8.1094	1.1618309574134939e-11
8.1172	1.1600451684800383e-11
8.125	1.158181296712955e-11
8.1328	1.1567661642140477e-11
8.1406	1.1549869859694793e-11
8.1484	1.1532186426931327e-11
8.1562	1.1514547791589472e-11
8.1641	1.1496609338398808e-11
8.1719	1.1479060667079503e-11
8.1797	1.1461556318757964e-11
8.1875	1.144409613767744e-11
8.1953	1.142568408203925e-11
8.2031	1.1411605060885047e-11
8.2109	1.139420927380557e-11
8.2188	1.1381276499451924e-11
8.2266	1.1368703320462225e-11
8.2344	1.1356088784579023e-11
8.2422	1.134355591853411e-11
8.25	1.132633606427645e-11
8.2578	1.1309220434759444e-11
8.2656	1.1298536746179427e-11
8.2734	1.1286043264625134e-11
8.2812	1.1273569939533767e-11
8.2891	1.1260845032081035e-11
8.2969	1.1248412480722757e-11
8.3047	1.1231437049546526e-11
8.3125	1.1219056672261381e-11
8.3203	1.120675598016731e-11
8.3281	1.1201621595348031e-11
8.3359	1.1187737822451244e-11
8.3438	1.1175154157012543e-11
8.3516	1.1162858790783593e-11
8.3594	1.1150524355004836e-11
8.3672	1.1138268810203569e-11
8.375	1.1126033050386863e-11
8.3828	1.1113875499774334e-11
8.3906	1.1108381865624677e-11
8.3984	1.1096187586482078e-11
8.4062	1.1082216016048823e-11
8.4141	1.1069744889463784e-11
8.4219	1.1057615036575539e-11
8.4297	1.1045504790518098e-11
8.4375	1.1033414119052664e-11
8.4453	1.1021342989924159e-11
8.4531	1.1015567560383937e-11
8.4609	1.100346225917084e-11
8.4688	1.0991173929640191e-11
8.4766	1.0979165167686479e-11
8.4844	1.0969715842056644e-11
8.4922	1.0962354364014786e-11
8.5	1.095504266438036e-11
8.5078	1.0947724430962504e-11
8.5156	1.0950767037843043e-11
8.5234	1.0938793926290535e-11
8.5312	1.0926784923638843e-11
8.5391	1.0914595347918192e-11
8.5469	1.0902736535457807e-11
8.5547	1.0888366548949028e-11
8.5625	1.087649759835831e-11
8.5703	1.0864647988732517e-11
8.5781	1.0852817686184755e-11
8.5859	1.084628750385933e-11
8.5938	1.0834230153705695e-11
8.6016	1.0822444705013728e-11
8.6094	1.0810516431546825e-11
8.6172	1.0799039182421496e-11
8.625	1.0784354886826012e-11
8.6328	1.07729213980504e-11
8.6406	1.0765248645081986e-11
8.6484	1.0767696980560356e-11
8.6562	1.0755740543282184e-11
8.6641	1.07440864537877e-11
8.6719	1.0732170052776073e-11
8.6797	1.0720801268851155e-11
8.6875	1.0708924255719289e-11
8.6953	1.069444409522437e-11
8.7031	1.0682614118521264e-11
8.7109	1.0684371788441913e-11
8.7188	1.0672823984833003e-11
8.7266	1.0665170516415719e-11
8.7344	1.0658032356385547e-11
8.7422	1.0650889427881727e-11
8.75	1.064322763175256e-11
8.7578	1.0636076961374569e-11
8.7656	1.0625853871772965e-11
8.7734	1.062685889259045e-11
8.7812	1.0619172388184447e-11
8.7891	1.0611749841227276e-11
8.7969	1.0604565138728838e-11
8.8047	1.059737652030762e-11
8.8125	1.0590184082104508e-11
8.8203	1.0582487056241126e-11
8.8281	1.057528869146897e-11
8.8359	1.0576052179481439e-11
8.8438	1.056461463009843e-11
8.8516	1.0557395011363895e-11
8.8594	1.055017217254789e-11
8.8672	1.0542946203630653e-11
8.875	1.0535226372823909e-11
8.8828	1.052799579615404e-11
8.8906	1.0520762348688063e-11
8.8984	1.0513526117226976e-11
8.9062	1.0522290680973709e-11
8.9141	1.0520082333579583e-11
8.9219	1.052192580213819e-11
8.9297	1.0518912534213938e-11
8.9375	1.0511567392708566e-11
8.9453	1.0504220369373073e-11
8.9531	1.0496871543421476e-11
8.9609	1.048952099334671e-11
8.9688	1.0488082397825894e-11
8.9766	1.0480711964878741e-11
8.9844	1.0469108170234524e-11
8.9922	1.0461746659685508e-11
9	1.0454383827450566e-11
9.0078	1.0447019747711612e-11
9.0156	1.0439654493974013e-11
9.0234	1.0432288139072585e-11
9.0312	1.0430932687353727e-11
9.0391	1.0423317231332495e-11
9.0469	1.0415931948445216e-11
9.0547	1.0403959641731106e-11
9.0625	1.039658545147013e-11
9.0703	1.0389210597797752e-11
9.0781	1.0381835148935512e-11
9.0859	1.0374459172480872e-11
9.0938	1.037273561055202e-11
9.1016	1.0365343179644779e-11
9.1094	1.0357950483261418e-11
9.1172	1.0350557586213438e-11
9.125	1.0338242325694537e-11
9.1328	1.033086250694257e-11
9.1406	1.0323482625739864e-11
9.1484	1.0316102744832866e-11
9.1562	1.0314034876036528e-11
9.1641	1.0306415980745757e-11
9.1719	1.0299022613220872e-11
9.1797	1.0292068525014106e-11
9.1875	1.0284674644569076e-11
9.1953	1.0277281188315649e-11
9.2031	1.0264661364868403e-11
9.2109	1.0257282864578119e-11
9.2188	1.0249682539497223e-11
9.2266	1.0247490634211957e-11
9.2344	1.0240100513355304e-11
9.2422	1.0232711159072125e-11
9.25	1.0225322626691326e-11
9.2578	1.021793497102941e-11
9.2656	1.0210548246394886e-11
9.2734	1.0198059223925991e-11
9.2812	1.01906879746062e-11
9.2891	1.0191557642075655e-11
9.2969	1.0184166624931277e-11
9.3047	1.0176776836509469e-11
9.3125	1.0173162767561685e-11
9.3203	1.0169528869125286e-11
9.3281	1.0166292121880122e-11
9.3359	1.0162617874452075e-11
9.3438	1.0153319538858934e-11
9.3516	1.0157472683803411e-11
9.3594	1.0154145805734466e-11
9.3672	1.01503872611225e-11
9.375	1.0147019483378405e-11
9.3828	1.014322285081565e-11
9.3906	1.0139814912112565e-11
9.3984	1.0135980901961119e-11
9.4062	1.0132533528984024e-11
9.4141	1.0130060598992085e-11
9.4219	1.0126167962526847e-11
9.4297	1.0122658862811966e-11
9.4375	1.0118730611388032e-11
9.4453	1.0115183880488341e-11
9.4531	1.0111618005100665e-11
9.4609	1.0107637007932608e-11
9.4688	1.0103821114882798e-11
9.4766	1.0106893178675926e-11
9.4844	1.0096953624232038e-11
9.4922	1.0092903356545031e-11
9.5	1.0089227641545276e-11
9.5078	1.0085533974957879e-11
9.5156	1.008143439432321e-11
9.5234	1.0077706447142779e-11
9.5312	1.0073961036389932e-11
9.5391	1.0069987189721597e-11
9.5469	1.0072344116275358e-11
9.5547	1.006202845253993e-11
9.5625	1.0057834682944328e-11
9.5703	1.005400680057418e-11
9.5781	1.0050162396021116e-11
9.5859	1.0046301623446862e-11
9.5938	1.0042215284484873e-11
9.6016	1.003832248459373e-11
9.6094	1.0040036447484308e-11
9.6172	1.0036095948756098e-11
9.625	1.003213990437328e-11
9.6328	1.0021478306560137e-11
9.6406	1.0017510587665765e-11
9.6484	1.0013527676754492e-11
9.6562	1.000952971736527e-11
9.6641	1.0005309787297784e-11
9.6719	1.00064129618044e-11
9.6797	1.0002356510861e-11
9.6875	9.998285636357582e-12
9.6953	9.994200475865208e-12
9.7031	9.983215563972603e-12
9.7109	9.979121514398616e-12
9.7188	9.974808231265355e-12
9.7266	9.970686640676797e-12
9.7344	9.97156885693243e-12
9.7422	9.967406042928897e-12
9.75	9.96322985482109e-12
9.7578	9.95904042188555e-12
9.7656	9.958734853499717e-12
9.7734	9.950975687478812e-12
9.7812	9.950621642590656e-12
9.7891	9.949677572259357e-12
9.7969	9.957301302465586e-12
9.8047	9.956468690733067e-12
9.8125	9.955951183138341e-12
9.8203	9.955399301782e-12
9.8281	9.954813319740442e-12
9.8359	9.951438402983489e-12
9.8438	9.943034596214727e-12
9.8516	9.939981811745263e-12
9.8594	9.93656842560716e-12
9.8672	9.940631056833194e-12
9.875	9.937502595488023e-12
9.8828	9.934355770197822e-12
9.8906	9.930853167620837e-12
9.8984	9.927671043191898e-12
9.9062	9.924471022031315e-12
9.9141	9.915696175037767e-12
9.9219	9.912142171516779e-12
9.9297	9.915896681975146e-12
9.9375	9.912623094879818e-12
9.9453	9.90900145451878e-12
9.9531	9.905694704286722e-12
9.9609	9.90237112737334e-12
9.9688	9.898832270953578e-12
9.9766	9.895475701396937e-12
9.9844	9.892102741044702e-12
9.9922	9.889364384545083e-12
10	9.885957265970499e-12
10.008	9.882139208767886e-12
10.016	9.878306247614452e-12
10.023	9.876428979011997e-12
10.031	9.87256428217815e-12
10.039	9.86868509399733e-12
10.047	9.864791549605322e-12
10.055	9.86692920874665e-12
10.062	9.858921269886525e-12
10.07	9.854983118780376e-12
10.078	9.851031142510024e-12
10.086	9.847065471047743e-12
10.094	9.843400182361887e-12
10.102	9.83940664009444e-12
10.109	9.837345756389887e-12
10.117	9.838927311878929e-12
10.125	9.834876498035532e-12
10.133	9.824929903104892e-12
10.141	9.820869590729531e-12
10.148	9.81873140915979e-12
10.156	9.814643509427343e-12
10.164	9.81054316248471e-12
10.172	9.806736055366606e-12
10.18	9.802610339971466e-12
10.188	9.80363754272568e-12
10.195	9.801396262549127e-12
10.203	9.791173301761284e-12
10.211	9.787000061010985e-12
10.219	9.783115893178412e-12
10.227	9.778918682279197e-12
10.234	9.776620399730287e-12
10.242	9.772696503906299e-12
10.25	9.77322158794056e-12
10.258	9.768963537261569e-12
10.266	9.764990364247739e-12
10.273	9.756116910806714e-12
10.281	9.752135147428304e-12
10.289	9.747847490579326e-12
10.297	9.743842163834342e-12
10.305	9.739532740588194e-12
10.312	9.741470821592491e-12
10.32	9.737417403877605e-12
10.328	9.73335235878021e-12
10.336	9.728986884553507e-12
10.344	9.72576408516028e-12
10.352	9.718214457378554e-12
10.359	9.716847431449632e-12
10.367	9.71358681632654e-12
10.375	9.717721501714333e-12
10.383	9.716966447415642e-12
10.391	9.715898242151603e-12
10.398	9.716670708200149e-12
10.406	9.713573579395884e-12
10.414	9.710179213372453e-12
10.422	9.702286941694063e-12
10.43	9.698875532728168e-12
10.438	9.70241588376708e-12
10.445	9.70081406594151e-12
10.453	9.699832356566091e-12
10.461	9.696336348043586e-12
10.469	9.693102013035371e-12
10.477	9.689577667283185e-12
10.484	9.68816167070353e-12
10.492	9.679959157303549e-12
10.5	9.676403957821524e-12
10.508	9.679361968027044e-12
10.516	9.675762856796939e-12
10.523	9.674259568524064e-12
10.531	9.670901490487404e-12
10.539	9.667260212495797e-12
10.547	9.663874567443418e-12
10.555	9.660474958228138e-12
10.562	9.653550880997647e-12
10.57	9.655993373918782e-12
10.578	9.65254914179631e-12
10.586	9.64882667554198e-12
10.594	9.645356304154922e-12
10.602	9.641872683284205e-12
10.609	9.640193032793585e-12
10.617	9.636681228091424e-12
10.625	9.632895198787656e-12
10.633	9.629619016759075e-12
10.641	9.626068835212824e-12
10.648	9.624313552765944e-12
10.656	9.620477691038662e-12
10.664	9.616888785980274e-12
10.672	9.613287639357153e-12
10.68	9.607364680646283e-12
10.688	9.601441221057481e-12
10.695	9.602420265290619e-12
10.703	9.596481373799087e-12
10.711	9.587237653677431e-12
10.719	9.581305954590048e-12
10.727	9.575373978413414e-12
10.734	9.573496964207543e-12
10.742	9.569822975267227e-12
10.75	9.566137647888632e-12
10.758	9.567198828465696e-12
10.766	9.563478844077494e-12
10.773	9.561771812681461e-12
10.781	9.552311145177245e-12
10.789	9.548570540793938e-12
10.797	9.544819188125624e-12
10.805	9.541057184162139e-12
10.812	9.539048910368509e-12
10.82	9.535263888156925e-12
10.828	9.536119492190395e-12
10.836	9.532301972234587e-12
10.844	9.528474322597934e-12
10.852	9.518806117591321e-12
10.859	9.516725840589654e-12
10.867	9.513122937029147e-12
10.875	9.507096687043095e-12
10.883	9.50107121138829e-12
10.891	9.499128213739966e-12
10.898	9.496992854972981e-12
10.906	9.493342252190584e-12
10.914	9.489442776806401e-12
10.922	9.479590307360536e-12
10.93	9.475687247916753e-12
10.938	9.472011625835253e-12
10.945	9.469819882424737e-12
10.953	9.469889281490184e-12
10.961	9.463824025171862e-12
10.969	9.457760045058342e-12
10.977	9.453801150042754e-12
10.984	9.449688621514082e-12
10.992	9.43966419232364e-12
11	9.433606948087346e-12
11.008	9.427551115434067e-12
11.016	9.425195597528957e-12
11.023	9.420843393147875e-12
11.031	9.41478129928854e-12
11.039	9.408720759222356e-12
11.047	9.402661800027484e-12
11.055	9.396833029128552e-12
11.062	9.392474719573502e-12
11.07	9.382320250093519e-12
11.078	9.3796813584628e-12
11.086	9.373629405567789e-12
11.094	9.367579191658241e-12
11.102	9.361530742278793e-12
11.109	9.357393578936666e-12
11.117	9.351345932560858e-12
11.125	9.345300131341768e-12
11.133	9.339479806353709e-12
11.141	9.329197285530098e-12
11.148	9.327956788228247e-12
11.156	9.3219183065091e-12
11.164	9.315881788541982e-12
11.172	9.309847258012849e-12
11.18	9.304035445917277e-12
11.188	9.29800447267318e-12
11.195	9.29363565487113e-12
11.203	9.285413449536998e-12
11.211	9.278078082690161e-12
11.219	9.26987665438196e-12
11.227	9.25928787107404e-12
11.234	9.250365729429188e-12
11.242	9.242204699028234e-12
11.25	9.236223506765497e-12
11.258	9.230460804612687e-12
11.266	9.224483410079381e-12
11.273	9.222944238647639e-12
11.281	9.212448484467624e-12
11.289	9.20647920709976e-12
11.297	9.20072623768344e-12
11.305	9.194760965569445e-12
11.312	9.190422644777837e-12
11.32	9.184459729560907e-12
11.328	9.178711384220582e-12
11.336	9.175293818503869e-12
11.344	9.169331930990963e-12
11.352	9.158944208738879e-12
11.359	9.154608371733301e-12
11.367	9.148661099987825e-12
11.375	9.142716252733219e-12
11.383	9.136773849255184e-12
11.391	9.131042591982467e-12
11.398	9.128996587084718e-12
11.406	9.123054084335896e-12
11.414	9.117114121165364e-12
11.422	9.11138358833704e-12
11.43	9.100699280097378e-12
11.438	9.094982877498219e-12
11.445	9.090650898887402e-12
11.453	9.084731006182188e-12
11.461	9.081066263612442e-12
11.469	9.075146819317694e-12
11.477	9.069230047111124e-12
11.484	9.064894457829964e-12
11.492	9.059183994520513e-12
11.5	9.048611633136928e-12
11.508	9.042713081717387e-12
11.516	9.036817260913755e-12
11.523	9.032491715878312e-12
11.531	9.028609361655542e-12
11.539	9.022715466085073e-12
11.547	9.017024514443925e-12
11.555	9.011135836408076e-12
11.562	9.00680780336812e-12
11.57	8.996147923028691e-12
11.578	8.990474389831282e-12
11.586	8.984604721102967e-12
11.594	8.980517447838539e-12
11.602	8.974649813159308e-12
11.609	8.970330311092126e-12
11.617	8.964662955370681e-12
11.625	8.95880165085696e-12
11.633	8.952943317733295e-12
11.641	8.942205201235601e-12
11.648	8.938092523623486e-12
11.656	8.933807391260582e-12
11.664	8.927965530412972e-12
11.672	8.92212669551391e-12
11.68	8.916484226408482e-12
11.688	8.908721659984917e-12
11.695	8.904418176489154e-12
11.703	8.898785340637789e-12
11.711	8.887975036266825e-12
11.719	8.883506548390758e-12
11.727	8.87597812718149e-12
11.734	8.869780464894305e-12
11.742	8.862079440391598e-12
11.75	8.854388996602528e-12
11.758	8.846709114935044e-12
11.766	8.83903977683161e-12
11.773	8.832881304554562e-12
11.781	8.82655155468115e-12
11.789	8.815895131087542e-12
11.797	8.80826860495826e-12
11.805	8.8006525268737e-12
11.812	8.79453577438043e-12
11.82	8.786938244449325e-12
11.828	8.779351112514644e-12
11.836	8.771960714295303e-12
11.844	8.764393981119059e-12
11.852	8.757951528324327e-12
11.859	8.748727965254423e-12
11.867	8.741193685579107e-12
11.875	8.73366969092229e-12
11.883	8.726155963257682e-12
11.891	8.718652484592814e-12
11.898	8.712623604982691e-12
11.906	8.705321732548593e-12
11.914	8.6987616053843e-12
11.922	8.691294707720992e-12
11.93	8.680736966955747e-12
11.938	8.673296040415287e-12
11.945	8.667316254997732e-12
11.953	8.659893336415588e-12
11.961	8.652480506381347e-12
11.969	8.645077747244864e-12
11.977	8.638587460506587e-12
11.984	8.632643667808633e-12
11.992	8.625267191936992e-12
12	8.614668675898368e-12
12.008	8.60731805235926e-12
12.016	8.602303326487926e-12
12.023	8.59871970651445e-12
12.031	8.593883208466748e-12
12.039	8.589580315551921e-12
12.047	8.58456571504106e-12
12.055	8.579729166312919e-12
12.062	8.576138042122561e-12
12.07	8.567772979745198e-12
12.078	8.562767258931695e-12
12.086	8.557762594330509e-12
12.094	8.552759005263835e-12
12.102	8.550730526013878e-12
12.109	8.547309135633548e-12
12.117	8.54230067558697e-12
12.125	8.53729338878655e-12
12.133	8.532287293754672e-12
12.141	8.527282408873094e-12
12.148	8.520397595740997e-12
12.156	8.515400153095957e-12
12.164	8.510403957381634e-12
12.172	8.505924511047633e-12
12.18	8.500929811857201e-12
12.188	8.495936416038193e-12
12.195	8.492507728489599e-12
12.203	8.487514913530762e-12
12.211	8.482523457529228e-12
12.219	8.471929406694432e-12
12.227	8.466952083460528e-12
12.234	8.463697966241962e-12
12.242	8.458721010275453e-12
12.25	8.451554396555069e-12
12.258	8.446584713693637e-12
12.266	8.441784348790896e-12
12.273	8.438192126137058e-12
12.281	8.43322475267445e-12
12.289	8.424753315993074e-12
12.297	8.418129523614844e-12
12.305	8.40918423373424e-12
12.312	8.403945390194663e-12
12.32	8.397181598446737e-12
12.328	8.390426235698362e-12
12.336	8.38367928925031e-12
12.344	8.376940746419252e-12
12.352	8.370375244161502e-12
12.359	8.365499810560099e-12
12.367	8.356649983982534e-12
12.375	8.349945604205223e-12
12.383	8.343249562114062e-12
12.391	8.336561845133898e-12
12.398	8.329107227862466e-12
12.406	8.320322163424453e-12
12.414	8.311552361224756e-12
12.422	8.302960061026653e-12
12.43	8.29227586067124e-12
12.438	8.283554334573928e-12
12.445	8.276177798852951e-12
12.453	8.267484206245615e-12
12.461	8.25880565648274e-12
12.469	8.250142113464124e-12
12.477	8.241493541200081e-12
12.484	8.234178902471792e-12
12.492	8.225557939517907e-12
12.5	8.216951845234606e-12
12.508	8.206444235253921e-12
12.516	8.197870667446646e-12
12.523	8.190619791398986e-12
12.531	8.182073501895064e-12
12.539	8.173541903343432e-12
12.547	8.165024960716761e-12
12.555	8.15652263909429e-12
12.562	8.149332206513889e-12
12.57	8.140698999055605e-12
12.578	8.130346815713365e-12
12.586	8.121903547399264e-12
12.594	8.113474725612204e-12
12.602	8.105060316065206e-12
12.609	8.097944602340418e-12
12.617	8.089556771133415e-12
12.625	8.081026992605494e-12
12.633	8.072667991526791e-12
12.641	8.064323237265162e-12
12.648	8.055399353403465e-12
12.656	8.047083664254743e-12
12.664	8.038782120228326e-12
12.672	8.030339759286367e-12
12.68	8.022066636713162e-12
12.688	8.013807558944657e-12
12.695	8.006669493964693e-12
12.703	7.998436546205282e-12
12.711	7.990217548664266e-12
12.719	7.980169331409344e-12
12.727	7.97182749191118e-12
12.734	7.964903931518219e-12
12.742	7.956588342193439e-12
12.75	7.948439722703048e-12
12.758	7.940304856261194e-12
12.766	7.932183710664415e-12
12.773	7.92516497850138e-12
12.781	7.91706936038165e-12
12.789	7.907015943919587e-12
12.797	7.898950469055648e-12
12.805	7.890898553589056e-12
12.812	7.8839397368727e-12
12.82	7.875762248445885e-12
12.828	7.867749251711781e-12
12.836	7.859749692111056e-12
12.844	7.851763538379782e-12
12.852	7.843640844096718e-12
12.859	7.834953793633002e-12
12.867	7.827008763751825e-12
12.875	7.818927696434257e-12
12.883	7.810860314472059e-12
12.891	7.80295547018512e-12
12.898	7.79627258405132e-12
12.906	7.788243642208405e-12
12.914	7.780376519072103e-12
12.922	7.772522495516923e-12
12.93	7.76453372001039e-12
12.938	7.754639259173978e-12
12.945	7.747877069973342e-12
12.953	7.740076649424828e-12
12.961	7.73228917532509e-12
12.969	7.724367807228214e-12
12.977	7.716606351046254e-12
12.984	7.710045236990409e-12
12.992	7.702161348689541e-12
13	7.694144699509987e-12
13.008	7.684537907325126e-12
13.016	7.676841928037632e-12
13.023	7.668591378831814e-12
13.031	7.659178455893554e-12
13.039	7.649782853366412e-12
13.047	7.640404528782137e-12
13.055	7.63104343980257e-12
13.062	7.62257743666344e-12
13.07	7.613248904648496e-12
13.078	7.602062303978037e-12
13.086	7.591041017890278e-12
13.094	7.580184563690688e-12
13.102	7.569204797428917e-12
13.109	7.559542675372072e-12
13.117	7.548601851365079e-12
13.125	7.537825104811705e-12
13.133	7.525205878248456e-12
13.141	7.514328429745114e-12
13.148	7.50446986107826e-12
13.156	7.493774070725371e-12
13.164	7.482955635103324e-12
13.172	7.472300177793442e-12
13.18	7.461664740435248e-12
13.188	7.45090693529687e-12
13.195	7.439590252040275e-12
13.203	7.429014286583354e-12
13.211	7.418316175471726e-12
13.219	7.409339918348564e-12
13.227	7.400379943452343e-12
13.234	7.39255329099065e-12
13.242	7.381927848959947e-12
13.25	7.37146348249983e-12
13.258	7.360877602901375e-12
13.266	7.352002393335522e-12
13.273	7.344249745698741e-12
13.281	7.335404583088886e-12
13.289	7.326575390077839e-12
13.297	7.317621891530684e-12
13.305	7.308824691163852e-12
13.312	7.301140147691739e-12
13.32	7.292232887541178e-12
13.328	7.283481333708937e-12
13.336	7.274745524799241e-12
13.344	7.266025423065806e-12
13.352	7.257320990875388e-12
13.359	7.249717437131845e-12
13.367	7.240903507190219e-12
13.375	7.23224408228903e-12
13.383	7.223461733739086e-12
13.391	7.2148334860774625e-12
13.398	7.207296444558823e-12
13.406	7.198697135621714e-12
13.414	7.19011320776897e-12
13.422	7.180030358227205e-12
13.43	7.1714788861756425e-12
13.438	7.162805333598541e-12
13.445	7.155348794365553e-12
13.453	7.14684128373253e-12
13.461	7.138348936874559e-12
13.469	7.1298717177758585e-12
13.477	7.121409590527497e-12
13.484	7.114017581070585e-12
13.492	7.105583654626271e-12
13.5	7.097164717385967e-12
13.508	7.088624802332569e-12
13.516	7.080100124719178e-12
13.523	7.072772183632702e-12
13.531	7.064411315878823e-12
13.539	7.056065264694597e-12
13.547	7.04773399509144e-12
13.555	7.039417472184002e-12
13.562	7.032152584192642e-12
13.57	7.023863617670546e-12
13.578	7.015454759391328e-12
13.586	7.0071952107216985e-12
13.594	6.998950239868306e-12
13.602	6.990719812545534e-12
13.609	6.983530092001754e-12
13.617	6.9753268417388965e-12
13.625	6.967138036995427e-12
13.633	6.958963643874105e-12
13.641	6.950670327137213e-12
13.648	6.9435422182714974e-12
13.656	6.935276215309785e-12
13.664	6.927157660295471e-12
13.672	6.919053352524361e-12
13.68	6.910963258679322e-12
13.688	6.902887345540545e-12
13.695	6.894377557630273e-12
13.703	6.886197711627931e-12
13.711	6.87816423339179e-12
13.719	6.870144804813582e-12
13.727	6.862139393150679e-12
13.734	6.855146130529031e-12
13.742	6.847166912662345e-12
13.75	6.839201618105766e-12
13.758	6.831250214484214e-12
13.766	6.8218723371421556e-12
13.773	6.81193026640466e-12
13.781	6.804023782902283e-12
13.789	6.7946945876958506e-12
13.797	6.7853821452780855e-12
13.805	6.776086416021684e-12
13.812	6.767787240566086e-12
13.82	6.758522911483112e-12
13.828	6.7492751819812236e-12
13.836	6.7386151705558206e-12
13.844	6.729401870994769e-12
13.852	6.7203347138143425e-12
13.859	6.712122738679858e-12
13.867	6.702956760366952e-12
13.875	6.693807150666928e-12
13.883	6.684673871071583e-12
13.891	6.675556883184724e-12
13.898	6.666125713447881e-12
13.906	6.6570405450305424e-12
13.914	6.647971556161222e-12
13.922	6.63891870887943e-12
13.93	6.630010475079147e-12
13.938	6.620989677429344e-12
13.945	6.612933237070588e-12
13.953	6.603942626815548e-12
13.961	6.593687373398773e-12
13.969	6.584729834908557e-12
13.977	6.5759160107417854e-12
13.984	6.567929327517357e-12
13.992	6.559017392736157e-12
14	6.550248725487472e-12
14.008	6.541368185563559e-12
14.016	6.5326306010112935e-12
14.023	6.523440132816389e-12
14.031	6.514605858188178e-12
14.039	6.505787178272018e-12
14.047	6.4971108804187605e-12
14.055	6.488323164086089e-12
14.062	6.480599140937609e-12
14.07	6.471840475889532e-12
14.078	6.463097229826059e-12
14.086	6.45449561998546e-12
14.094	6.444647667885403e-12
14.102	6.435951392158353e-12
14.109	6.428307454421568e-12
14.117	6.419639833519224e-12
14.125	6.41111313059116e-12
14.133	6.402475776620202e-12
14.141	6.393853561252769e-12
14.148	6.3862744969710276e-12
14.156	6.376553141523927e-12
14.164	6.368100498217575e-12
14.172	6.359662625806074e-12
14.18	6.351114553209999e-12
14.188	6.3427062370167856e-12
14.195	6.3350803675146976e-12
14.203	6.32669978893377e-12
14.211	6.318209320318191e-12
14.219	6.3086141001388065e-12
14.227	6.300402795512827e-12
14.234	6.292841521112872e-12
14.242	6.284533237062833e-12
14.25	6.2762393936004295e-12
14.258	6.267836108199387e-12
14.266	6.2595711612617846e-12
14.273	6.252196551014903e-12
14.281	6.242723234547578e-12
14.289	6.234500712214147e-12
14.297	6.226292435270269e-12
14.305	6.218098371214236e-12
14.312	6.210786309804274e-12
14.32	6.2024959483232015e-12
14.328	6.19434282022645e-12
14.336	6.1862037795098285e-12
14.344	6.176974722363831e-12
14.352	6.168742197331778e-12
14.359	6.161504467089489e-12
14.367	6.153420973337678e-12
14.375	6.145473664832797e-12
14.383	6.13741788748558e-12
14.391	6.129253944751929e-12
14.398	6.122076298924761e-12
14.406	6.1129640038090865e-12
14.414	6.1049630339537786e-12
14.422	6.096975807564292e-12
14.43	6.0890022935470826e-12
14.438	6.0809210525110555e-12
14.445	6.074058478254001e-12
14.453	6.066124242405194e-12
14.461	6.058203599214477e-12
14.469	6.05017553506624e-12
14.477	6.0413150201568946e-12
14.484	6.034269101283684e-12
14.492	6.0264019596464605e-12
14.5	6.018427675684133e-12
14.508	6.0105874967506135e-12
14.516	6.00300143080333e-12
14.523	5.996013409117332e-12
14.531	5.9882115396735815e-12
14.539	5.979462447919167e-12
14.547	5.971568035157046e-12
14.555	5.9638069320662324e-12
14.562	5.9568770891136326e-12
14.57	5.949140854350757e-12
14.578	5.9414177683830635e-12
14.586	5.9339466933219135e-12
14.594	5.926249602920412e-12
14.602	5.917611658592537e-12
14.609	5.9107506234499645e-12
14.617	5.903091989098103e-12
14.625	5.895446330466957e-12
14.633	5.887813618594031e-12
14.641	5.88019382459676e-12
14.648	5.873388774857483e-12
14.656	5.8660303298211874e-12
14.664	5.857618373629327e-12
14.672	5.850049022540196e-12
14.68	5.842492448576487e-12
14.688	5.834948623322224e-12
14.695	5.828210661113595e-12
14.703	5.8206907940343584e-12
14.711	5.813183594187979e-12
14.719	5.8056890334602804e-12
14.727	5.7973836502967855e-12
14.734	5.790936065997023e-12
14.742	5.783595779097251e-12
14.75	5.776150474355944e-12
14.758	5.768717671884684e-12
14.766	5.761297344020759e-12
14.773	5.7546684632727814e-12
14.781	5.747271579595967e-12
14.789	5.739887091206106e-12
14.797	5.731697749511853e-12
14.805	5.724688631088738e-12
14.812	5.718113587311886e-12
14.82	5.7107774086323334e-12
14.828	5.703569844717056e-12
14.836	5.6962580606676195e-12
14.844	5.688958484527872e-12
14.852	5.681671089437549e-12
14.859	5.674347850710834e-12
14.867	5.667199932841902e-12
14.875	5.660295451685753e-12
14.883	5.65305543403865e-12
14.891	5.645827466841175e-12
14.898	5.639483990468123e-12
14.906	5.6322785717476635e-12
14.914	5.625085127633941e-12
14.922	5.617212523664918e-12
14.93	5.610043548993519e-12
14.938	5.602886469485727e-12
14.945	5.596949742801622e-12
14.953	5.589814623473333e-12
14.961	5.582691325153137e-12
14.969	5.575579822028332e-12
14.977	5.56859458956574e-12
14.984	5.561562309757428e-12
14.992	5.554485190677177e-12
15	5.547419766426289e-12
15.008	5.540480145867684e-12
15.016	5.533780031485157e-12
15.023	5.527598887734819e-12
15.031	5.520578174258716e-12
15.039	5.5135690326682706e-12
15.047	5.505889495391967e-12
15.055	5.4990175717293605e-12
15.062	5.492772763410978e-12
15.07	5.485922216553422e-12
15.078	5.4789696376479775e-12
15.086	5.472028483059971e-12
15.094	5.465551080708479e-12
15.102	5.4587453009079414e-12
15.109	5.452559481310466e-12
15.117	5.44509793644044e-12
15.125	5.437084894535172e-12
15.133	5.4290848147542825e-12
15.141	5.421097668275863e-12
15.148	5.4149634755751286e-12
15.156	5.406999961534312e-12
15.164	5.4006223508408665e-12
15.172	5.392683508110082e-12
15.18	5.3841964274576295e-12
15.188	5.376283507572906e-12
15.195	5.369089949215271e-12
15.203	5.361201070827112e-12
15.211	5.353436820362189e-12
15.219	5.3455732157610485e-12
15.227	5.337722241560337e-12
15.234	5.332259508252765e-12
15.242	5.32387304426335e-12
15.25	5.316057699799731e-12
15.258	5.308254878930402e-12
15.266	5.300575991394604e-12
15.273	5.29349117973787e-12
15.281	5.285724314943236e-12
15.289	5.278081107161739e-12
15.297	5.270338978659012e-12
15.305	5.2637201000637755e-12
15.312	5.256799540928118e-12
15.32	5.2490922929495486e-12
15.328	5.242616891370212e-12
15.336	5.234933430129305e-12
15.344	5.227372919269284e-12
15.352	5.21971382788533e-12
15.359	5.212856229343645e-12
15.367	5.2047779407497305e-12
15.375	5.1988108762655555e-12
15.383	5.192412022201935e-12
15.391	5.184810661548786e-12
15.398	5.178004042218899e-12
15.406	5.171636811588567e-12
15.414	5.164069389151011e-12
15.422	5.15772363204924e-12
15.43	5.150289290601501e-12
15.438	5.14231761063147e-12
15.445	5.135572119824586e-12
15.453	5.129817465980101e-12
15.461	5.122318539105592e-12
15.469	5.11494097792392e-12
15.477	5.107575083411084e-12
15.484	5.101973646953451e-12
15.492	5.095722141386538e-12
15.5	5.0878422629707505e-12
15.508	5.08052047760915e-12
15.516	5.073210237569428e-12
15.523	5.068199755007193e-12
15.531	5.060910239717775e-12
15.539	5.053632199601416e-12
15.547	5.046365609781504e-12
15.555	5.039110445445213e-12
15.562	5.0320785958385405e-12
15.57	5.025931456920022e-12
15.578	5.018708760523936e-12
15.586	5.011497394550283e-12
15.594	5.006031625772269e-12
15.602	4.997866916472641e-12
15.609	4.991544961814434e-12
15.617	4.984593237384087e-12
15.625	4.9763547232172345e-12
15.633	4.969425700884789e-12
15.641	4.962399550639891e-12
15.648	4.956125746538514e-12
15.656	4.949228190242384e-12
15.664	4.942988346039187e-12
15.672	4.936004252973675e-12
15.68	4.929138746263962e-12
15.688	4.921100248126155e-12
15.695	4.914883233167137e-12
15.703	4.908049496646384e-12
15.711	4.901119014620299e-12
15.719	4.8943066984002465e-12
15.727	4.887505023456698e-12
15.734	4.881977785808126e-12
15.742	4.87519573512788e-12
15.75	4.8684242612674835e-12
15.758	4.860485989163584e-12
15.766	4.8537363555782134e-12
15.773	4.847611843805633e-12
15.781	4.840882039791596e-12
15.789	4.834162701839374e-12
15.797	4.8274538077446705e-12
15.805	4.820755335359461e-12
15.812	4.815422301125209e-12
15.82	4.807677755486071e-12
15.828	4.8010094688513e-12
15.836	4.79435151797766e-12
15.844	4.787703880989983e-12
15.852	4.7810665360683474e-12
15.859	4.77504159146737e-12
15.867	4.768423627777607e-12
15.875	4.761921969708923e-12
15.883	4.755006340670468e-12
15.891	4.748419133430297e-12
15.898	4.742438642573076e-12
15.906	4.735870617024341e-12
15.914	4.729418477646854e-12
15.922	4.722870612755294e-12
15.93	4.7163328293891516e-12
15.938	4.7098051063127715e-12
15.945	4.70292768764698e-12
15.953	4.697263155667326e-12
15.961	4.690764442662512e-12
15.969	4.684275707772732e-12
15.977	4.677902180320469e-12
15.984	4.672017805657618e-12
15.992	4.665557714278522e-12
16	4.65921258606857e-12
16.008	4.651827104687835e-12
16.016	4.645397158799262e-12
16.023	4.6403952736683895e-12
16.031	4.634088192213985e-12
16.039	4.627686021350906e-12
16.047	4.621398316370077e-12
16.055	4.6150156121014764e-12
16.062	4.6093210902041425e-12
16.07	4.602956693657254e-12
16.078	4.595766361712127e-12
16.086	4.58952624485403e-12
16.094	4.58402591818052e-12
16.102	4.5777001227972235e-12
16.109	4.572055717802665e-12
16.117	4.5658521415395385e-12
16.125	4.559553945373189e-12
16.133	4.553369314290369e-12
16.141	4.546258531903494e-12
16.148	4.540655614593151e-12
16.156	4.534394853204784e-12
16.164	4.529077541588944e-12
16.172	4.522938861130816e-12
16.18	4.516809495964371e-12
16.188	4.510585855410554e-12
16.195	4.505031424175313e-12
16.203	4.4981011939173054e-12
16.211	4.4919050350019585e-12
16.219	4.485821573559604e-12
16.227	4.479747313357201e-12
16.234	4.4742334020768215e-12
16.242	4.469001770584684e-12
16.25	4.462953477463395e-12
16.258	4.456914312889619e-12
16.266	4.450060477858158e-12
16.273	4.44458622131096e-12
16.281	4.438573826668805e-12
16.289	4.432467679817058e-12
16.297	4.42647343866195e-12
16.305	4.420488214821705e-12
16.312	4.415976863418888e-12
16.32	4.4100080599806165e-12
16.328	4.403228253415354e-12
16.336	4.397277859019719e-12
16.344	4.391336391790193e-12
16.352	4.3854038333911294e-12
16.359	4.380015603397204e-12
16.367	4.37409982331448e-12
16.375	4.368192899367113e-12
16.383	4.363213481364039e-12
16.391	4.357323662468628e-12
16.398	4.351259660246369e-12
16.406	4.3453868826746424e-12
16.414	4.339624719526585e-12
16.422	4.333769399052537e-12
16.43	4.327922810851369e-12
16.438	4.3220849370624406e-12
16.445	4.316780708119405e-12
16.453	4.311873134363857e-12
16.461	4.305450918229699e-12
16.469	4.300457915197832e-12
16.477	4.295573750185274e-12
16.484	4.2911162694058755e-12
16.492	4.286246000433112e-12
16.5	4.281281943709689e-12
16.508	4.276426358906932e-12
16.516	4.271477117410872e-12
16.523	4.266547366862521e-12
16.531	4.261612506487576e-12
16.539	4.256785767832507e-12
16.547	4.251865608143358e-12
16.555	4.2470533821892126e-12
16.562	4.242660155615787e-12
16.57	4.237861558652407e-12
16.578	4.232969790129081e-12
16.586	4.2274837132399056e-12
16.594	4.222707217828158e-12
16.602	4.2179378471764195e-12
16.609	4.213682939018075e-12
16.617	4.208926959331511e-12
16.625	4.204078172791763e-12
16.633	4.199336427708218e-12
16.641	4.193704039526539e-12
16.648	4.187984778795726e-12
16.656	4.18246802311002e-12
16.664	4.177656558628528e-12
16.672	4.1730512644033186e-12
16.68	4.168353370596551e-12
16.688	4.1635631000372985e-12
16.695	4.1585831061438674e-12
16.703	4.153112129388302e-12
16.711	4.147550002801459e-12
16.719	4.141500337643596e-12
16.727	4.13595474867037e-12
16.734	4.131009969402459e-12
16.742	4.126469293810836e-12
16.75	4.120946443995977e-12
16.758	4.115530491817719e-12
16.766	4.110122464097271e-12
16.773	4.1051130672180704e-12
16.781	4.099127906280209e-12
16.789	4.0937430915349265e-12
16.797	4.08836613908265e-12
16.805	4.082997033214456e-12
16.812	4.079007011061189e-12
16.82	4.0736521620835264e-12
16.828	4.067616714013887e-12
16.836	4.061589745276549e-12
16.844	4.054391835761872e-12
16.852	4.048382262964766e-12
16.859	4.042860680667931e-12
16.867	4.036965187202917e-12
16.875	4.030979858311086e-12
16.883	4.02598382150979e-12
16.891	4.020014818996534e-12
16.898	4.015313273546555e-12
16.906	4.0082820691260244e-12
16.914	4.002337225686861e-12
16.922	3.99649856793361e-12
16.93	3.990570244698035e-12
16.938	3.984747990720817e-12
16.945	3.9793057502740265e-12
16.953	3.97340117966676e-12
16.961	3.968579448530038e-12
16.969	3.961616633581173e-12
16.977	3.955834251622951e-12
16.984	3.950525106364398e-12
16.992	3.944660397681693e-12
17	3.938901327531569e-12
17.008	3.933052804124025e-12
17.016	3.927309805821616e-12
17.023	3.9220355498575335e-12
17.031	3.916210258300725e-12
17.039	3.910490334905255e-12
17.047	3.904681064068489e-12
17.055	3.898977049450718e-12
17.062	3.893737326285178e-12
17.07	3.888048233757712e-12
17.078	3.882269876685272e-12
17.086	3.8765965645701284e-12
17.094	3.870931098133903e-12
17.102	3.865273461118145e-12
17.109	3.860074830991487e-12
17.117	3.854431934052899e-12
17.125	3.848796819695279e-12
17.133	3.8431694717982534e-12
17.141	3.837549874276782e-12
17.148	3.832384949469466e-12
17.156	3.826779942832107e-12
17.164	3.820215178723096e-12
17.172	3.815689719690476e-12
17.18	3.81010773875629e-12
17.188	3.804533414223361e-12
17.195	3.799505199221151e-12
17.203	3.79394524992934e-12
17.211	3.7883929113948825e-12
17.219	3.782848167871513e-12
17.227	3.776442999932581e-12
17.234	3.77202631049064e-12
17.242	3.767659804672893e-12
17.25	3.76214406638012e-12
17.258	3.756732116103208e-12
17.266	3.7512313639925015e-12
17.273	3.746171823240971e-12
17.281	3.740781362447118e-12
17.289	3.734436915599201e-12
17.297	3.7289654883084065e-12
17.305	3.7235975628849934e-12
17.312	3.718570496108662e-12
17.32	3.714272391908272e-12
17.328	3.709596758722462e-12
17.336	3.704927753418396e-12
17.344	3.700265363203738e-12
17.352	3.693981363530715e-12
17.359	3.689758192192143e-12
17.367	3.685115790651458e-12
17.375	3.6804799531388334e-12
17.383	3.6758506670077675e-12
17.391	3.6717055398757465e-12
17.398	3.6675106061068195e-12
17.406	3.662899897892419e-12
17.414	3.658295692647379e-12
17.422	3.6528401120832254e-12
17.43	3.648344644944342e-12
17.438	3.64376031422311e-12
17.445	3.639599665648268e-12
17.453	3.6350275121485657e-12
17.461	3.6308420203545414e-12
17.469	3.626377490971265e-12
17.477	3.6218243144647536e-12
17.484	3.616932062273375e-12
17.492	3.6123913856762147e-12
17.5	3.607857077782168e-12
17.508	3.603329126392257e-12
17.516	3.598807519335389e-12
17.523	3.594702493261719e-12
17.531	3.5906658218678755e-12
17.539	3.5862567409858003e-12
17.547	3.5810034438791205e-12
17.555	3.5765127867390654e-12
17.562	3.5724352048504693e-12
17.57	3.5680507360407334e-12
17.578	3.563578115057871e-12
17.586	3.5591117326992472e-12
17.594	3.554651577062119e-12
17.602	3.5507623997979247e-12
17.609	3.5459644403989345e-12
17.617	3.5415223126290993e-12
17.625	3.5371803555869845e-12
17.633	3.5327505242818394e-12
17.641	3.528326850075281e-12
17.648	3.524402527833793e-12
17.656	3.5199903994684497e-12
17.664	3.5155843945276222e-12
17.672	3.51052866926881e-12
17.68	3.506697077858109e-12
17.688	3.5023094256347774e-12
17.695	3.498416756079468e-12
17.703	3.494040521139157e-12
17.711	3.4897637718094723e-12
17.719	3.485399584058379e-12
17.727	3.481041428705968e-12
17.734	3.4771746815586695e-12
17.742	3.4721751651163007e-12
17.75	3.467927876995102e-12
17.758	3.4635933299602815e-12
17.766	3.459357849059453e-12
17.773	3.4554239989742235e-12
17.781	3.451199630728053e-12
17.789	3.4464234129157153e-12
17.797	3.44211812948282e-12
17.805	3.4372615991442037e-12
17.812	3.4333539290089183e-12
17.82	3.4297154078297555e-12
17.828	3.425433037655746e-12
17.836	3.421249202979738e-12
17.844	3.416978526717274e-12
17.852	3.412250896241297e-12
17.859	3.4080037043089508e-12
17.867	3.4021777041475824e-12
17.875	3.3974686057156727e-12
17.883	3.3927657550644758e-12
17.891	3.388623606650326e-12
17.898	3.3844035125677343e-12
17.906	3.379718379385231e-12
17.914	3.3750394468936167e-12
17.922	3.3704589646038252e-12
17.93	3.3646854948861014e-12
17.938	3.3601177115391598e-12
17.945	3.3558378090015817e-12
17.953	3.3511893785494542e-12
17.961	3.3471918209092557e-12
17.969	3.3425553800921586e-12
17.977	3.3380170675945786e-12
17.984	3.333763504874679e-12
17.992	3.3282248985434397e-12
18	3.323612451834969e-12
18.008	3.3190979749022028e-12
18.016	3.3144975950506536e-12
18.023	3.310362405308551e-12
18.031	3.3057733732292526e-12
18.039	3.3018327233882994e-12
18.047	3.2973471756061847e-12
18.055	3.2927758591588738e-12
18.062	3.2876579050571167e-12
18.07	3.2831898649190305e-12
18.078	3.2786360941668597e-12
18.086	3.2741798417925787e-12
18.094	3.269729447355963e-12
18.102	3.2651933977666124e-12
18.109	3.261755125900073e-12
18.117	3.257321365819034e-12
18.125	3.251888044305695e-12
18.133	3.24746630844816e-12
18.141	3.2429590240752985e-12
18.148	3.2389058095576923e-12
18.156	3.2345008068851683e-12
18.164	3.2301015625869265e-12
18.172	3.2257080655076013e-12
18.18	3.221867264414574e-12
18.188	3.215753342128749e-12
18.195	3.2112747700206722e-12
18.203	3.2064485554922784e-12
18.211	3.2016283277882265e-12
18.219	3.1968140743714594e-12
18.227	3.1920968411020807e-12
18.234	3.187644084639873e-12
18.242	3.1828469772679222e-12
18.25	3.1774187374220028e-12
18.258	3.172724619555491e-12
18.266	3.1679453857707626e-12
18.273	3.1635182619602817e-12
18.281	3.1588410529862982e-12
18.289	3.154078751825823e-12
18.297	3.149413191045245e-12
18.305	3.1446625601891214e-12
18.312	3.1390793841114906e-12
18.32	3.1350668541352024e-12
18.328	3.130333110611553e-12
18.336	3.1256959599631562e-12
18.344	3.1209737664043772e-12
18.352	3.116348096654456e-12
18.359	3.1120671335756767e-12
18.367	3.107361504185376e-12
18.375	3.1027523058001533e-12
18.383	3.096879087948869e-12
18.391	3.0922815545386874e-12
18.398	3.0886599960115272e-12
18.406	3.084072949490135e-12
18.414	3.0794915331025575e-12
18.422	3.074915735198242e-12
18.43	3.0703455441476257e-12
18.438	3.0657809483420716e-12
18.445	3.0602861881900168e-12
18.453	3.055732422048201e-12
18.461	3.0511842160720126e-12
18.469	3.0473654845017284e-12
18.477	3.042828189065195e-12
18.484	3.0386251778395063e-12
18.492	3.0340982921888147e-12
18.5	3.029576911281826e-12
18.508	3.0239762539826134e-12
18.516	3.0194661045488536e-12
18.523	3.0152869701497974e-12
18.531	3.0104256608582032e-12
18.539	3.0062927206231693e-12
18.547	3.0014424628226117e-12
18.555	2.997049312800609e-12
18.562	2.9928936980439153e-12
18.57	2.9866143957811184e-12
18.578	2.9817856602522707e-12
18.586	2.9769624216380808e-12
18.594	2.9721446672295027e-12
18.602	2.9674226742332405e-12
18.609	2.963746749058551e-12
18.617	2.9589446306098878e-12
18.625	2.9541479482337597e-12
18.633	2.948002800341506e-12
18.641	2.943217077705543e-12
18.648	2.9388421790741465e-12
18.656	2.9340665810229907e-12
18.664	2.9293866082317476e-12
18.672	2.9246217343733824e-12
18.68	2.9207644302074084e-12
18.688	2.9160101632328783e-12
18.695	2.911662878015246e-12
18.703	2.9055653890654464e-12
18.711	2.900916742168432e-12
18.719	2.8962733640184306e-12
18.727	2.8916352425835884e-12
18.734	2.8872203766854073e-12
18.742	2.8825921165782583e-12
18.75	2.877969078141457e-12
18.758	2.874162765000377e-12
18.766	2.8681975341347494e-12
18.773	2.8638952251181103e-12
18.781	2.859292385582393e-12
18.789	2.8546947082726916e-12
18.797	2.850102181290862e-12
18.805	2.845514792753913e-12
18.812	2.8412345728988787e-12
18.82	2.8366568108414564e-12
18.828	2.831723561422489e-12
18.836	2.827156026104365e-12
18.844	2.822593570544598e-12
18.852	2.8180361829454513e-12
18.859	2.8137822298516803e-12
18.867	2.80932445904371e-12
18.875	2.8047815901942414e-12
18.883	2.8002437434448537e-12
18.891	2.7945393246679883e-12
18.898	2.791208141141798e-12
18.906	2.7867748128211676e-12
18.914	2.782256347426182e-12
18.922	2.7777428463780777e-12
18.93	2.773324383423908e-12
18.938	2.7688207702545423e-12
18.945	2.7647040008060584e-12
18.953	2.7584075756436386e-12
18.961	2.753647827988537e-12
18.969	2.749884333155339e-12
18.977	2.7451344096814642e-12
18.984	2.740678072379403e-12
18.992	2.735937261923089e-12
19	2.7312012999297553e-12
19.008	2.7264701734184164e-12
19.016	2.7218340098011942e-12
19.023	2.7159553592562425e-12
19.031	2.7112379696265064e-12
19.039	2.7075175066156588e-12
19.047	2.702899910091303e-12
19.055	2.6981968948577168e-12
19.062	2.693871436432955e-12
19.07	2.6891772939696963e-12
19.078	2.6845780812500446e-12
19.086	2.6785398234630535e-12
19.094	2.6738597130682108e-12
19.102	2.6692745532313284e-12
19.109	2.6659658998230502e-12
19.117	2.6612992755544695e-12
19.125	2.656727557338947e-12
19.133	2.652160481942982e-12
19.141	2.647598037021434e-12
19.148	2.6419616842837537e-12
19.156	2.6374077996473663e-12
19.164	2.632858506841998e-12
19.172	2.6283137935401685e-12
19.18	2.623773647420957e-12
19.188	2.6202317830277695e-12
19.195	2.6159733445520246e-12
19.203	2.611446306390165e-12
19.211	2.6056585991320073e-12
19.219	2.601140502307958e-12
19.227	2.59662689928549e-12
19.234	2.592387319755297e-12
19.242	2.5879725140975262e-12
19.25	2.583471746509964e-12
19.258	2.5800604716056313e-12
19.266	2.575568671912131e-12
19.273	2.570172304922707e-12
19.281	2.565688663598069e-12
19.289	2.5612999011382897e-12
19.297	2.556825050805472e-12
19.305	2.5524450682984768e-12
19.312	2.5482428427496263e-12
19.32	2.5438710308965945e-12
19.328	2.5404991178246083e-12
19.336	2.5361360622668404e-12
19.344	2.530510045613395e-12
19.352	2.5261555537697485e-12
19.359	2.5220659041150224e-12
19.367	2.5177194540152054e-12
19.375	2.513377286409609e-12
19.383	2.508948802425073e-12
19.391	2.5046151577594492e-12
19.398	2.5016306692133596e-12
19.406	2.49612721982491e-12
19.414	2.4918057235202656e-12
19.422	2.487579077405088e-12
19.43	2.4832660037369333e-12
19.438	2.4786851505786922e-12
19.445	2.474634927306391e-12
19.453	2.470061738316509e-12
19.461	2.4654926223636624e-12
19.469	2.4611997573538553e-12
19.477	2.4567295476497152e-12
19.484	2.4524243655887702e-12
19.492	2.447961703201307e-12
19.5	2.4434122801487054e-12
19.508	2.4389576758475094e-12
19.516	2.4344162479772545e-12
19.523	2.430218589989804e-12
19.531	2.424320797755384e-12
19.539	2.4198813320513528e-12
19.547	2.4165373103648996e-12
19.555	2.4121059765786625e-12
19.562	2.4079247484542628e-12
19.57	2.403500730365677e-12
19.578	2.398989607236095e-12
19.586	2.394573388813419e-12
19.594	2.388885870297956e-12
19.602	2.3844771458018947e-12
19.609	2.3776699926743208e-12
19.617	2.372172238709724e-12
19.625	2.3658547102956347e-12
19.633	2.3599960714950586e-12
19.641	2.3556043381219532e-12
19.648	2.3531944583998383e-12
19.656	2.353289377282925e-12
19.664	2.362208965390694e-12
19.672	2.364459324962874e-12
19.68	2.3662460302138196e-12
19.688	2.3679330815392417e-12
19.695	2.3690418761435906e-12
19.703	2.371161828958197e-12
19.711	2.376134574850001e-12
19.719	2.3840174157981685e-12
19.727	2.407207886602008e-12
19.734	2.4216272629567726e-12
19.742	2.4389649421641855e-12
19.75	2.463579823091692e-12
19.758	2.4616707413141532e-12
19.766	2.4593366820469407e-12
19.773	2.457168661653653e-12
19.781	2.454754807497949e-12
19.789	2.4525145823807757e-12
19.797	2.45010666554178e-12
19.805	2.4477017640954997e-12
19.812	2.445631873602658e-12
19.82	2.4432325923694396e-12
19.828	2.4413464671898336e-12
19.836	2.438952860596597e-12
19.844	2.4366471536000105e-12
19.852	2.4343443230437602e-12
19.859	2.432289301570295e-12
19.867	2.4299071328838023e-12
19.875	2.427527936877796e-12
19.883	2.4251517086525647e-12
19.891	2.4228630301541464e-12
19.898	2.420735965749208e-12
19.906	2.4188750942141445e-12
19.914	2.4080535235902633e-12
19.922	2.4143165343412834e-12
19.93	2.412041502884279e-12
19.938	2.409685050208651e-12
19.945	2.4075729307345492e-12
19.953	2.3948489822742936e-12
19.961	2.4029580900922643e-12
19.969	2.4006129452448003e-12
19.977	2.3989425435539787e-12
19.984	2.3968426550451446e-12
19.992	2.3945893502929078e-12
20	2.3922550223700428e-12
20.008	2.389923588120877e-12
20.016	2.3876787519848613e-12
20.023	2.371746595320011e-12
20.031	2.369095626617618e-12
20.039	2.3664478926610354e-12
20.047	2.364139489728396e-12
20.055	2.3614980483407473e-12
20.062	2.359094988513417e-12
20.07	2.3565435288508367e-12
20.078	2.3539113316588613e-12
20.086	2.351282337637197e-12
20.094	2.3486565414064156e-12
20.102	2.346033937597755e-12
20.109	2.3434801645633836e-12
20.117	2.3414493426286974e-12
20.125	2.338835733759333e-12
20.133	2.3617449440706943e-12
20.141	2.3837059845086102e-12
20.148	2.405148747020907e-12
20.156	2.4256200653537747e-12
20.164	2.4454569430654002e-12
20.172	2.4853439673378695e-12
20.18	2.502849731922986e-12
20.188	2.520329978296194e-12
20.195	2.5371999479324517e-12
20.203	2.5531296799529304e-12
20.211	2.568459238912576e-12
20.219	2.583201585351418e-12
20.227	2.5974427603810002e-12
20.234	2.6262137042352912e-12
20.242	2.638372358613935e-12
20.25	2.6502906902574987e-12
20.258	2.6616149119077407e-12
20.266	2.6723550582560458e-12
20.273	2.682856046385225e-12
20.281	2.6926677064701934e-12
20.289	2.701990117794304e-12
20.297	2.720991969716003e-12
20.305	2.7287565923400194e-12
20.312	2.7363974197985195e-12
20.32	2.7436554250414756e-12
20.328	2.7505274994769563e-12
20.336	2.75674604964205e-12
20.344	2.762860793662118e-12
20.352	2.768602658266365e-12
20.359	2.7742481262578872e-12
20.367	2.7858227368132195e-12
20.375	2.790248051822697e-12
20.383	2.7945834356683495e-12
20.391	2.7986307594144873e-12
20.398	2.6888113355435055e-12
20.406	2.6922757928058898e-12
20.414	2.695585436327711e-12
20.422	2.6986048301585626e-12
20.43	2.7058998591901135e-12
20.438	2.7082663955886402e-12
20.445	2.710818429230892e-12
20.453	2.7128235739768864e-12
20.461	2.7146836480644757e-12
20.469	2.7162650507137673e-12
20.477	2.7173681172274288e-12
20.484	2.7188642852442244e-12
20.492	2.722494953300871e-12
20.5	2.7231735553312098e-12
20.508	2.723714217369179e-12
20.516	2.7241176601139064e-12
20.523	2.724583711253659e-12
20.531	2.72458226421458e-12
20.539	2.7244460085273697e-12
20.547	2.7238451683006242e-12
20.555	2.724629079082394e-12
20.562	2.7241581248462503e-12
20.57	2.723355866897417e-12
20.578	2.7224219651805858e-12
20.586	2.721356899305646e-12
20.594	2.7200955592612886e-12
20.602	2.7187695913047185e-12
20.609	2.717577479605727e-12
20.617	2.7160573254799563e-12
20.625	2.7139507320642244e-12
20.633	2.7120424015114343e-12
20.641	2.7100057695770795e-12
20.648	2.708168611032472e-12
20.656	2.70594104115365e-12
20.664	2.7035859436776937e-12
20.672	2.701168618124724e-12
20.68	2.698624189421897e-12
20.688	2.695108241176674e-12
20.695	2.6922461040928575e-12
20.703	2.689386763697132e-12
20.711	2.6864659091346613e-12
20.719	2.6834836241185375e-12
20.727	2.680375138298725e-12
20.734	2.6774636720818836e-12
20.742	2.6742323797489386e-12
20.75	2.6693197111537603e-12
20.758	2.6658370834678627e-12
20.766	2.6620342490068046e-12
20.773	2.6587504824758593e-12
20.781	2.6551493525272707e-12
20.789	2.5530772580356278e-12
20.797	2.549432317631764e-12
20.805	2.545791118980078e-12
20.812	2.6383810190573468e-12
20.82	2.634475050964702e-12
20.828	2.532711341360004e-12
20.836	2.528748310073926e-12
20.844	2.5247890042494223e-12
20.852	2.5209007296173088e-12
20.859	2.5171228623357082e-12
20.867	2.513174208336685e-12
20.875	2.5069390025918275e-12
20.883	2.5028628380683718e-12
20.891	2.4987903237941216e-12
20.898	2.4949602080481958e-12
20.906	2.4908270607434142e-12
20.914	2.4866975200388155e-12
20.922	2.482571575957092e-12
20.93	2.4784492185212344e-12
20.938	2.472103226074769e-12
20.945	2.4681558370389897e-12
20.953	2.464043377532758e-12
20.961	2.4599344610067453e-12
20.969	2.4557615084671574e-12
20.977	2.4516596380593093e-12
20.984	2.4477945648836698e-12
20.992	2.4436316238671195e-12
21	2.4395397734435028e-12
21.008	2.433218629762848e-12
21.016	2.4291333865773064e-12
21.023	2.425282312450525e-12
21.031	2.421203501538618e-12
21.039	2.417195870101919e-12
21.047	2.413123939562086e-12
21.055	2.409190947814258e-12
21.062	2.4054220348948104e-12
21.07	2.399325476904317e-12
21.078	2.395334228253641e-12
21.086	2.3914142398696085e-12
21.094	2.387497658821017e-12
21.102	2.383584475852089e-12
21.109	2.3799680438898596e-12
21.117	2.3760611825504183e-12
21.125	2.3722935041687118e-12
21.133	2.366491069251911e-12
21.141	2.3626620332175647e-12
21.148	2.35905943789492e-12
21.156	2.355304655083083e-12
21.164	2.351553224763936e-12
21.172	2.3478051384064727e-12
21.18	2.344400416842416e-12
21.188	2.3410670277210318e-12
21.195	2.3358487449080963e-12
21.203	2.332521770118932e-12
21.211	2.329266144116164e-12
21.219	2.3259457655325667e-12
21.227	2.3226967092770425e-12
21.234	2.319601364743414e-12
21.242	2.316358464355938e-12
21.25	2.313186838725861e-12
21.258	2.240981097399397e-12
21.266	2.2377537698459446e-12
21.273	2.2348798789398675e-12
21.281	2.231728558868439e-12
21.289	2.2286504536339022e-12
21.297	2.2255754619693952e-12
21.305	2.22257363859762e-12
21.312	2.219713139209208e-12
21.32	2.21671712617964e-12
21.328	2.212252922003349e-12
21.336	2.209333335543486e-12
21.344	2.2062766632838383e-12
21.352	2.2033631666947583e-12
21.359	2.2005886978098383e-12
21.367	2.197680906593318e-12
21.375	2.1948461497659086e-12
21.383	2.191944367408222e-12
21.391	2.1878553367697846e-12
21.398	2.1852340105312e-12
21.406	2.18241107587572e-12
21.414	2.179521101390945e-12
21.422	2.176774078482008e-12
21.43	2.1739600050942538e-12
21.438	2.1712188295207806e-12
21.445	2.1686828029705013e-12
21.453	2.164758006635938e-12
21.461	2.1620954303080483e-12
21.469	2.1593657808674783e-12
21.477	2.1567089336122537e-12
21.484	2.154185561877074e-12
21.492	2.1515341024957874e-12
21.5	2.1488854818418447e-12
21.508	2.146239695035747e-12
21.516	2.1426188508009897e-12
21.523	2.1402476780636663e-12
21.531	2.1376102749632102e-12
21.539	2.1350455009632285e-12
21.547	2.1324834988244683e-12
21.555	2.1299242638809897e-12
21.562	2.127634881360988e-12
21.57	2.1250808371477408e-12
21.578	2.12162300428325e-12
21.586	2.119144445981023e-12
21.594	2.11659888376344e-12
21.602	2.11412574767656e-12
21.609	2.111850751798648e-12
21.617	2.109382697575168e-12
21.625	2.1069173284194586e-12
21.633	2.104524244313279e-12
21.641	2.102064210478494e-12
21.648	2.0989658637201083e-12
21.656	2.0965806996531475e-12
21.664	2.0941981534358807e-12
21.672	2.0917486963301376e-12
21.68	2.0893713966626352e-12
21.688	2.086996702086432e-12
21.695	2.0848167883893986e-12
21.703	2.082516439023682e-12
21.711	2.0793161072859618e-12
21.719	2.0770211749135688e-12
21.727	2.074659387559968e-12
21.734	2.0724908810468735e-12
21.742	2.0702033122832327e-12
21.75	2.067848942258934e-12
21.758	2.065497140050359e-12
21.766	2.0631479015003705e-12
21.773	2.060297778932598e-12
21.781	2.0579535998356615e-12
21.789	2.0556119719241857e-12
21.797	2.053342107570168e-12
21.805	1.9623930572974954e-12
21.812	2.0488593774494747e-12
21.82	1.9581064880122898e-12
21.828	1.955876835398985e-12
21.836	2.0411804584342084e-12
21.844	2.0388564952026385e-12
21.852	1.9486248315266806e-12
21.859	1.946510920302473e-12
21.867	1.944293263517092e-12
21.875	1.9420058617936768e-12
21.883	1.9397930223364343e-12
21.891	1.937510473928492e-12
21.898	1.9347582130803014e-12
21.906	1.9324804337744865e-12
21.914	1.9303492138997428e-12
21.922	1.9280762356750593e-12
21.93	1.925805672402847e-12
21.938	1.9235375200924536e-12
21.945	1.9214468775668096e-12
21.953	1.919183265219411e-12
21.961	1.9168500998345662e-12
21.969	1.913871828731688e-12
21.977	1.9116156219820984e-12
21.984	1.909679360737068e-12
21.992	1.907355712641308e-12
22.999999999999996	1.2451795841209833e-12
23.884192216218374	1.1764938819844584e-12
24.802375557446364	1.1127995336152444e-12
25.755856749255898	1.0537338199662097e-12
26.74599275185275	9.989603805921772e-13
27.774192691253674	9.481672981842092e-13
28.841919864703925	9.01065322299785e-13
29.950693823189393	8.573862221735666e-13
31.10209253400695	8.168812592285397e-13
32.297754626470976	7.793197705889597e-13
33.5393817239517	7.444878555286715e-13
34.82874086556454	7.121871573745337e-13
36.16766702095667	6.822337339282819e-13
37.55806570177006	6.544570099742346e-13
39.001915673497166	6.286988059077182e-13
40.501271771588996	6.048124369525469e-13
42.05826782582309	5.826618778378983e-13
43.67511969709354	5.621209881776752e-13
45.35412843094467	5.430727941411452e-13
47.097683532336404	5.254088223241931e-13
48.908266366302	5.090284820278005e-13
50.788453689337615	4.938384924260217e-13
52.74092131654978	4.797523513613596e-13
54.768447929779306	4.666898427425045e-13
56.87391903212161	4.5457657973921637e-13
59.060331054471	4.433435811729973e-13
61.330795619933774	4.329268786912274e-13
63.68854397217836	4.232671524877519e-13
66.13693157402543	4.1430939349545893e-13
68.67944288282197	4.06002590127147e-13
71.31969630939614	3.9829943778076563e-13
74.06144936764946	3.9115606945475947e-13
76.90860402211585	3.8453180593945216e-13
79.86521224109745	3.783889241618908e-13
82.93548176328036	3.7269244236494897e-13
86.12378208603748	3.6740992089734997e-13
89.43465068394016	3.6251127748017537e-13
92.87279946632931	3.5796861589785807e-13
96.44312148313534	3.5375606713811125e-13
100.1506978884915	3.498496420761341e-13
104.00080517204985	3.462270948641797e-13
107.99892266829202	3.4286779624853006e-13
112.15074035452133	3.397526160924605e-13
116.46216694863432	3.3686381443619775e-13
120.93933831819551	3.3418494047349405e-13
125.5886262127846	3.3170073886951964e-13
130.41664733204126	3.2939706288658507e-13
135.43027274231466	3.2726079382297164e-13
140.6366376553184	3.252797663060991e-13
146.04315158270782	3.2344269901459967e-13
151.65750888103088	3.2173913043478266e-13
157.4876997020603	3.2015935928564264e-13
163.54202136409086	3.1869438927315064e-13
169.82909016038425	3.1733587785922287e-13
176.3578536215695	3.160760887536201e-13
183.13760324944653	3.149078478582368e-13
190.17798774031823	3.138245024128951e-13
197.4890267166688	3.128198831099921e-13
205.0811249867306	3.1188826896225645e-13
212.96508735223387	3.1102435472354613e-13
221.15213398541286	3.102232206771595e-13
229.65391639715136	3.0948030461961433e-13
238.48253401899598	3.087913758803505e-13
247.65055142263208	3.0815251122940745e-13
257.1710162013312	3.0756007253587757e-13
267.0574775388176	3.0701068604990863e-13
277.32400549198	3.065012231902717e-13
287.9852110148718	3.060287827280866e-13
299.05626675249596	3.0559067426524637e-13
310.5529286339695	3.0518440291345647e-13
322.49155829579456	3.0480765508663943e-13
334.88914636715435	3.0445828532579854e-13
347.76333665036543	3.041343040813113e-13
361.1324512309038	3.0383386638307765e-13
375.0155165527398	3.03555261334002e-13
389.4322904960896	3.03296902366979e-13
404.4032904961216	3.0305731820989826e-13
419.9498227426337	3.0283514450721834e-13
436.0940125022565	3.026291160503956e-13
452.85883560634056	3.0243805957292443e-13
470.2681511493338	3.0226088706895764e-13
488.346735444188	3.020965895974595e-13
507.12031728311865	3.019442315366074e-13
526.6156145538981	3.0180294525572354e-13
546.8603722637943	3.016719261743939e-13
567.8834020252696	3.0155042818063906e-13
589.7146230596334	3.0143775938204406e-13
612.3851047770021	3.0133327816565076e-13
635.9271109931716	3.0123638954417657e-13
660.3741458463195	3.0114654176775113e-13
685.7610014788922	3.0106322318187617e-13
712.1238075525338	3.0098595931371624e-13
739.5000826665225	3.0091431017012665e-13
767.9287877528958	3.008478677320326e-13
797.4503815242498	3.007862536308904e-13
828.1068780531244	3.00729116993999e-13
859.9419065649275	3.0067613244639147e-13
893.0007735294796	3.006269982579284e-13
927.3305271395559	3.005814346250403e-13
962.9800242681854	3.0053918207733584e-13
999.999999999999	3.0050000000000003e-13