0.0078125	9.172882316238264e-7
0.015625	2.999930145976958e-7
0.023438	9.318642781853657e-8
0.03125	4.0070986840461094e-8
0.039062	3.067572744872624e-8
0.046875	3.9869560384035386e-8
0.054688	4.583383639850924e-8
0.0625	4.5907265785427246e-8
0.070312	4.356116087274808e-8
0.078125	3.753434922633598e-8
0.085938	3.8735575269534556e-8
0.09375	4.357007658323357e-8
0.10156	5.1037748626220354e-8
0.10938	5.4708538532935596e-8
0.11719	5.672654835147784e-8
0.125	5.617193786503495e-8
0.13281	6.15591172909683e-8
0.14062	6.299428689558352e-8
0.14844	6.049335783028774e-8
0.15625	6.457231926181035e-8
0.16406	7.122439541109747e-8
0.17188	7.949647668953108e-8
0.17969	9.111003732448649e-8
0.1875	1.0213413570999057e-7
0.19531	1.2031876314502183e-7
0.20312	1.2564897872934538e-7
0.21094	1.3000808307253516e-7
0.21875	1.2466311882025528e-7
0.22656	1.2329617059115973e-7
0.23438	1.2072393688866795e-7
0.24219	1.1440794602973123e-7
0.25	1.0863294241214685e-7
0.25781	1.0150259708597533e-7
0.26562	9.357346734459102e-8
0.27344	8.636599528826636e-8
0.28125	7.980928973760063e-8
0.28906	7.432484600499757e-8
0.29688	6.836787237160847e-8
0.30469	6.309090687857695e-8
0.3125	5.8249071882023296e-8
0.32031	5.32207428059452e-8
0.32812	4.8915599676581484e-8
0.33594	4.54346207627283e-8
0.34375	4.189186340645126e-8
0.35156	3.861604229793817e-8
0.35938	3.624542876710279e-8
0.36719	3.362619409287718e-8
0.375	3.0982813605645356e-8
0.38281	2.881132851415723e-8
0.39062	2.611357101643354e-8
0.39844	2.4165299086179896e-8
0.40625	2.221071773607689e-8
0.41406	2.047112458540524e-8
0.42188	1.873696549927581e-8
0.42969	1.7289497287732595e-8
0.4375	1.6279172115526475e-8
0.44531	1.496918230534546e-8
0.45312	1.3514638176825663e-8
0.46094	1.2470388319693054e-8
0.46875	1.1536741951128358e-8
0.47656	1.0657543795288376e-8
0.48438	9.9178131984625e-9
0.49219	9.173209848816088e-9
0.5	8.469990389143606e-9
0.50781	8.098883489514862e-9
0.51562	7.478602602732629e-9
0.52344	7.040106977416541e-9
0.53125	6.642288156850954e-9
0.53906	6.295385813620001e-9
0.54688	6.008251077080481e-9
0.55469	5.7057067443592874e-9
0.5625	5.48318065864385e-9
0.57031	5.242972915908386e-9
0.57812	5.04669451477428e-9
0.58594	4.836169187874333e-9
0.59375	4.6622407558781825e-9
0.60156	4.495669105730759e-9
0.60938	4.335867993757488e-9
0.61719	4.186622918360771e-9
0.625	4.043420808124956e-9
0.63281	3.905952872051246e-9
0.64062	3.724802802648358e-9
0.64844	3.6066404168039764e-9
0.65625	3.4625084977603177e-9
0.66406	3.3241201342467182e-9
0.67188	3.207043236893821e-9
0.67969	3.068082062872699e-9
0.6875	2.934537359562523e-9
0.69531	2.8115731987149053e-9
0.70312	2.67875475771202e-9
0.71094	2.5197815888239055e-9
0.71875	2.432380600463991e-9
0.72656	2.318679576282426e-9
0.73438	2.209176457831989e-9
0.74219	2.103802927381496e-9
0.75	1.9966847145766603e-9
0.75781	1.8934711889768725e-9
0.76562	1.7940393575280261e-9
0.77344	1.6791757027727014e-9
0.78125	1.594530398227393e-9
0.78906	1.5128640134339712e-9
0.79688	1.4627399117412709e-9
0.80469	1.3921487818305554e-9
0.8125	1.3240204737681443e-9
0.82031	1.2582000991896956e-9
0.82812	1.1980700916614276e-9
0.83594	1.1271593585942104e-9
0.84375	1.0725987661484735e-9
0.85156	1.0253988902288e-9
0.85938	9.797070413474952e-10
0.86719	9.519983722922333e-10
0.875	9.12081843708925e-10
0.88281	8.734247554517633e-10
0.89062	8.400563585715241e-10
0.89844	8.0187877676288e-10
0.90625	7.712688673718254e-10
0.91406	7.449984857750712e-10
0.92188	7.194906681181898e-10
0.92969	6.947433110131735e-10
0.9375	6.801578478817201e-10
0.94531	6.599201697576693e-10
0.95312	6.402616808558655e-10
0.96094	6.176448865901927e-10
0.96875	6.001266133103305e-10
0.97656	5.830883724142371e-10
0.98438	5.665025431078047e-10
0.99219	5.503710909475848e-10
1	5.367034838610833e-10
1.0078	5.265766379347197e-10
1.0156	5.137342229999702e-10
1.0234	5.012230352182153e-10
1.0312	4.878243673867274e-10
1.0391	4.776201077405714e-10
1.0469	4.67757155999223e-10
1.0547	4.581333359995464e-10
1.0625	4.4874135485877176e-10
1.0703	4.3957419121412114e-10
1.0781	4.3260578866467436e-10
1.0859	4.2391704121705784e-10
1.0938	4.161817040470564e-10
1.1016	4.091817918202955e-10
1.1094	4.0234436038001377e-10
1.1172	3.956491204993206e-10
1.125	3.891075240775075e-10
1.1328	3.8173147571556256e-10
1.1406	3.745245230162877e-10
1.1484	3.6747689092161895e-10
1.1562	3.605841107823641e-10
1.1641	3.538946336487879e-10
1.1719	3.4740712362189844e-10
1.1797	3.410602237969569e-10
1.1875	3.3485009859877085e-10
1.1953	3.2877304035209733e-10
1.2031	3.237112364399229e-10
1.2109	3.178735229875001e-10
1.2188	3.1249392779784457e-10
1.2266	3.080817545980782e-10
1.2344	3.0346842885879575e-10
1.2422	2.9894907521042265e-10
1.25	2.9452128384263925e-10
1.2578	2.901738866322713e-10
1.2656	2.859136320198925e-10
1.2734	2.817383251186632e-10
1.2812	2.7737124788832275e-10
1.2891	2.733325187820391e-10
1.2969	2.698235171262628e-10
1.3047	2.6598746236387905e-10
1.3125	2.622218371373327e-10
1.3203	2.5852902941211794e-10
1.3281	2.549032332669674e-10
1.3359	2.5134285358361076e-10
1.3438	2.4781342588236504e-10
1.3516	2.442855383154639e-10
1.3594	2.409333173336218e-10
1.3672	2.381111031007425e-10
1.375	2.348867618252002e-10
1.3828	2.3124101933782676e-10
1.3906	2.276577410480075e-10
1.3984	2.2414295225358647e-10
1.4062	2.2069508254290595e-10
1.4141	2.1688272837080612e-10
1.4219	2.1406662239489638e-10
1.4297	2.1089787365914287e-10
1.4375	2.0789385246628253e-10
1.4453	2.048536156689227e-10
1.4531	2.018705090377628e-10
1.4609	1.9893619330074476e-10
1.4688	1.9602289233856306e-10
1.4766	1.9262724031189568e-10
1.4844	1.8986487795537902e-10
1.4922	1.8715016213259708e-10
1.5	1.8416577044112668e-10
1.5078	1.812305011507335e-10
1.5156	1.786294189020148e-10
1.5234	1.7581500472948624e-10
1.5312	1.7304971798781554e-10
1.5391	1.6941846773325355e-10
1.5469	1.6651399398237975e-10
1.5547	1.63660571354875e-10
1.5625	1.6085379400636528e-10
1.5703	1.5809265623827263e-10
1.5781	1.553795061317738e-10
1.5859	1.5317759865918558e-10
1.5938	1.5055734321860845e-10
1.6016	1.4740729378303444e-10
1.6094	1.44916737641987e-10
1.6172	1.4246932155877192e-10
1.625	1.40064196052957e-10
1.6328	1.3769397771622838e-10
1.6406	1.353644424067593e-10
1.6484	1.3307480257175906e-10
1.6562	1.312213107222136e-10
1.6641	1.288112306192631e-10
1.6719	1.2593444657424596e-10
1.6797	1.2364162149306052e-10
1.6875	1.2138849358328156e-10
1.6953	1.191710782654533e-10
1.7031	1.169919276483208e-10
1.7109	1.1484383280138666e-10
1.7188	1.1271626090766654e-10
1.7266	1.1135707268742357e-10
1.7344	1.0901636490541203e-10
1.7422	1.0727581869855072e-10
1.75	1.0556291580193597e-10
1.7578	1.0387714929311469e-10
1.7656	1.0237615417210022e-10
1.7734	1.009005838318932e-10
1.7812	9.944358761743468e-11
1.7891	9.800022703042327e-11
1.7969	9.70720551098736e-11
1.8047	9.58947595150879e-11
1.8125	9.472975315392761e-11
1.8203	9.358304868523929e-11
1.8281	9.245432620543868e-11
1.8359	9.134018125808259e-11
1.8438	9.023056476072613e-11
1.8516	8.914801799884371e-11
1.8594	8.839254402308247e-11
1.8672	8.749284451383103e-11
1.875	8.692183867210053e-11
1.8828	8.604306754282418e-11
1.8906	8.533456073791405e-11
1.8984	8.463476915444548e-11
1.9062	8.394355043704232e-11
1.9141	8.325206562240539e-11
1.9219	8.272277792263204e-11
1.9297	8.205538546063555e-11
1.9375	8.153017888548241e-11
1.9453	8.101328736022016e-11
1.9531	8.04990722002579e-11
1.9609	7.998753312139592e-11
1.9688	7.961555109566153e-11
1.9766	7.925407096805957e-11
1.9844	7.889492257573282e-11
1.9922	7.877630765837403e-11
2	7.841915569243916e-11
2.0078	7.806180901268375e-11
2.0156	7.767431328692675e-11
2.0234	7.732205439485899e-11
2.0312	7.697213444768594e-11
2.0391	7.661944461117385e-11
2.0469	7.627419265375506e-11
2.0547	7.611590579151457e-11
2.0625	7.577326600814483e-11
2.0703	7.543291656208286e-11
2.0781	7.519556602541849e-11
2.0859	7.479075244798648e-11
2.0938	7.454608110682688e-11
2.1016	7.431090634526442e-11
2.1094	7.420040711175403e-11
2.1172	7.421185277445304e-11
2.125	7.397282174976094e-11
2.1328	7.373405448865977e-11
2.1406	7.349765825985238e-11
2.1484	7.326153450588763e-11
2.1562	7.283033444582495e-11
2.1641	7.258829279825987e-11
2.1719	7.235336587436687e-11
2.1797	7.220154328219347e-11
2.1875	7.196455145647017e-11
2.1953	7.172996999961216e-11
2.2031	7.149775568059741e-11
2.2109	7.12659822243678e-11
2.2188	7.094808761286405e-11
2.2266	7.063874991716306e-11
2.2344	7.01959528913613e-11
2.2422	6.993746485624721e-11
2.25	6.962980690708837e-11
2.2578	6.932606178977694e-11
2.2656	6.902439652729801e-11
2.2734	6.872654072731195e-11
2.2812	6.842896523842708e-11
2.2891	6.812917874880581e-11
2.2969	6.783736825556894e-11
2.3047	6.740427845381493e-11
2.3125	6.71377447860154e-11
2.3203	6.684957202935162e-11
2.3281	6.656335631126514e-11
2.3359	6.62026256509792e-11
2.3438	6.584110733766262e-11
2.3516	6.548680554161663e-11
2.3594	6.51372301106496e-11
2.3672	6.478915146039014e-11
2.375	6.438465010237475e-11
2.3828	6.40415637957534e-11
2.3906	6.37014833489119e-11
2.3984	6.336590239201569e-11
2.4062	6.303171314674179e-11
2.4141	6.269522781009883e-11
2.4219	6.236833934589377e-11
2.4297	6.204277318146381e-11
2.4375	6.172294702212029e-11
2.4453	6.132980823219791e-11
2.4531	6.101160485619028e-11
2.4609	6.069755580009363e-11
2.4688	6.03798442741409e-11
2.4766	6.000011307684797e-11
2.4844	5.962395286407256e-11
2.4922	5.92513190004793e-11
2.5	5.881238703798958e-11
2.5078	5.83790680499396e-11
2.5156	5.7951287641255275e-11
2.5234	5.752759715718693e-11
2.5312	5.710794520906105e-11
2.5391	5.668917730976219e-11
2.5469	5.627749068036961e-11
2.5547	5.5869692617522116e-11
2.5625	5.5409365844029384e-11
2.5703	5.501081339267214e-11
2.5781	5.461599125511343e-11
2.5859	5.4224853535296903e-11
2.5938	5.38437356615262e-11
2.6016	5.346113276704223e-11
2.6094	5.31419991780263e-11
2.6172	5.2825714661476226e-11
2.625	5.251224540449191e-11
2.6328	5.2210510842877234e-11
2.6406	5.1902519845531824e-11
2.6484	5.153528107547288e-11
2.6562	5.117012084495942e-11
2.6641	5.087836267794416e-11
2.6719	5.058174082027001e-11
2.6797	5.02877053882324e-11
2.6875	4.9996226398850104e-11
2.6953	4.971705679185814e-11
2.7031	4.943054608943321e-11
2.7109	4.9146504936112755e-11
2.7188	4.886131050439809e-11
2.7266	4.8582154714468735e-11
2.7344	4.83148872837729e-11
2.7422	4.80404214168726e-11
2.75	4.776828769131296e-11
2.7578	4.750780019765648e-11
2.7656	4.72401994721542e-11
2.7734	4.6974853397011465e-11
2.7812	4.6711736714657554e-11
2.7891	4.6447493697241594e-11
2.7969	4.618878922250751e-11
2.8047	4.594126904619423e-11
2.8125	4.568680149220716e-11
2.8203	4.544336986405187e-11
2.8281	4.5193046692533595e-11
2.8359	4.494478618297122e-11
2.8438	4.469542221083417e-11
2.8516	4.445124526028165e-11
2.8594	4.420906381367609e-11
2.8672	4.3968856186112494e-11
2.875	4.373811677252731e-11
2.8828	4.350922616852116e-11
2.8906	4.32747322342727e-11
2.8984	4.3042128919462964e-11
2.9062	4.2811395954290636e-11
2.9141	4.257959087443379e-11
2.9219	4.23525622209851e-11
2.9297	4.212734446810971e-11
2.9375	4.1903918407290724e-11
2.9453	4.1689423910195286e-11
2.9531	4.1476606689210344e-11
2.9609	4.125836804181703e-11
2.9688	4.1039082511223366e-11
2.9766	4.0824283454641366e-11
2.9844	4.061116638663626e-11
2.9922	4.03997137918065e-11
3	4.018990838215433e-11
3.0078	3.9981733093552136e-11
3.0156	3.978199767995136e-11
3.0234	3.958378739547439e-11
3.0312	3.938033246444904e-11
3.0391	3.9175863855045184e-11
3.0469	3.897554181661014e-11
3.0547	3.877675235042991e-11
3.0625	3.8579479862933964e-11
3.0703	3.8383708958374665e-11
3.0781	3.81950387388115e-11
3.0859	3.800219724336453e-11
3.0938	3.781485093677932e-11
3.1016	3.762489416913867e-11
3.1094	3.743636514024063e-11
3.1172	3.7249249577767046e-11
3.125	3.706353338729569e-11
3.1328	3.6879202649646086e-11
3.1406	3.6735761832258354e-11
3.1484	3.655396536452666e-11
3.1562	3.6407274044624995e-11
3.1641	3.623100144510927e-11
3.1719	3.608554115068573e-11
3.1797	3.594191442785845e-11
3.1875	3.5799229187347144e-11
3.1953	3.565747687550904e-11
3.2031	3.5519223236497394e-11
3.2109	3.537929667598255e-11
3.2188	3.523808847269188e-11
3.2266	3.5099140279007945e-11
3.2344	3.493173434867608e-11
3.2422	3.479558196083386e-11
3.25	3.4659474259899987e-11
3.2578	3.4524242518421575e-11
3.2656	3.4390699209466016e-11
3.2734	3.425719142711842e-11
3.2812	3.406446517118966e-11
3.2891	3.38710935466517e-11
3.2969	3.368119867732478e-11
3.3047	3.3494297002028245e-11
3.3125	3.3307156717231506e-11
3.3203	3.312137700571656e-11
3.3281	3.293773877495326e-11
3.3359	3.272852797400631e-11
3.3438	3.2545689777106995e-11
3.3516	3.2366116365123785e-11
3.3594	3.218783328521414e-11
3.3672	3.201082834135147e-11
3.375	3.1835089479755326e-11
3.3828	3.1665247217804134e-11
3.3906	3.149198765411543e-11
3.3984	3.1273848189511645e-11
3.4062	3.107944666766896e-11
3.4141	3.088459936608789e-11
3.4219	3.0692927261404605e-11
3.4297	3.0502592722454766e-11
3.4375	3.031434100235948e-11
3.4453	3.0126641505797367e-11
3.4531	2.994928415393712e-11
3.4609	2.972505462997847e-11
3.4688	2.9541099524635636e-11
3.4766	2.936011638783674e-11
3.4844	2.918112161847452e-11
3.4922	2.9002609843835788e-11
3.5	2.8826059171693814e-11
3.5078	2.8650712463460466e-11
3.5156	2.8475821024922518e-11
3.5234	2.828077777951316e-11
3.5312	2.8110507170040635e-11
3.5391	2.793907701068604e-11
3.5469	2.7771113493960953e-11
3.5547	2.7603552236685698e-11
3.5625	2.743784066452322e-11
3.5703	2.7273238626265038e-11
3.5781	2.7109735988755927e-11
3.5859	2.6917785881115338e-11
3.5938	2.6771570353655575e-11
3.6016	2.661206928493793e-11
3.6094	2.6454338486178697e-11
3.6172	2.6296937450966645e-11
3.625	2.6141283900492542e-11
3.6328	2.5986654009983908e-11
3.6406	2.5833038582486754e-11
3.6484	2.5680428519259234e-11
3.6562	2.5504893641842182e-11
3.6641	2.5371893325509073e-11
3.6719	2.5222969203440586e-11
3.6797	2.5075709019450794e-11
3.6875	2.4928706714570203e-11
3.6953	2.4783347676189662e-11
3.7031	2.4638925710391756e-11
3.7109	2.4495432547483776e-11
3.7188	2.433156600939896e-11
3.7266	2.4190654778723925e-11
3.7344	2.4050644058785294e-11
3.7422	2.3932040905370807e-11
3.75	2.3793755752263636e-11
3.7578	2.3657028201257682e-11
3.7656	2.3520488739799418e-11
3.7734	2.3385488274071622e-11
3.7812	2.3235134365954918e-11
3.7891	2.310132413775621e-11
3.7969	2.2968903855241638e-11
3.8047	2.2837983136048306e-11
3.8125	2.2729937711353653e-11
3.8203	2.2600593104378178e-11
3.8281	2.2472718446708133e-11
3.8359	2.234497569427197e-11
3.8438	2.2204296489267713e-11
3.8516	2.2078829400477573e-11
3.8594	2.1954136848821954e-11
3.8672	2.1830869306826565e-11
3.875	2.1707704581720926e-11
3.8828	2.1609475684328118e-11
3.8906	2.1488408793230177e-11
3.8984	2.136808156756121e-11
3.9062	2.1238758177047017e-11
3.9141	2.1119482748699288e-11
3.9219	2.1001366911440075e-11
3.9297	2.0884610135238355e-11
3.9375	2.0768559265478688e-11
3.9453	2.0653208417526437e-11
3.9531	2.0563482243140682e-11
3.9609	2.0450093549022643e-11
3.9688	2.0335724371641012e-11
3.9766	2.0216720319973587e-11
3.9844	2.0105380619097136e-11
3.9922	1.9995335865513862e-11
4	1.9885315843891324e-11
4.0078	1.9776577012051223e-11
4.0156	1.9667855079019725e-11
4.0234	1.9586670687810257e-11
4.0312	1.9479790499528073e-11
4.0391	1.9367601849202708e-11
4.0469	1.926261374504424e-11
4.0547	1.915824150655362e-11
4.0625	1.9053862000878202e-11
4.0703	1.8950707948892327e-11
4.0781	1.8848154915829764e-11
4.0859	1.874619804998209e-11
4.0938	1.8643921675171206e-11
4.1016	1.8595646834933708e-11
4.1094	1.850993374238216e-11
4.1172	1.84247236573609e-11
4.125	1.834001268669429e-11
4.1328	1.8270850324634487e-11
4.1406	1.820207845536174e-11
4.1484	1.8133694144753547e-11
4.1562	1.8065694486194043e-11
4.1641	1.8008473208977105e-11
4.1719	1.795181904350757e-11
4.1797	1.7884879533693725e-11
4.1875	1.7818313737368545e-11
4.1953	1.77521188778498e-11
4.2031	1.768629220419578e-11
4.2109	1.762083099091952e-11
4.2188	1.7554900285669446e-11
4.2266	1.7500509268197902e-11
4.2344	1.7436094830099288e-11
4.2422	1.7382296135767648e-11
4.25	1.7318551432935568e-11
4.2578	1.7255156736996544e-11
4.2656	1.7192109490227214e-11
4.2734	1.7141757533686202e-11
4.2812	1.7079352643341778e-11
4.2891	1.7028745707420257e-11
4.2969	1.6989150365211367e-11
4.3047	1.6939776451539794e-11
4.3125	1.6887893654284563e-11
4.3203	1.6839004162002315e-11
4.3281	1.679034851892183e-11
4.3359	1.6741925170783356e-11
4.3438	1.6692963961925052e-11
4.3516	1.664500417559186e-11
4.3594	1.6605297966807356e-11
4.3672	1.6557757745373468e-11
4.375	1.6510442425323417e-11
4.3828	1.6459653331930927e-11
4.3906	1.6412799113960707e-11
4.3984	1.6366165305368735e-11
4.4062	1.631922892583405e-11
4.4141	1.6272296519677667e-11
4.4219	1.6233559038879917e-11
4.4297	1.6187767600148752e-11
4.4375	1.614167707503603e-11
4.4453	1.6096313346528343e-11
4.4531	1.605116032054653e-11
4.4609	1.600166071564494e-11
4.4688	1.5967821085501398e-11
4.4766	1.5935301574376168e-11
4.4844	1.5919829623435562e-11
4.4922	1.588741910105419e-11
4.5	1.5854611357514454e-11
4.5078	1.5821904362843658e-11
4.5156	1.5789786464320828e-11
4.5234	1.5757277626881045e-11
4.5312	1.5719544099610233e-11
4.5391	1.5686568927812833e-11
4.5469	1.5670200722890358e-11
4.5547	1.5638041154865404e-11
4.5625	1.5605980395521917e-11
4.5703	1.5574018115798756e-11
4.5781	1.554215398686011e-11
4.5859	1.5510387680118382e-11
4.5938	1.547851039264888e-11
4.6016	1.543998942852214e-11
4.6094	1.5408547765158145e-11
4.6172	1.539096768507789e-11
4.625	1.5359653516289897e-11
4.6328	1.532843542196927e-11
4.6406	1.529731307394762e-11
4.6484	1.526628614448921e-11
4.6562	1.5235354306308713e-11
4.6641	1.5203865258821536e-11
4.6719	1.5176675127269718e-11
4.6797	1.5180422291026377e-11
4.6875	1.5160655700063664e-11
4.6953	1.5141310631227518e-11
4.7031	1.512194732519292e-11
4.7109	1.5102566664700604e-11
4.7188	1.508253024444671e-11
4.7266	1.5063119340123128e-11
4.7344	1.5044118088902887e-11
4.7422	1.5035227650683665e-11
4.75	1.501571705148837e-11
4.7578	1.499577703733623e-11
4.7656	1.4976660870382444e-11
4.7734	1.4957116832442426e-11
4.7812	1.49375631704465e-11
4.7891	1.4917786456544493e-11
4.7969	1.4898215462738165e-11
4.8047	1.489683275977851e-11
4.8125	1.4877153796354857e-11
4.8203	1.4846266585706696e-11
4.8281	1.4837780557191716e-11
4.8359	1.482956330771684e-11
4.8438	1.4820604858902963e-11
4.8516	1.4812523590207992e-11
4.8594	1.4803924263237102e-11
4.8672	1.4821452677509814e-11
4.875	1.4812841623510344e-11
4.8828	1.4804108968525012e-11
4.8906	1.4781605228379037e-11
4.8984	1.4772714121929758e-11
4.9062	1.476370685159042e-11
4.9141	1.475398491379719e-11
4.9219	1.474475258225533e-11
4.9297	1.473577860360173e-11
4.9375	1.4749033812489525e-11
4.9453	1.473934603421846e-11
4.9531	1.4729916575390314e-11
4.9609	1.4705260946532116e-11
4.9688	1.4694756920351857e-11
4.9766	1.4685102953855565e-11
4.9844	1.4675347810296222e-11
4.9922	1.4665845430576875e-11
5	1.4675491191814424e-11
5.0078	1.4665680388945765e-11
5.0156	1.4655426433091678e-11
5.0234	1.4645424721282916e-11
5.0312	1.4618556235333172e-11
5.0391	1.4607539932426882e-11
5.0469	1.4597355732142253e-11
5.0547	1.4587081636350814e-11
5.0625	1.461520102728818e-11
5.0703	1.4615175357018678e-11
5.0781	1.461494374269665e-11
5.0859	1.461483741490712e-11
5.0938	1.4614279647094058e-11
5.1016	1.459528324360372e-11
5.1094	1.4594685804607424e-11
5.1172	1.4593892747739307e-11
5.125	1.461774171207736e-11
5.1328	1.4616417766553453e-11
5.1406	1.4615222722126305e-11
5.1484	1.4614153770257185e-11
5.1562	1.4605752109252563e-11
5.1641	1.459668198534472e-11
5.1719	1.45883842854704e-11
5.1797	1.456622110436741e-11
5.1875	1.457907989894201e-11
5.1953	1.4580708890106534e-11
5.2031	1.4582722604903253e-11
5.2109	1.458421826804345e-11
5.2188	1.4585238669390523e-11
5.2266	1.4586900286354323e-11
5.2344	1.458834825330686e-11
5.2422	1.4589876900849823e-11
5.25	1.4575557825501973e-11
5.2578	1.460495711256742e-11
5.2656	1.4605501120219467e-11
5.2734	1.4606131573221722e-11
5.2812	1.460656398849179e-11
5.2891	1.460624893920994e-11
5.2969	1.4606573765993114e-11
5.3047	1.4606983224002247e-11
5.3125	1.460719950980407e-11
5.3203	1.4614898742066974e-11
5.3281	1.4614419970842543e-11
5.3359	1.461375992586449e-11
5.3438	1.4623408740661714e-11
5.3516	1.463356149923267e-11
5.3594	1.464366988238413e-11
5.3672	1.4653733326518453e-11
5.375	1.465273832841292e-11
5.3828	1.4694802254592434e-11
5.3906	1.4684166135949362e-11
5.3984	1.4693012905964842e-11
5.4062	1.4701825351634803e-11
5.4141	1.470980561321216e-11
5.4219	1.4718297408653878e-11
5.4297	1.4726505604786587e-11
5.4375	1.4734932444745748e-11
5.4453	1.4771759710212675e-11
5.4531	1.4779448506584314e-11
5.4609	1.476513723754307e-11
5.4688	1.47718805128398e-11
5.4766	1.4778899175465404e-11
5.4844	1.4785896102070327e-11
5.4922	1.4792632272221348e-11
5.5	1.4799585194798594e-11
5.5078	1.483145032970272e-11
5.5156	1.4837735809590738e-11
5.5234	1.4844003205836727e-11
5.5312	1.4850021052366628e-11
5.5391	1.4831378583856284e-11
5.5469	1.4837051381256024e-11
5.5547	1.4842710647293588e-11
5.5625	1.484813001779777e-11
5.5703	1.485353719661611e-11
5.5781	1.4880547422472294e-11
5.5859	1.4885357290899574e-11
5.5938	1.4889626769355076e-11
5.6016	1.4894201713398993e-11
5.6094	1.4873302008236492e-11
5.6172	1.4877795048754628e-11
5.625	1.4876035639156785e-11
5.6328	1.4874124736591316e-11
5.6406	1.4891230849375173e-11
5.6484	1.488913214552422e-11
5.6562	1.4886886764773572e-11
5.6641	1.488418057723563e-11
5.6719	1.488185588325146e-11
5.6797	1.4858655090616227e-11
5.6875	1.485595017046515e-11
5.6953	1.4853312806127417e-11
5.7031	1.4867272747309027e-11
5.7109	1.486427334942374e-11
5.7188	1.4860822559955955e-11
5.7266	1.485775854208514e-11
5.7344	1.4854762311887308e-11
5.7422	1.4851633871194975e-11
5.75	1.4826419474180782e-11
5.7578	1.4822948921053262e-11
5.7656	1.483403812659792e-11
5.7734	1.4830242268345562e-11
5.7812	1.4826518383146456e-11
5.7891	1.4822353069373743e-11
5.7969	1.4818578313826657e-11
5.8047	1.4814682875208412e-11
5.8125	1.4810858164995916e-11
5.8203	1.478386243377325e-11
5.8281	1.4792141354620545e-11
5.8359	1.4787830584983893e-11
5.8438	1.4782900776133084e-11
5.8516	1.4778551341712815e-11
5.8594	1.477409002106588e-11
5.8672	1.4769701632288824e-11
5.875	1.4759365200611146e-11
5.8828	1.4749157080121307e-11
5.8906	1.4749376291929382e-11
5.8984	1.4720659425445004e-11
5.9062	1.471014854500234e-11
5.9141	1.4699090397641805e-11
5.9219	1.468865860492729e-11
5.9297	1.4678176656496926e-11
5.9375	1.466764536536626e-11
5.9453	1.4657065534113533e-11
5.9531	1.464661235371715e-11
5.9609	1.4644788619199656e-11
5.9688	1.46145250323192e-11
5.9766	1.4603804772349468e-11
5.9844	1.459303952782767e-11
5.9922	1.4582230044602358e-11
6	1.4571546939091902e-11
6.0078	1.456081954818733e-11
6.0156	1.4550048604903557e-11
6.0234	1.4546608520392955e-11
6.0312	1.4535720051633078e-11
6.0391	1.4504701004396812e-11
6.0469	1.4493652559669316e-11
6.0547	1.4482730010507973e-11
6.0625	1.447176775358416e-11
6.0703	1.4460766462854547e-11
6.0781	1.444419481122221e-11
6.0859	1.4433627604386302e-11
6.0938	1.4416414567566562e-11
6.1016	1.4399846798481258e-11
6.1094	1.4368711460882141e-11
6.1172	1.435206007928001e-11
6.125	1.4335419186917484e-11
6.1328	1.4318947362439608e-11
6.1406	1.4302327414530965e-11
6.1484	1.4290903376690195e-11
6.1562	1.4274285537859527e-11
6.1641	1.4257372518746547e-11
6.1719	1.4240778496901555e-11
6.1797	1.4209496937139543e-11
6.1875	1.4192983872537344e-11
6.1953	1.4176482754168378e-11
6.2031	1.4160146775027107e-11
6.2109	1.4147784483493527e-11
6.2188	1.413084934080371e-11
6.2266	1.4114533685414384e-11
6.2344	1.4098079109270786e-11
6.2422	1.4081787617554523e-11
6.25	1.4065508165424508e-11
6.2578	1.4033895261177312e-11
6.2656	1.401755048329752e-11
6.2734	1.4001366968144767e-11
6.2812	1.3988142910593691e-11
6.2891	1.3971381958390638e-11
6.2969	1.395522644518637e-11
6.3047	1.3938938132276184e-11
6.3125	1.3922809052374779e-11
6.3203	1.3906693130729648e-11
6.3281	1.3874882955307206e-11
6.3359	1.3858852882848722e-11
6.3438	1.384454599392462e-11
6.3516	1.3828535568456855e-11
6.3594	1.381239671116665e-11
6.3672	1.3790895340759867e-11
6.375	1.3769446813636486e-11
6.3828	1.3748191556998424e-11
6.3906	1.372684775340984e-11
6.3984	1.3695217650083525e-11
6.4062	1.3675684187140296e-11
6.4141	1.365409978338311e-11
6.4219	1.3632994044723974e-11
6.4297	1.361193986835072e-11
6.4375	1.3590937093503495e-11
6.4453	1.3569985559949074e-11
6.4531	1.354908510797998e-11
6.4609	1.352823557841354e-11
6.4688	1.349765661324713e-11
6.4766	1.3476804997427792e-11
6.4844	1.3456139418841123e-11
6.4922	1.3435389574224699e-11
6.5	1.3414824566172328e-11
6.5078	1.3394309388860793e-11
6.5156	1.3373710787403853e-11
6.5234	1.3353295241020712e-11
6.5312	1.3333590229607249e-11
6.5391	1.3302184051240584e-11
6.5469	1.3276295055656214e-11
6.5547	1.3244716650272779e-11
6.5625	1.3219140289701933e-11
6.5703	1.3193645360573623e-11
6.5781	1.3168361615641574e-11
6.5859	1.313718823114325e-11
6.5938	1.3105727884879025e-11
6.6016	1.306947876566399e-11
6.6094	1.303349099900967e-11
6.6172	1.3002782749782449e-11
6.625	1.297218290054614e-11
6.6328	1.2941690941698409e-11
6.6406	1.2911306366628035e-11
6.6484	1.2881028671693892e-11
6.6562	1.285085735620405e-11
6.6641	1.281533107093075e-11
6.6719	1.2790954766107294e-11
6.6797	1.2772838415386943e-11
6.6875	1.2749604010401008e-11
6.6953	1.2731582119955312e-11
6.7031	1.271347388818482e-11
6.7109	1.2683937621181496e-11
6.7188	1.2654127477245106e-11
6.7266	1.261424300311698e-11
6.7344	1.2579585074648142e-11
6.7422	1.2545051309040326e-11
6.75	1.2510641120535184e-11
6.7578	1.2476970380940262e-11
6.7656	1.2448217788685945e-11
6.7734	1.2414163592270156e-11
6.7812	1.2380230703059359e-11
6.7891	1.234140606293683e-11
6.7969	1.230772413260565e-11
6.8047	1.2274283680033464e-11
6.8125	1.2240961788557214e-11
6.8203	1.2207636453162134e-11
6.8281	1.217527759015197e-11
6.8359	1.2142306950276936e-11
6.8438	1.2109098801992798e-11
6.8516	1.207190075933755e-11
6.8594	1.2039407554887175e-11
6.8672	1.2006908484890014e-11
6.875	1.1974523606032235e-11
6.8828	1.1942252389872132e-11
6.8906	1.191021379367906e-11
6.8984	1.1879122180795013e-11
6.9062	1.184718685168872e-11
6.9141	1.1815140149797124e-11
6.9219	1.1779514177439732e-11
6.9297	1.1747920262252902e-11
6.9375	1.1716554577453007e-11
6.9453	1.1685297982443032e-11
6.9531	1.1654149977537959e-11
6.9609	1.1623110065880278e-11
6.9688	1.1592901128119527e-11
6.9766	1.1562075267381227e-11
6.9844	1.1527731229679837e-11
6.9922	1.1497124664432072e-11
7	1.1466740253813462e-11
7.0078	1.1436344257238494e-11
7.0156	1.1406052932918393e-11
7.0234	1.1375981703582895e-11
7.0312	1.134589809449643e-11
7.0391	1.1315711706936345e-11
7.0469	1.1283760052156014e-11
7.0547	1.125410459176078e-11
7.0625	1.122455056709397e-11
7.0703	1.1195097521174227e-11
7.0781	1.1165744999563323e-11
7.0859	1.1136492550349218e-11
7.0938	1.1107026570066993e-11
7.1016	1.1077974082102324e-11
7.1094	1.104583747503484e-11
7.1172	1.101857635096024e-11
7.125	1.0989934795924079e-11
7.1328	1.0961277168715258e-11
7.1406	1.0932716506033652e-11
7.1484	1.0904365047909086e-11
7.1562	1.08759968221446e-11
7.1641	1.0847533711429041e-11
7.1719	1.0816555070408654e-11
7.1797	1.0788590317817795e-11
7.1875	1.07623951018896e-11
7.1953	1.0734503488027968e-11
7.2031	1.0706816742764351e-11
7.2109	1.0679333869154237e-11
7.2188	1.0651536933595122e-11
7.2266	1.0624128133045925e-11
7.2344	1.0596810868974039e-11
7.2422	1.0566936383612634e-11
7.25	1.0539805577500527e-11
7.2578	1.0514634584413329e-11
7.2656	1.0487790560706814e-11
7.2734	1.0460926117955096e-11
7.2812	1.0434260214492877e-11
7.2891	1.0407287928043099e-11
7.2969	1.0380799621792933e-11
7.3047	1.035200456470249e-11
7.3125	1.0325695215211174e-11
7.3203	1.0299364224563108e-11
7.3281	1.0275177336690656e-11
7.3359	1.0249124195803611e-11
7.3438	1.0222878356460588e-11
7.3516	1.0196997274823695e-11
7.3594	1.0171201163310267e-11
7.3672	1.0143342597090234e-11
7.375	1.0117826160439427e-11
7.3828	1.009228622233318e-11
7.3906	1.0066829784777092e-11
7.3984	1.0041563123169758e-11
7.4062	1.0018294854020816e-11
7.4141	9.992919852833941e-12
7.4219	9.967897105008713e-12
7.4297	9.940943637255582e-12
7.4375	9.915980954841184e-12
7.4453	9.891204846789809e-12
7.4531	9.866509057463814e-12
7.4609	9.841893243815373e-12
7.4688	9.81709417655597e-12
7.4766	9.794734831252622e-12
7.4844	9.770354312591854e-12
7.4922	9.744380787067831e-12
7.5	9.720159986594264e-12
7.5078	9.696017139339488e-12
7.5156	9.671951914697117e-12
7.5234	9.648067773887113e-12
7.5312	9.624156637053071e-12
7.5391	9.600067462734045e-12
7.5469	9.578581868605646e-12
7.5547	9.554999892084162e-12
7.5625	9.529846667047133e-12
7.5703	9.506417791267496e-12
7.5781	9.48306361602329e-12
7.5859	9.45968141729977e-12
7.5938	9.43622734320145e-12
7.6016	9.413096425579609e-12
7.6094	9.390038958736317e-12
7.6172	9.369394224733411e-12
7.625	9.345057205861738e-12
7.6328	9.322216753489321e-12
7.6406	9.299448536678946e-12
7.6484	9.276853312163282e-12
7.6562	9.254228499694334e-12
7.6641	9.231434119353032e-12
7.6719	9.208952516480156e-12
7.6797	9.190255600684413e-12
7.6875	9.176421654689313e-12
7.6953	9.157828535788046e-12
7.7031	9.139291869311003e-12
7.7109	9.120811426954813e-12
7.7188	9.102151133301992e-12
7.7266	9.083783172432258e-12
7.7344	9.065470754787594e-12
7.7422	9.04721365664924e-12
7.75	9.031375167960683e-12
7.7578	9.013223291823548e-12
7.7656	8.997381448854591e-12
7.7734	8.979334168272413e-12
7.7812	8.961341133136548e-12
7.7891	8.943172488832822e-12
7.7969	8.92528798263863e-12
7.8047	8.907457070853873e-12
7.8125	8.892004195923749e-12
7.8203	8.874275197309526e-12
7.8281	8.856599168362082e-12
7.8359	8.841189841560553e-12
7.8438	8.823389737827412e-12
7.8516	8.805867639176824e-12
7.8594	8.788397683643473e-12
7.8672	8.77097966453901e-12
7.875	8.753613376198195e-12
7.8828	8.73848574350992e-12
7.8906	8.721217981866143e-12
7.8984	8.704001352866162e-12
7.9062	8.688914817409336e-12
7.9141	8.67157660662309e-12
7.9219	8.654508731799483e-12
7.9297	8.637491198326835e-12
7.9375	8.620523808425223e-12
7.9453	8.605758167392416e-12
7.9531	8.588886256480187e-12
7.9609	8.572063913992645e-12
7.9688	8.555076227615475e-12
7.9766	8.540394695033737e-12
7.9844	8.52371653754645e-12
7.9922	8.507087187447917e-12
8	8.490506454482152e-12
8.0078	8.475999411771066e-12
8.0156	8.459511406344094e-12
8.0234	8.443071464301495e-12
8.0312	8.426679399014982e-12
8.0391	8.410125790326617e-12
8.0469	8.395834679738622e-12
8.0547	8.379581857871519e-12
8.0625	8.363376184163819e-12
8.0703	8.349210538942872e-12
8.0781	8.333094768830405e-12
8.0859	8.317025614073516e-12
8.0938	8.300797776290861e-12
8.1016	8.28482190616533e-12
8.1094	8.268892112882216e-12
8.1172	8.253008219421548e-12
8.125	8.239135897368421e-12
8.1328	8.22521196362932e-12
8.1406	8.20945737130537e-12
8.1484	8.193748000249978e-12
8.1562	8.178083677560495e-12
8.1641	8.162264272456683e-12
8.1719	8.146690103121695e-12
8.1797	8.131160466199334e-12
8.1875	8.115675192071362e-12
8.1953	8.10207769796659e-12
8.2031	8.08851680259419e-12
8.2109	8.073156619308715e-12
8.2188	8.057644066315856e-12
8.2266	8.045680564620677e-12
8.2344	8.033746553454195e-12
8.2422	8.018548287828747e-12
8.25	8.006334547674083e-12
8.2578	7.991216740069701e-12
8.2656	7.979673931674363e-12
8.2734	7.964634862693784e-12
8.2812	7.949638269254846e-12
8.2891	7.937403938905276e-12
8.2969	7.925391743685215e-12
8.3047	7.913409589751961e-12
8.3125	7.901457372674707e-12
8.3203	7.889619836337403e-12
8.3281	7.87933532167372e-12
8.3359	7.866201640273473e-12
8.3438	7.854178925250856e-12
8.3516	7.842374360541643e-12
8.3594	7.830599117141763e-12
8.3672	7.81885309381053e-12
8.375	7.807136189753952e-12
8.3828	7.795448304622357e-12
8.3906	7.78528598124033e-12
8.3984	7.770831553867184e-12
8.4062	7.757908150465906e-12
8.4141	7.740288192521569e-12
8.4219	7.722985424001064e-12
8.4297	7.705649820729133e-12
8.4375	7.688363885421487e-12
8.4453	7.676962206725756e-12
8.4531	7.66698180359227e-12
8.4609	7.655632870321055e-12
8.4688	7.644131185472712e-12
8.4766	7.635768339884149e-12
8.4844	7.62319713109857e-12
8.4922	7.611874561204193e-12
8.5	7.603570948970719e-12
8.5078	7.595361394133938e-12
8.5156	7.591345007714403e-12
8.5234	7.583070493031523e-12
8.5312	7.57488934294163e-12
8.5391	7.56646420083964e-12
8.5469	7.55823000186336e-12
8.5547	7.548580917528032e-12
8.5625	7.540377029295674e-12
8.5703	7.532186424595573e-12
8.5781	7.524009080612647e-12
8.5859	7.519849802802712e-12
8.5938	7.511513910073333e-12
8.6016	7.503366409769481e-12
8.6094	7.49531002068729e-12
8.6172	7.487188710100842e-12
8.625	7.477452641595881e-12
8.6328	7.469361746027938e-12
8.6406	7.461283949639471e-12
8.6484	7.456911531751086e-12
8.6562	7.448850554728544e-12
8.6641	7.440630880819048e-12
8.6719	7.43259634821896e-12
8.6797	7.424574832507104e-12
8.6875	7.416642249913473e-12
8.6953	7.406828324219751e-12
8.7031	7.398850086918812e-12
8.7109	7.394351792041482e-12
8.7188	7.386221247936483e-12
8.7266	7.378273366835646e-12
8.7344	7.37026356808436e-12
8.7422	7.362341591438665e-12
8.75	7.354506854825492e-12
8.7578	7.346610318017434e-12
8.7656	7.336801104085468e-12
8.7734	7.33211111291049e-12
8.7812	7.324176063777295e-12
8.7891	7.316161099670891e-12
8.7969	7.308325644059908e-12
8.8047	7.30050286195691e-12
8.8125	7.292692730465485e-12
8.8203	7.284895226705841e-12
8.8281	7.27711032781513e-12
8.8359	7.272305900323843e-12
8.8438	7.262280656301712e-12
8.8516	7.254459589419006e-12
8.8594	7.246723256501253e-12
8.8672	7.238999420313411e-12
8.875	7.231288058073417e-12
8.8828	7.223517812439515e-12
8.8906	7.215831504113911e-12
8.8984	7.210996520138298e-12
8.9062	7.236027789730576e-12
8.9141	7.242736294515804e-12
8.9219	7.251824185449919e-12
8.9297	7.256911934428206e-12
8.9375	7.251950751416105e-12
8.9453	7.246987676955818e-12
8.9531	7.239195510709204e-12
8.9609	7.231485072070583e-12
8.9688	7.225822161456742e-12
8.9766	7.218063399096186e-12
8.9844	7.2077221171435875e-12
8.9922	7.199995274796546e-12
9	7.192281224478758e-12
9.0078	7.184647763014959e-12
9.0156	7.176959058536851e-12
9.0234	7.169283070495964e-12
9.0312	7.163706934080916e-12
9.0391	7.155892998258735e-12
9.0469	7.148317356005899e-12
9.0547	7.137946363716385e-12
9.0625	7.13033531170814e-12
9.0703	7.1227368193517735e-12
9.0781	7.115150861615981e-12
9.0859	7.107643643563097e-12
9.0938	7.101776137166921e-12
9.1016	7.0968588519395845e-12
9.1094	7.091940601746661e-12
9.1172	7.084465889244196e-12
9.125	7.074060428892372e-12
9.1328	7.069226681288027e-12
9.1406	7.061723983868147e-12
9.1484	7.056830222255745e-12
9.1562	7.0562063152413345e-12
9.1641	7.051145567196071e-12
9.1719	7.046238294416263e-12
9.1797	7.041330415857572e-12
9.1875	7.036485966404105e-12
9.1953	7.03164065673731e-12
9.2031	7.0237389626538684e-12
9.2109	7.01883680877117e-12
9.2188	7.013845405999054e-12
9.2266	7.010331884069208e-12
9.2344	7.002905441821799e-12
9.2422	6.995491300543757e-12
9.25	6.9906600031367275e-12
9.2578	6.983264448300027e-12
9.2656	6.975881138033692e-12
9.2734	6.965396742181678e-12
9.2812	6.958107154938851e-12
9.2891	6.956752238091753e-12
9.2969	6.95188215697958e-12
9.3047	6.947073599823853e-12
9.3125	6.942203226719272e-12
9.3203	6.937394132362477e-12
9.3281	6.930078381059224e-12
9.3359	6.9252753833722814e-12
9.3438	6.916978242351821e-12
9.3516	6.91558148577107e-12
9.3594	6.910717481287214e-12
9.3672	6.905914021399598e-12
9.375	6.901050309187249e-12
9.3828	6.896246900738438e-12
9.3906	6.891383632183709e-12
9.3984	6.8865804276298166e-12
9.4062	6.881777303207881e-12
9.4141	6.8765312184116234e-12
9.4219	6.871670122895051e-12
9.4297	6.866868613096229e-12
9.4375	6.862008393786673e-12
9.4453	6.857207523643704e-12
9.4531	6.852348321368753e-12
9.4609	6.8475482327697875e-12
9.4688	6.842603979795814e-12
9.4766	6.8407129274737025e-12
9.4844	6.832309909779727e-12
9.4922	6.8275135178710455e-12
9.5	6.822659894822517e-12
9.5078	6.817864682988742e-12
9.5156	6.813070036783291e-12
9.5234	6.808218703669354e-12
9.5312	6.803425435321263e-12
9.5391	6.798490289296286e-12
9.5469	6.796369803385294e-12
9.5547	6.787886960048998e-12
9.5625	6.783099364951888e-12
9.5703	6.7782561321393995e-12
9.5781	6.773470275535609e-12
9.5859	6.768685262367136e-12
9.5938	6.763760118414257e-12
9.6016	6.758977098172818e-12
9.6094	6.756589889885301e-12
9.6172	6.751802700075163e-12
9.625	6.74701652664646e-12
9.6328	6.738417153204837e-12
9.6406	6.733642731428602e-12
9.6484	6.728869377383368e-12
9.6562	6.7240971196872075e-12
9.6641	6.7173255834783164e-12
9.6719	6.712942790603898e-12
9.6797	6.706325493220249e-12
9.6875	6.6997181746264995e-12
9.6953	6.693175064196707e-12
9.7031	6.684530434492311e-12
9.7109	6.677957409079865e-12
9.7188	6.671256990598591e-12
9.7266	6.6647039819422845e-12
9.7344	6.6602532863024516e-12
9.7422	6.653715334714882e-12
9.75	6.647187222262973e-12
9.7578	6.6406689315625755e-12
9.7656	6.634160445250705e-12
9.7734	6.625539298091716e-12
9.7812	6.6190550576158045e-12
9.7891	6.612445454719177e-12
9.7969	6.607878485789073e-12
9.8047	6.601419465223445e-12
9.8125	6.594970143294465e-12
9.8203	6.588530502797932e-12
9.8281	6.582100526551644e-12
9.8359	6.575680197395485e-12
9.8438	6.566899195721806e-12
9.8516	6.560503246322697e-12
9.8594	6.5541168769150194e-12
9.8672	6.549497201018047e-12
9.875	6.543074540104087e-12
9.8828	6.53671309331974e-12
9.8906	6.530361170096968e-12
9.8984	6.5240187534714504e-12
9.9062	6.517685826501733e-12
9.9141	6.508935591225796e-12
9.9219	6.5026268124770965e-12
9.9297	6.5001361157717e-12
9.9375	6.493787246414001e-12
9.9453	6.487498559035144e-12
9.9531	6.481219269355028e-12
9.9609	6.474899031184061e-12
9.9688	6.468508818227189e-12
9.9766	6.462257956063559e-12
9.9844	6.456016423603445e-12
9.9922	6.44888602363362e-12
10	6.442615239742439e-12
10.008	6.436096697715434e-12
10.016	6.431819169771443e-12
10.023	6.426598693566741e-12
10.031	6.420153435297489e-12
10.039	6.413669058255612e-12
10.047	6.4072441441703485e-12
10.055	6.402153064908212e-12
10.062	6.3945700095070266e-12
10.07	6.388126632366665e-12
10.078	6.381742226443055e-12
10.086	6.375319201315825e-12
10.094	6.368906374336805e-12
10.102	6.362552141220348e-12
10.109	6.3574171314598845e-12
10.117	6.3544067012283716e-12
10.125	6.3501403313106696e-12
10.133	6.341269211026104e-12
10.141	6.334908398285457e-12
10.148	6.331907396878344e-12
10.156	6.327657187129365e-12
10.164	6.3234073476936255e-12
10.172	6.319205326834275e-12
10.18	6.3149561945974114e-12
10.188	6.313821049802401e-12
10.195	6.310803021598054e-12
10.203	6.3039166730055e-12
10.211	6.2996665648582834e-12
10.219	6.295417025276002e-12
10.227	6.291214695435519e-12
10.234	6.288194960495567e-12
10.242	6.283945380384958e-12
10.25	6.282611594222676e-12
10.258	6.278356276239575e-12
10.266	6.274147745376782e-12
10.273	6.268403975952982e-12
10.281	6.264155691587223e-12
10.289	6.2599082125903375e-12
10.297	6.255661563253787e-12
10.305	6.251461274696511e-12
10.312	6.251106293853193e-12
10.32	6.246899202763135e-12
10.328	6.242647677145456e-12
10.336	6.2384421833622175e-12
10.344	6.234192520974386e-12
10.352	6.227163154560243e-12
10.359	6.222467372906942e-12
10.367	6.216621577827984e-12
10.375	6.214928812647971e-12
10.383	6.210691064611101e-12
10.391	6.206454421470396e-12
10.398	6.203456166505961e-12
10.406	6.1992640955252295e-12
10.414	6.195028957462582e-12
10.422	6.187895364144652e-12
10.43	6.18371338419114e-12
10.438	6.1818061909048686e-12
10.445	6.178803758132573e-12
10.453	6.174574222976999e-12
10.461	6.170389399340062e-12
10.469	6.16616237299358e-12
10.477	6.161979892687646e-12
10.484	6.1589733235357335e-12
10.492	6.151779796497323e-12
10.5	6.147563336717271e-12
10.508	6.145489481080247e-12
10.516	6.141313500038881e-12
10.523	6.138262622306711e-12
10.531	6.134087577039999e-12
10.539	6.129913820670567e-12
10.547	6.1257413725519175e-12
10.555	6.121570251866292e-12
10.562	6.115440315451317e-12
10.57	6.113211780477546e-12
10.578	6.109045848999077e-12
10.586	6.104839468010731e-12
10.594	6.100676444389827e-12
10.602	6.096514852887498e-12
10.609	6.093503291420729e-12
10.617	6.089301504941011e-12
10.625	6.085184135638932e-12
10.633	6.079623414928025e-12
10.641	6.075470870060636e-12
10.648	6.072419179206656e-12
10.656	6.068268171342089e-12
10.664	6.064118729892971e-12
10.672	6.0584606087459046e-12
10.68	6.054317839946389e-12
10.688	6.05017667592338e-12
10.695	6.047330006752273e-12
10.703	6.041693123622018e-12
10.711	6.034287394834104e-12
10.719	6.028670501150368e-12
10.727	6.023061745752129e-12
10.734	6.018582362803631e-12
10.742	6.0129879642227525e-12
10.75	6.007401664889374e-12
10.758	6.003379593250836e-12
10.766	5.997806270490592e-12
10.773	5.993353520013007e-12
10.781	5.985969840874803e-12
10.789	5.980382945563794e-12
10.797	5.974843737486825e-12
10.805	5.969312530625441e-12
10.812	5.964892541414808e-12
10.82	5.9593754590095505e-12
10.828	5.955277282429761e-12
10.836	5.94977325037312e-12
10.844	5.944277160843669e-12
10.852	5.936919079302975e-12
10.859	5.932496220709401e-12
10.867	5.927025912861492e-12
10.875	5.921563484093469e-12
10.883	5.916108920349336e-12
10.891	5.9119737251130475e-12
10.898	5.907577724197021e-12
10.906	5.902142322831392e-12
10.914	5.896714741824408e-12
10.922	5.8893429969049524e-12
10.93	5.8838967305321045e-12
10.938	5.878496511726812e-12
10.945	5.874177298372503e-12
10.953	5.8699681065958905e-12
10.961	5.864586986656267e-12
10.969	5.85917576721249e-12
10.977	5.853810154023966e-12
10.984	5.849517187906101e-12
10.992	5.842171908870145e-12
11	5.836794026512113e-12
11.008	5.831423939714703e-12
11.016	5.8272206737110045e-12
11.023	5.822920197660285e-12
11.031	5.8176066281405e-12
11.039	5.812263490524883e-12
11.047	5.806965183647354e-12
11.055	5.801637428334091e-12
11.062	5.797402352195524e-12
11.07	5.790059292102722e-12
11.078	5.7857877822827155e-12
11.086	5.7804909449841536e-12
11.094	5.775238428219542e-12
11.102	5.769956802739857e-12
11.109	5.7657206852282375e-12
11.117	5.760489055835999e-12
11.125	5.755228489826919e-12
11.133	5.749975507145058e-12
11.141	5.7426635854638135e-12
11.148	5.739400172397928e-12
11.156	5.734170374245295e-12
11.164	5.728984150821963e-12
11.172	5.723769319659694e-12
11.18	5.7185619867347874e-12
11.188	5.713362138315379e-12
11.195	5.707758398034232e-12
11.203	5.696070897418496e-12
11.211	5.68969376845992e-12
11.219	5.67605506178449e-12
11.227	5.662408396512019e-12
11.234	5.6498307285642174e-12
11.242	5.6383026042593576e-12
11.25	5.631815930297714e-12
11.258	5.6253415787915795e-12
11.266	5.620261596710103e-12
11.273	5.6171047053886615e-12
11.281	5.610023526979855e-12
11.289	5.604965765023853e-12
11.297	5.599915210212073e-12
11.305	5.594871849446204e-12
11.312	5.590859059427107e-12
11.32	5.585828393004408e-12
11.328	5.5808048851704015e-12
11.336	5.576624671710068e-12
11.344	5.571613835682244e-12
11.352	5.564562254979726e-12
11.359	5.5605485089873e-12
11.367	5.555561357531149e-12
11.375	5.5505812841476085e-12
11.383	5.545608275988871e-12
11.391	5.540642320231773e-12
11.398	5.537410023630529e-12
11.406	5.532455142456665e-12
11.414	5.527507282646344e-12
11.422	5.522566431451816e-12
11.43	5.5155201201798025e-12
11.438	5.5105972695943864e-12
11.445	5.506643531975232e-12
11.453	5.501733058863329e-12
11.461	5.496186795647694e-12
11.469	5.489940617567303e-12
11.477	5.485054699370948e-12
11.484	5.481130114746179e-12
11.492	5.474946362798698e-12
11.5	5.467969095582633e-12
11.508	5.463082145394516e-12
11.516	5.4569320758057485e-12
11.523	5.45173954727692e-12
11.531	5.446210355011321e-12
11.539	5.440058513657033e-12
11.547	5.433951337504491e-12
11.555	5.4278223239140685e-12
11.562	5.422675702730281e-12
11.57	5.4157743979841966e-12
11.578	5.409679032056258e-12
11.586	5.4036279248155485e-12
11.594	5.3981142704030875e-12
11.602	5.392084618044776e-12
11.609	5.388239864173158e-12
11.617	5.382195977978972e-12
11.625	5.3774700818953e-12
11.633	5.3727181527522435e-12
11.641	5.365857089354241e-12
11.648	5.3608077852790794e-12
11.656	5.35656737310998e-12
11.664	5.351845970524342e-12
11.672	5.347163516552226e-12
11.68	5.34245528779641e-12
11.688	5.336497492489476e-12
11.695	5.331462284326634e-12
11.703	5.325556844385544e-12
11.711	5.318732322804616e-12
11.719	5.313298158785979e-12
11.727	5.307393847283996e-12
11.734	5.3024040049699366e-12
11.742	5.297762208101408e-12
11.75	5.2918866473597466e-12
11.758	5.286053583256952e-12
11.766	5.280199431122509e-12
11.773	5.2752520150659576e-12
11.781	5.269828467783878e-12
11.789	5.263088959975446e-12
11.797	5.257308129754796e-12
11.805	5.251506325784754e-12
11.812	5.2466033172718036e-12
11.82	5.2408210210034034e-12
11.828	5.2350492322803425e-12
11.836	5.229287924602943e-12
11.844	5.223537071556839e-12
11.852	5.2181705528657394e-12
11.859	5.2123855604164734e-12
11.867	5.206665252117579e-12
11.875	5.200955295471464e-12
11.883	5.195255664478992e-12
11.891	5.189566333224378e-12
11.898	5.1847587005047e-12
11.906	5.1790883534483065e-12
11.914	5.173766780615477e-12
11.922	5.168116321859221e-12
11.93	5.161524925823236e-12
11.938	5.1558656704352905e-12
11.945	5.151109584099094e-12
11.953	5.145499715984303e-12
11.961	5.139899923214913e-12
11.969	5.134279734113104e-12
11.977	5.129004040200316e-12
11.984	5.124288971383586e-12
11.992	5.118727299691952e-12
12	5.1122072474729876e-12
12.008	5.106636775899892e-12
12.016	5.101106470057021e-12
12.023	5.096433716878935e-12
12.031	5.090891584226579e-12
12.039	5.085659677990279e-12
12.047	5.080166885346361e-12
12.055	5.074653942703209e-12
12.062	5.070021297837833e-12
12.07	5.0635713711377645e-12
12.078	5.058087903409375e-12
12.086	5.0526142174495865e-12
12.094	5.047180000460617e-12
12.102	5.0419927360112485e-12
12.109	5.037379690061763e-12
12.117	5.0319725568423474e-12
12.125	5.02654546796573e-12
12.133	5.021128021396594e-12
12.141	5.015749630684106e-12
12.148	5.0102061009386764e-12
12.156	5.0048174732899885e-12
12.164	4.999438393605094e-12
12.172	4.99430295277138e-12
12.18	4.988942535102556e-12
12.188	4.983591596015307e-12
12.195	4.979095719174652e-12
12.203	4.9737622132082815e-12
12.211	4.9684381197848515e-12
12.219	4.962137420539137e-12
12.227	4.95683360882253e-12
12.234	4.952551062872453e-12
12.242	4.9472642036260186e-12
12.25	4.94198664315426e-12
12.258	4.93671835877055e-12
12.266	4.9314593278588954e-12
12.273	4.927012332439919e-12
12.281	4.921770364445352e-12
12.289	4.915536117340978e-12
12.297	4.910485477431574e-12
12.305	4.905272284677508e-12
12.312	4.900864226489172e-12
12.32	4.895667890815159e-12
12.328	4.8904806339347404e-12
12.336	4.885302433843553e-12
12.344	4.880133268605287e-12
12.352	4.874973116351431e-12
12.359	4.869706556437304e-12
12.367	4.864564406286906e-12
12.375	4.859431204128006e-12
12.383	4.854306928359341e-12
12.391	4.849163492964914e-12
12.398	4.844838505365161e-12
12.406	4.8397395968151926e-12
12.414	4.834649531954909e-12
12.422	4.829679880998557e-12
12.43	4.8235486614617175e-12
12.438	4.818486442200758e-12
12.445	4.814206562805659e-12
12.453	4.809132788341332e-12
12.461	4.8040955117557426e-12
12.469	4.799066931183044e-12
12.477	4.794019413100022e-12
12.484	4.789775458103624e-12
12.492	4.78485419010228e-12
12.5	4.778731536615226e-12
12.508	4.772703014525886e-12
12.516	4.7677006703721555e-12
12.523	4.763495004403757e-12
12.531	4.758508578138349e-12
12.539	4.7535580454645456e-12
12.547	4.748588742438437e-12
12.555	4.7437096473879676e-12
12.562	4.73953897534109e-12
12.57	4.734593835646527e-12
12.578	4.728627265254129e-12
12.586	4.723700637547574e-12
12.594	4.718809484933727e-12
12.602	4.713899696977692e-12
12.609	4.708667221998682e-12
12.617	4.7038284259650375e-12
12.625	4.698944091332589e-12
12.633	4.694094940066739e-12
12.641	4.6892272457187905e-12
12.648	4.6840649662150416e-12
12.656	4.679214195657935e-12
12.664	4.6743983795375116e-12
12.672	4.669564091580717e-12
12.68	4.6647646395012385e-12
12.688	4.659946756501829e-12
12.695	4.655870476836836e-12
12.703	4.651067743154748e-12
12.711	4.646299616975331e-12
12.719	4.640456593590989e-12
12.727	4.635679803631687e-12
12.734	4.631638469243441e-12
12.742	4.625824393595793e-12
12.75	4.620021258656724e-12
12.758	4.615278655768003e-12
12.766	4.610544070242366e-12
12.773	4.605492012782431e-12
12.781	4.599728394089664e-12
12.789	4.59397558809373e-12
12.797	4.588233567765001e-12
12.805	4.5825023061582615e-12
12.812	4.577496256648025e-12
12.82	4.571785095311754e-12
12.828	4.566084615697296e-12
12.836	4.5603947911835415e-12
12.844	4.5547155952322615e-12
12.852	4.549047001387795e-12
12.859	4.544095658079628e-12
12.867	4.538446872165335e-12
12.875	4.532808612755001e-12
12.883	4.527180853710031e-12
12.891	4.5215635689729104e-12
12.898	4.515655964547042e-12
12.906	4.50903381194488e-12
12.914	4.502449983430607e-12
12.922	4.49585318329526e-12
12.93	4.489294591307439e-12
12.938	4.481752347914601e-12
12.945	4.475911296245354e-12
12.953	4.469364356921126e-12
12.961	4.462855406975007e-12
12.969	4.456358890245287e-12
12.977	4.449874775452147e-12
12.984	4.4440621005444e-12
12.992	4.4376013058963635e-12
13	4.430189457767178e-12
13.008	4.42380488419199e-12
13.016	4.417381850785343e-12
13.023	4.411648473959867e-12
13.031	4.4052484482169164e-12
13.039	4.398860583065872e-12
13.047	4.392484848071583e-12
13.055	4.386121212893094e-12
13.062	4.379534466302334e-12
13.07	4.373194465258673e-12
13.078	4.366941816666796e-12
13.086	4.360625732854255e-12
13.094	4.3543216005300645e-12
13.102	4.348054428295498e-12
13.109	4.342436521184559e-12
13.117	4.336166680216877e-12
13.125	4.329933643030792e-12
13.133	4.322814343972347e-12
13.141	4.316580765590686e-12
13.148	4.311114232956806e-12
13.156	4.3049275540511705e-12
13.164	4.298752517904042e-12
13.172	4.292564268580699e-12
13.18	4.2864124561423184e-12
13.188	4.280247422198822e-12
13.195	4.273924756454805e-12
13.203	4.26780706754756e-12
13.211	4.261676138254499e-12
13.219	4.255704832190528e-12
13.227	4.24962137862705e-12
13.234	4.244166004587034e-12
13.242	4.238104020534224e-12
13.25	4.232053371714e-12
13.258	4.225203137963705e-12
13.266	4.2191758746189406e-12
13.273	4.213794732123382e-12
13.281	4.207788654924603e-12
13.289	4.201793775993733e-12
13.297	4.195956812954442e-12
13.305	4.18998410418985e-12
13.312	4.184651144454288e-12
13.32	4.177918851677265e-12
13.328	4.172003275401786e-12
13.336	4.166074342308089e-12
13.344	4.160156418782806e-12
13.352	4.15424947789286e-12
13.359	4.148998851507524e-12
13.367	4.14325804246326e-12
13.375	4.1374067039493564e-12
13.383	4.130791534665986e-12
13.391	4.124962590938393e-12
13.398	4.119735170496559e-12
13.406	4.113926546209494e-12
13.414	4.108128650271663e-12
13.422	4.102317360243966e-12
13.43	4.0965408662490955e-12
13.438	4.0909433656626446e-12
13.445	4.085771665222363e-12
13.453	4.0793054598372165e-12
13.461	4.0735707588188245e-12
13.469	4.067846607048369e-12
13.477	4.0621329789626696e-12
13.484	4.057007616640165e-12
13.492	4.0513137820168065e-12
13.5	4.045630397776597e-12
13.508	4.04014824343845e-12
13.516	4.0337944574561665e-12
13.523	4.028738524588355e-12
13.531	4.023095985558567e-12
13.539	4.017487539111166e-12
13.547	4.0118656060491406e-12
13.555	4.00625395016887e-12
13.562	4.0012425482000395e-12
13.57	3.995650200583863e-12
13.578	3.989618584485276e-12
13.586	3.984070690205002e-12
13.594	3.978509294409109e-12
13.602	3.972958030521193e-12
13.609	3.967999953454052e-12
13.617	3.962491273717047e-12
13.625	3.956969085304298e-12
13.633	3.9514804379758634e-12
13.641	3.945344249193816e-12
13.648	3.940453522697648e-12
13.656	3.9352051827382676e-12
13.664	3.929732139984397e-12
13.672	3.924292414961576e-12
13.68	3.918862542322807e-12
13.688	3.913419146087956e-12
13.695	3.90857967140818e-12
13.703	3.902571970816036e-12
13.711	3.897157460724366e-12
13.719	3.891776002955723e-12
13.727	3.886636739957489e-12
13.734	3.88183969365804e-12
13.742	3.876485980225784e-12
13.75	3.871141914778443e-12
13.758	3.865807474410096e-12
13.766	3.860482636282054e-12
13.773	3.855149113627429e-12
13.781	3.8498428629710124e-12
13.789	3.844523066015853e-12
13.797	3.839512601178108e-12
13.805	3.8342346512122895e-12
13.812	3.8295206305321815e-12
13.82	3.824260513515976e-12
13.828	3.81900982312153e-12
13.836	3.813217606867584e-12
13.844	3.808009155724944e-12
13.852	3.802787106741555e-12
13.859	3.798122444715539e-12
13.867	3.793192462438751e-12
13.875	3.788019888984303e-12
13.883	3.782833717354139e-12
13.891	3.777656798267114e-12
13.898	3.772530590996748e-12
13.906	3.767371525333367e-12
13.914	3.762244399674476e-12
13.922	3.757103669643458e-12
13.93	3.751972085770746e-12
13.938	3.747167235068115e-12
13.945	3.742590290873147e-12
13.953	3.737507329435891e-12
13.961	3.7319129738010555e-12
13.969	3.72684852004055e-12
13.977	3.721793044909565e-12
13.984	3.717255549323976e-12
13.992	3.712216965564546e-12
14	3.707187300109714e-12
14.008	3.702144026522029e-12
14.016	3.6974469301681384e-12
14.023	3.692476001148391e-12
14.031	3.68748097686029e-12
14.039	3.682494769573226e-12
14.047	3.6775173587811866e-12
14.055	3.672548724037123e-12
14.062	3.6681104946828944e-12
14.07	3.663158350503021e-12
14.078	3.6582149237568845e-12
14.086	3.653592461365652e-12
14.094	3.648220428111877e-12
14.102	3.643303155680453e-12
14.109	3.638910293338899e-12
14.117	3.6340092877747223e-12
14.125	3.6291168813132185e-12
14.133	3.624255240922864e-12
14.141	3.6193799527321996e-12
14.148	3.6150241797407943e-12
14.156	3.6100764589984555e-12
14.164	3.6052258388197715e-12
14.172	3.6003837014938144e-12
14.18	3.5955720962817482e-12
14.188	3.5907468459236528e-12
14.195	3.5864352762329247e-12
14.203	3.5816479050233493e-12
14.211	3.576846890275296e-12
14.219	3.571658738471966e-12
14.227	3.5672260447111034e-12
14.234	3.562972625653577e-12
14.242	3.558204039781657e-12
14.25	3.5534656430064372e-12
14.258	3.54873548172343e-12
14.266	3.54399168223411e-12
14.273	3.5397739129975623e-12
14.281	3.5346528587045182e-12
14.289	3.5299549136584106e-12
14.297	3.5256135916437706e-12
14.305	3.520931597958124e-12
14.312	3.5167491000257204e-12
14.32	3.5120823749090217e-12
14.328	3.5074237216467065e-12
14.336	3.502751438415856e-12
14.344	3.4977405881134844e-12
14.352	3.4931063928099007e-12
14.359	3.4889661069947713e-12
14.367	3.484346975968108e-12
14.375	3.480102836436564e-12
14.383	3.4754992840531326e-12
14.391	3.4709036598680956e-12
14.398	3.466797462254401e-12
14.406	3.461872495004727e-12
14.414	3.4572999558361536e-12
14.422	3.4527352747637787e-12
14.43	3.448178433990313e-12
14.438	3.443629415768279e-12
14.445	3.439949971392922e-12
14.453	3.4354153091281974e-12
14.461	3.4309098011564294e-12
14.469	3.426390646715909e-12
14.477	3.4215590576478345e-12
14.484	3.4175275008408235e-12
14.492	3.413030909992529e-12
14.5	3.4085632972907687e-12
14.508	3.404082043239622e-12
14.516	3.400012236787347e-12
14.523	3.3960135360511986e-12
14.531	3.3915751730427707e-12
14.539	3.3868052029745276e-12
14.547	3.382382256447522e-12
14.555	3.37796684074202e-12
14.562	3.374001146587573e-12
14.57	3.3695999022478767e-12
14.578	3.3651850320535517e-12
14.586	3.361199427915291e-12
14.594	3.3568202424631337e-12
14.602	3.3521327342618534e-12
14.609	3.348227009372304e-12
14.617	3.3438695048450736e-12
14.625	3.3394983863685946e-12
14.633	3.335155652680268e-12
14.641	3.3308202703898683e-12
14.648	3.3269464292377012e-12
14.656	3.3230224526091194e-12
14.664	3.318436049892976e-12
14.672	3.314128965181801e-12
14.68	3.3098291524020474e-12
14.688	3.3055365953727397e-12
14.695	3.301700595902772e-12
14.703	3.29742167556946e-12
14.711	3.2931499645888568e-12
14.719	3.2888854469518576e-12
14.727	3.2843581659886073e-12
14.734	3.2809684587531402e-12
14.742	3.2767244809163253e-12
14.75	3.2725083459825817e-12
14.758	3.2682785978395964e-12
14.766	3.264055949984763e-12
14.773	3.2602817257341625e-12
14.781	3.2560930644581444e-12
14.789	3.251890798853684e-12
14.797	3.2474482988933088e-12
14.805	3.243692652290582e-12
14.812	3.2399487293703028e-12
14.82	3.235794121508321e-12
14.828	3.2316259223397234e-12
14.836	3.2274852048278942e-12
14.844	3.223330901211698e-12
14.852	3.2191835313378114e-12
14.859	3.2152506935509967e-12
14.867	3.2111370017488612e-12
14.875	3.207459215881968e-12
14.883	3.2033384314136772e-12
14.891	3.1992449012405387e-12
14.898	3.1955667536109746e-12
14.906	3.1914860677282556e-12
14.914	3.1874121633286755e-12
14.922	3.1831214282295206e-12
14.93	3.17904092600122e-12
14.938	3.1749874882848766e-12
14.945	3.1717909397728196e-12
14.953	3.167749795431368e-12
14.961	3.1637153460313852e-12
14.969	3.159687576954602e-12
14.977	3.1556664736221974e-12
14.984	3.1518506031471767e-12
14.992	3.147842220032203e-12
15	3.143840460543351e-12
15.008	3.1398453102543124e-12
15.016	3.136299413784924e-12
15.023	3.132734075044257e-12
15.031	3.1287575353359104e-12
15.039	3.124787549793255e-12
15.047	3.1206436210433342e-12
15.055	3.116686855828831e-12
15.062	3.113149938792637e-12
15.07	3.1092054392409608e-12
15.078	3.10526742443956e-12
15.086	3.1013558515238344e-12
15.094	3.097869705537e-12
15.102	3.093970603422832e-12
15.109	3.0904670284906393e-12
15.117	3.0863809567856083e-12
15.125	3.0825004578167167e-12
15.133	3.0786064442117987e-12
15.141	3.0747188060257884e-12
15.148	3.071262826222949e-12
15.156	3.0673871554068696e-12
15.164	3.063973301783079e-12
15.172	3.0601296882048932e-12
15.18	3.0561144306390507e-12
15.188	3.0522637538186053e-12
15.195	3.0488403504099596e-12
15.203	3.0450014911085174e-12
15.211	3.041188593369501e-12
15.219	3.03738190531562e-12
15.227	3.0335617420540684e-12
15.234	3.0306173159661363e-12
15.242	3.0266709970943215e-12
15.25	3.0228880773921098e-12
15.258	3.0190916972980492e-12
15.266	3.0153210716552923e-12
15.273	3.0119509413851272e-12
15.281	3.0081918422633702e-12
15.289	3.004419295383269e-12
15.297	3.000672388510841e-12
15.305	2.9972631887333755e-12
15.312	2.9939191430101608e-12
15.32	2.9901699553882468e-12
15.328	2.986446292526078e-12
15.336	2.9827286483188974e-12
15.344	2.979017009943265e-12
15.352	2.975311364609498e-12
15.359	2.971998665957556e-12
15.367	2.9681686131778437e-12
15.375	2.9649644157381633e-12
15.383	2.96128164418655e-12
15.391	2.9576048041690074e-12
15.398	2.9543175731552952e-12
15.406	2.9506518834019437e-12
15.414	2.9469920889645432e-12
15.422	2.9433381773437807e-12
15.43	2.939709388427563e-12
15.438	2.9359517692668625e-12
15.445	2.93269523445726e-12
15.453	2.9295442909430166e-12
15.461	2.9259186226252236e-12
15.469	2.922298764753665e-12
15.477	2.9187038614907777e-12
15.484	2.915472114017789e-12
15.492	2.9118689385349936e-12
15.5	2.9081759682787487e-12
15.508	2.90460348169105e-12
15.516	2.9010176219062548e-12
15.523	2.898306504094087e-12
15.531	2.894731023152439e-12
15.539	2.8911612466879594e-12
15.547	2.8876161790033288e-12
15.555	2.8840577598459826e-12
15.562	2.880799268036489e-12
15.57	2.877270562969888e-12
15.578	2.873728516234747e-12
15.586	2.8702110446224224e-12
15.594	2.8671722528077114e-12
15.602	2.863665560491986e-12
15.609	2.860512031483675e-12
15.617	2.8570158445540984e-12
15.625	2.85343089233527e-12
15.633	2.8499458645799327e-12
15.641	2.8464663600163947e-12
15.648	2.8433369283435635e-12
15.656	2.839867822279982e-12
15.664	2.836892642202862e-12
15.672	2.8334341030931744e-12
15.68	2.829981031712752e-12
15.688	2.8264397244985295e-12
15.695	2.8233573748381346e-12
15.703	2.8199200941311827e-12
15.711	2.816488236950903e-12
15.719	2.8130617920153596e-12
15.727	2.8096407480716083e-12
15.734	2.807066713521721e-12
15.742	2.803655427211368e-12
15.75	2.800249510225162e-12
15.758	2.7967931426158346e-12
15.766	2.7933979763735397e-12
15.773	2.7903619273898295e-12
15.781	2.7869768136160057e-12
15.789	2.7835970149584344e-12
15.797	2.7802410502271427e-12
15.805	2.7768718337676612e-12
15.812	2.7743582304877594e-12
15.82	2.7709431087195775e-12
15.828	2.7675887457794e-12
15.836	2.7642396341998795e-12
15.844	2.760914202241102e-12
15.852	2.7575755459740396e-12
15.859	2.754589460810524e-12
15.867	2.751279033629162e-12
15.875	2.7479553936881714e-12
15.883	2.745096075470592e-12
15.891	2.741782430830875e-12
15.898	2.7388368062305625e-12
15.906	2.7355328820801186e-12
15.914	2.7322524120836143e-12
15.922	2.7289587572398864e-12
15.93	2.7256885059190046e-12
15.938	2.7224050782771182e-12
15.945	2.719449579483098e-12
15.953	2.716686337494933e-12
15.961	2.7134172195560004e-12
15.969	2.710171380369382e-12
15.977	2.7069123888660464e-12
15.984	2.7040149346157787e-12
15.992	2.700783614066792e-12
16	2.6975391530746135e-12
16.008	2.6942815848338965e-12
16.016	2.6910652965905363e-12
16.023	2.688696405836333e-12
16.031	2.685489084587218e-12
16.039	2.6822686473059665e-12
16.047	2.6790712449932835e-12
16.055	2.6758787797563776e-12
16.062	2.6730240487216753e-12
16.07	2.6698408657180775e-12
16.078	2.6666265838535883e-12
16.086	2.663453235969444e-12
16.094	2.6607880257984927e-12
16.102	2.657624042957976e-12
16.109	2.6547945022840872e-12
16.117	2.6516396924750067e-12
16.125	2.648489733052904e-12
16.133	2.645344614184768e-12
16.141	2.6421864379771342e-12
16.148	2.63939572917311e-12
16.156	2.636264523787266e-12
16.164	2.6336378083495793e-12
16.172	2.6305158023445465e-12
16.18	2.627398580138856e-12
16.188	2.6242861320663048e-12
16.195	2.621519950626683e-12
16.203	2.6184164650023757e-12
16.211	2.615317725799461e-12
16.219	2.612223723444913e-12
16.227	2.6091344483895577e-12
16.234	2.6068848483538644e-12
16.242	2.6043174376039025e-12
16.25	2.601753817788666e-12
16.258	2.599193981448439e-12
16.266	2.596637921141844e-12
16.273	2.5944044600651802e-12
16.281	2.5918554598284336e-12
16.289	2.589310214333033e-12
16.297	2.5867687162081614e-12
16.305	2.5842309581010773e-12
16.312	2.5820134819742172e-12
16.32	2.5794827166452644e-12
16.328	2.576955670295189e-12
16.336	2.574432335640802e-12
16.344	2.571912705416734e-12
16.352	2.5693967723753863e-12
16.359	2.5671983581253213e-12
16.367	2.56468933782866e-12
16.375	2.562183993976368e-12
16.383	2.5596823193892064e-12
16.391	2.5571843069054486e-12
16.398	2.5550015444345943e-12
16.406	2.5525103791523984e-12
16.414	2.5500228554807522e-12
16.422	2.547538966325326e-12
16.43	2.545058704609051e-12
16.438	2.542582063272078e-12
16.445	2.540417966407718e-12
16.453	2.537948094313165e-12
16.461	2.5354818223962974e-12
16.469	2.5330191436635093e-12
16.477	2.530560051138169e-12
16.484	2.5284112815176227e-12
16.492	2.5259588943859256e-12
16.5	2.52351007349796e-12
16.508	2.5210648119424016e-12
16.516	2.5186231028246616e-12
16.523	2.5164895160484304e-12
16.531	2.514054449226576e-12
16.539	2.5116229151133687e-12
16.547	2.50919490687861e-12
16.555	2.5067704177085956e-12
16.562	2.5046518710736843e-12
16.57	2.5022339618422446e-12
16.578	2.4998195521776276e-12
16.586	2.497408635329614e-12
16.594	2.4950012045642526e-12
16.602	2.4925972531638137e-12
16.609	2.4904966445862572e-12
16.617	2.4880991989449358e-12
16.625	2.4857052134449916e-12
16.633	2.4833146814311064e-12
16.641	2.4809275962639566e-12
16.648	2.478841719026919e-12
16.656	2.476461078857831e-12
16.664	2.474083866536095e-12
16.672	2.4717100754839287e-12
16.68	2.4693396991393205e-12
16.688	2.466972730955982e-12
16.695	2.4649044244185416e-12
16.703	2.462543828947846e-12
16.711	2.4601866229050277e-12
16.719	2.4578327998043066e-12
16.727	2.455482353175412e-12
16.734	2.453428477062455e-12
16.742	2.45108434393262e-12
16.75	2.4487435687585462e-12
16.758	2.4464061451296297e-12
16.766	2.444072066650554e-12
16.773	2.4420324870336362e-12
16.781	2.439704663526188e-12
16.789	2.4373801668668274e-12
16.797	2.43505899071908e-12
16.805	2.4327411287615487e-12
16.812	2.430715713262363e-12
16.82	2.42840404842566e-12
16.828	2.4260956796887597e-12
16.836	2.4237906007882927e-12
16.844	2.421488805475754e-12
16.852	2.4191902875174735e-12
16.859	2.417181767869406e-12
16.867	2.414889378200102e-12
16.875	2.4126002480454576e-12
16.883	2.4103143712288595e-12
16.891	2.4080317415883196e-12
16.898	2.4060370995189202e-12
16.906	2.4037605417757367e-12
16.914	2.4014872135739738e-12
16.922	2.399217108807918e-12
16.93	2.3969502213862776e-12
16.938	2.3946865452321425e-12
16.945	2.3927084580738132e-12
16.953	2.3904507867169744e-12
16.961	2.3881963092362653e-12
16.969	2.3859450196101205e-12
16.977	2.3836969118311597e-12
16.984	2.38173242292176e-12
16.992	2.379490264963712e-12
17	2.3772512716602758e-12
17.008	2.3750154370586574e-12
17.016	2.372782755220051e-12
17.023	2.3708317402041165e-12
17.031	2.3686049538377653e-12
17.039	2.3663813032379373e-12
17.047	2.3641607825196703e-12
17.055	2.361943385811798e-12
17.062	2.3600057217521514e-12
17.07	2.357794166787022e-12
17.078	2.355585719029203e-12
17.086	2.3533803726606363e-12
17.094	2.351178121876873e-12
17.102	2.348978960887039e-12
17.109	2.347057225075429e-12
17.117	2.3448638418880873e-12
17.125	2.342673531921171e-12
17.133	2.340486289436042e-12
17.141	2.3383021087074502e-12
17.148	2.336393457676453e-12
17.156	2.3342150023564833e-12
17.164	2.332039592407196e-12
17.172	2.329867222154871e-12
17.18	2.327697885938992e-12
17.188	2.325531578112214e-12
17.195	2.323638538559656e-12
17.203	2.3214778937867765e-12
17.211	2.3193202612399103e-12
17.219	2.317165635322399e-12
17.227	2.31501401045058e-12
17.234	2.3131337961033965e-12
17.242	2.3109877831876037e-12
17.25	2.308844755336508e-12
17.258	2.3067047070164482e-12
17.266	2.30456763270658e-12
17.273	2.3027001279727974e-12
17.281	2.3005686150961073e-12
17.289	2.298440060428251e-12
17.297	2.2963144584977166e-12
17.305	2.2941918038456323e-12
17.312	2.2923368944326182e-12
17.32	2.2902197512581395e-12
17.328	2.2881055397379746e-12
17.336	2.285994254461921e-12
17.344	2.2838858900322478e-12
17.352	2.2817804410636684e-12
17.359	2.2799405605812346e-12
17.367	2.2778405636303304e-12
17.375	2.2757434667267977e-12
17.383	2.2736492645332282e-12
17.391	2.2715579517244875e-12
17.398	2.2697304190383907e-12
17.406	2.2676445095158886e-12
17.414	2.265561474136515e-12
17.422	2.2634813076223776e-12
17.43	2.2614040047076916e-12
17.438	2.2593295601387483e-12
17.445	2.257516761756725e-12
17.453	2.2554476624675674e-12
17.461	2.2533814064867102e-12
17.469	2.2513179886069258e-12
17.477	2.2492574036329063e-12
17.484	2.247456711573494e-12
17.492	2.2454014243361392e-12
17.5	2.2433489551341052e-12
17.508	2.2412992988179445e-12
17.516	2.2392524502499677e-12
17.523	2.2374637569539408e-12
17.531	2.2354221591069183e-12
17.539	2.233383354302416e-12
17.547	2.2313473374479977e-12
17.555	2.2293141034628267e-12
17.562	2.2275373025628318e-12
17.57	2.225509272803313e-12
17.578	2.2234840113699736e-12
17.586	2.2214615132266315e-12
17.594	2.2194417733485504e-12
17.602	2.217424786722415e-12
17.609	2.215300722483122e-12
17.617	2.21292802667192e-12
17.625	2.210558666030192e-12
17.633	2.2081926343826313e-12
17.641	2.2058149084296153e-12
17.648	2.203705246176531e-12
17.656	2.201348795699194e-12
17.664	2.1989956503590296e-12
17.672	2.1962863904905015e-12
17.68	2.1939401035333467e-12
17.688	2.1915971030716888e-12
17.695	2.189504833648139e-12
17.703	2.18716801220449e-12
17.711	2.184834459813744e-12
17.719	2.1825041704514477e-12
17.727	2.1801771381068804e-12
17.734	2.1780989770333973e-12
17.742	2.1754357835811126e-12
17.75	2.173133239124556e-12
17.758	2.1708190450816746e-12
17.766	2.1685080785772093e-12
17.773	2.16644410358755e-12
17.781	2.164139205483446e-12
17.789	2.1618375178603987e-12
17.797	2.1595538429761887e-12
17.805	2.1569181846483064e-12
17.812	2.154868268506921e-12
17.82	2.1526087958640963e-12
17.828	2.1503229242310853e-12
17.836	2.148040228320254e-12
17.844	2.145760702318796e-12
17.852	2.1434990764812666e-12
17.859	2.141465661215735e-12
17.867	2.138871458635381e-12
17.875	2.1366044191759103e-12
17.883	2.134355217962486e-12
17.891	2.1321238168164294e-12
17.898	2.1301041594132386e-12
17.906	2.127849261018418e-12
17.914	2.1256121372836033e-12
17.922	2.123363461062639e-12
17.93	2.120810555418962e-12
17.938	2.118568312575341e-12
17.945	2.1165796575101748e-12
17.953	2.114343236824581e-12
17.961	2.1121536872032366e-12
17.969	2.1099234006354123e-12
17.977	2.107710762405478e-12
17.984	2.1057207664281087e-12
17.992	2.1032082197288708e-12
18	2.10099004743936e-12
18.008	2.0987894630339393e-12
18.016	2.0965773800704197e-12
18.023	2.094615271558399e-12
18.031	2.092408908062058e-12
18.039	2.0902635541700845e-12
18.047	2.0880632059970907e-12
18.055	2.0858803516660575e-12
18.062	2.0836274483600912e-12
18.07	2.081450453948141e-12
18.078	2.0792619973691235e-12
18.086	2.0770909750858617e-12
18.094	2.074922925550698e-12
18.102	2.072743428979479e-12
18.109	2.0708532218692834e-12
18.117	2.0686936982714456e-12
18.125	2.066235029777666e-12
18.133	2.064081623073652e-12
18.141	2.0619311574830847e-12
18.148	2.060010632384323e-12
18.156	2.0578656968821975e-12
18.164	2.0557093508312834e-12
18.172	2.0535702721763025e-12
18.18	2.051477056025372e-12
18.188	2.0490719539219563e-12
18.195	2.0471667768478898e-12
18.203	2.0450391599817107e-12
18.211	2.042900160034805e-12
18.219	2.040778338015386e-12
18.227	2.03865940051203e-12
18.234	2.036766727154626e-12
18.242	2.0346532135384435e-12
18.25	2.0323291307292488e-12
18.258	2.030221503943694e-12
18.266	2.028116736355417e-12
18.273	2.0262365784781827e-12
18.281	2.0241371872681126e-12
18.289	2.0220406405547777e-12
18.297	2.019946933260233e-12
18.305	2.017856060317741e-12
18.312	2.015719273900925e-12
18.32	2.0137046402074595e-12
18.328	2.01162205767703e-12
18.336	2.009542289746362e-12
18.344	2.007465331403323e-12
18.352	2.005391177646817e-12
18.359	2.0035521625604612e-12
18.367	2.00148327270578e-12
18.375	1.9994171730960063e-12
18.383	1.996805260769435e-12
18.391	1.9944498629117976e-12
18.398	1.9923984999591533e-12
18.406	1.9900489977015634e-12
18.414	1.9877166716478417e-12
18.422	1.985373432287029e-12
18.43	1.983047342019099e-12
18.438	1.980710342873078e-12
18.445	1.9780726129978926e-12
18.453	1.975741781540534e-12
18.461	1.9734280507047135e-12
18.469	1.971187343254914e-12
18.477	1.968879734018458e-12
18.484	1.966787989415909e-12
18.492	1.964486177892004e-12
18.5	1.9621734699824265e-12
18.508	1.9593615549289087e-12
18.516	1.9570692076128362e-12
18.523	1.954990975802421e-12
18.531	1.952704374428557e-12
18.539	1.9505043520689955e-12
18.547	1.948223767421217e-12
18.555	1.9459462062298337e-12
18.562	1.943881093502141e-12
18.57	1.9411089636910506e-12
18.578	1.9388542731039752e-12
18.586	1.9365886864844976e-12
18.594	1.9343260964070542e-12
18.602	1.9320664974852876e-12
18.609	1.9301281814829167e-12
18.617	1.927874156468534e-12
18.625	1.925623107220017e-12
18.633	1.922890657372079e-12
18.641	1.920659642747593e-12
18.648	1.918623502654178e-12
18.656	1.9163980518320624e-12
18.664	1.9141617233179312e-12
18.672	1.911942143184222e-12
18.68	1.9098220604593366e-12
18.688	1.9076082690125816e-12
18.695	1.9055874544332566e-12
18.703	1.9029107733954268e-12
18.711	1.9006918786792726e-12
18.719	1.8984896599052242e-12
18.727	1.896290333824997e-12
18.734	1.8942961099084915e-12
18.742	1.892088491536355e-12
18.75	1.889897500327092e-12
18.758	1.8878329189488246e-12
18.766	1.885181117428266e-12
18.773	1.8831995288747963e-12
18.781	1.881019867367723e-12
18.789	1.878843058420048e-12
18.797	1.876669096956242e-12
18.805	1.8744979779116032e-12
18.812	1.872528758475527e-12
18.82	1.8703629943704622e-12
18.828	1.8678857361343995e-12
18.836	1.8657257931198356e-12
18.844	1.8635823201303544e-12
18.852	1.861427999843818e-12
18.859	1.8594736689341497e-12
18.867	1.8573246474298754e-12
18.875	1.855192048451687e-12
18.883	1.853048611022395e-12
18.891	1.8504860156496007e-12
18.898	1.848680058435228e-12
18.906	1.8465584143555726e-12
18.914	1.8444259383153365e-12
18.922	1.8423098149980034e-12
18.93	1.840182864629237e-12
18.938	1.837827982282168e-12
18.945	1.8356562789576115e-12
18.953	1.832642383225959e-12
18.961	1.830296347078421e-12
18.969	1.828088813921716e-12
18.977	1.8257486283027658e-12
18.984	1.8236034922892893e-12
18.992	1.821268863986937e-12
19	1.8189371701987682e-12
19.008	1.8166084055364953e-12
19.016	1.814282564622719e-12
19.023	1.8115011272076784e-12
19.031	1.809181053620658e-12
19.039	1.807026035229926e-12
19.047	1.804711707002711e-12
19.055	1.8024137768089414e-12
19.062	1.8002941056332746e-12
19.07	1.7980016180249378e-12
19.078	1.7956985154397822e-12
19.086	1.7927780676041075e-12
19.094	1.790494437423592e-12
19.102	1.788200187362126e-12
19.109	1.7862843019967086e-12
19.117	1.783995375596219e-12
19.125	1.781722758488988e-12
19.133	1.779452976043926e-12
19.141	1.7771860230866946e-12
19.148	1.7745022007432561e-12
19.156	1.772240817202076e-12
19.164	1.7699822477037016e-12
19.172	1.7677264871141961e-12
19.18	1.7654735303098753e-12
19.188	1.7634112732473729e-12
19.195	1.7613473421702283e-12
19.203	1.75910238236413e-12
19.211	1.7562836351780383e-12
19.219	1.7540444631878964e-12
19.227	1.7518080646540715e-12
19.234	1.7497697609759062e-12
19.242	1.7475385814931106e-12
19.25	1.7453235469666214e-12
19.258	1.7432985763986076e-12
19.266	1.7410889501410824e-12
19.273	1.7384874958139143e-12
19.281	1.7362832533961132e-12
19.289	1.7340683705082457e-12
19.297	1.7318695758688675e-12
19.305	1.7296734951010485e-12
19.312	1.7276590301651334e-12
19.32	1.725468061519862e-12
19.328	1.723479876887389e-12
19.336	1.7213075583868917e-12
19.344	1.7185647336144673e-12
19.352	1.716397994559082e-12
19.359	1.714397705910166e-12
19.367	1.7122226918925666e-12
19.375	1.7100636614665816e-12
19.383	1.7078939788888541e-12
19.391	1.7057269573375352e-12
19.398	1.7039643080853583e-12
19.406	1.7012704414813638e-12
19.414	1.6991244865195726e-12
19.422	1.696981163468336e-12
19.43	1.6946279583924928e-12
19.438	1.692277512351669e-12
19.445	1.6901036408692029e-12
19.453	1.687758384329678e-12
19.461	1.6854291417055562e-12
19.469	1.6825851467504374e-12
19.477	1.6802614970491039e-12
19.484	1.6781128099551819e-12
19.492	1.6757810253388562e-12
19.5	1.6734652165174456e-12
19.508	1.6711521129241324e-12
19.516	1.668841709348127e-12
19.523	1.6667047301561426e-12
19.531	1.6636972022506268e-12
19.539	1.6613947400331897e-12
19.547	1.65933335352033e-12
19.555	1.6570361843498747e-12
19.562	1.6549241056417881e-12
19.57	1.6526319625972657e-12
19.578	1.650342478779285e-12
19.586	1.6480688770471971e-12
19.594	1.6451100962128078e-12
19.602	1.6428419483524152e-12
19.609	1.6387588497003067e-12
19.617	1.6348406362763174e-12
19.625	1.6307650447567205e-12
19.633	1.6265847392736847e-12
19.641	1.6223658358366346e-12
19.648	1.6183527180071381e-12
19.656	1.6143619891740677e-12
19.664	1.6086263867125438e-12
19.672	1.6052244849165543e-12
19.68	1.601878255187202e-12
19.688	1.599095242960085e-12
19.695	1.5966105084255877e-12
19.703	1.5946068589514259e-12
19.711	1.5931659992921803e-12
19.719	1.5922867163435914e-12
19.727	1.593882231490529e-12
19.734	1.5952200923008288e-12
19.742	1.5967604925149776e-12
19.75	1.5993874598715729e-12
19.758	1.603759949373562e-12
19.766	1.6097508187661443e-12
19.773	1.6184836032188948e-12
19.781	1.629874455587825e-12
19.789	1.6455527952347993e-12
19.797	1.6439690514013112e-12
19.805	1.6423872897530323e-12
19.812	1.6409731489455772e-12
19.82	1.6393824347724156e-12
19.828	1.637996463519497e-12
19.836	1.6364222570257434e-12
19.844	1.6348500169543642e-12
19.852	1.6332038588606502e-12
19.859	1.6317999174691124e-12
19.867	1.6302333827230113e-12
19.875	1.628668801803443e-12
19.883	1.627106171498023e-12
19.891	1.6255454886008961e-12
19.898	1.624149985168289e-12
19.906	1.6227818389290251e-12
19.914	1.6396561570979057e-12
19.922	1.6558240531588077e-12
19.93	1.6715639581000228e-12
19.938	1.6866483425795275e-12
19.945	1.7011364797938048e-12
19.953	1.7148405047507865e-12
19.961	1.7275254683615274e-12
19.969	1.7395427148484807e-12
19.977	1.7626955681129197e-12
19.984	1.7726734498815503e-12
19.992	1.7818697997611557e-12
20	1.7907081558258196e-12
20.008	1.7989281684741983e-12
20.016	1.8063086224923313e-12
20.023	1.813319826767043e-12
20.031	1.8196635104686996e-12
20.039	1.82551651448131e-12
20.047	1.837005230497071e-12
20.055	1.8415373334832844e-12
20.062	1.8461189396850214e-12
20.07	1.8500953322319384e-12
20.078	1.853814560497404e-12
20.086	1.857300554925821e-12
20.094	1.8605979857915756e-12
20.102	1.8637508669800988e-12
20.109	1.870987788253942e-12
20.117	1.873435528608825e-12
20.125	1.876099893664777e-12
20.133	1.878646330790796e-12
20.141	1.881117300355145e-12
20.148	1.8837003985081292e-12
20.156	1.8860224469199787e-12
20.164	1.8882811289343577e-12
20.172	1.893743567052291e-12
20.18	1.8957151026041588e-12
20.188	1.8972694171449876e-12
20.195	1.899257713715686e-12
20.203	1.9009475602003572e-12
20.211	1.9025580464514614e-12
20.219	1.9040494057431923e-12
20.227	1.905412407024185e-12
20.234	1.9090633283453594e-12
20.242	1.9099473194014017e-12
20.25	1.9107664182423257e-12
20.258	1.9114412840977194e-12
20.266	1.9115847682638734e-12
20.273	1.912182798299393e-12
20.281	1.9124402805510694e-12
20.289	1.9125565529610522e-12
20.297	1.913411742356189e-12
20.305	1.9130588912610037e-12
20.312	1.9127655561409594e-12
20.32	1.912234190122533e-12
20.328	1.9115944643052745e-12
20.336	1.910434439113752e-12
20.344	1.9095698405646854e-12
20.352	1.9086078278729185e-12
20.359	1.907706745270797e-12
20.367	1.9063257400256033e-12
20.375	1.9049756232341472e-12
20.383	1.9035977369399373e-12
20.391	1.9021433758672816e-12
20.398	1.9008185814956025e-12
20.406	1.8988316003096883e-12
20.414	1.897178109978014e-12
20.422	1.8954876911315147e-12
20.43	1.8930309670786376e-12
20.438	1.8912090466789165e-12
20.445	1.88955473309911e-12
20.453	1.8876981451530947e-12
20.461	1.8858049824593822e-12
20.469	1.883865605738259e-12
20.477	1.8815019064489047e-12
20.484	1.8797024833720723e-12
20.492	1.8767234227674646e-12
20.5	1.8746679697417617e-12
20.508	1.8726052807370555e-12
20.516	1.8705353650642797e-12
20.523	1.8686209655818984e-12
20.531	1.866507338273984e-12
20.539	1.8643865354283547e-12
20.547	1.861862244237567e-12
20.555	1.8586349882393712e-12
20.562	1.8566545545336808e-12
20.57	1.854495786491966e-12
20.578	1.8523298794222913e-12
20.586	1.8501568402751135e-12
20.594	1.8479766758137895e-12
20.602	1.845799040445994e-12
20.609	1.8438028486819676e-12
20.617	1.840482277961028e-12
20.625	1.7853167764685974e-12
20.633	1.7831584832633338e-12
20.641	1.780982816085385e-12
20.648	1.7789819336641493e-12
20.656	1.776791113349023e-12
20.664	1.7746027798011093e-12
20.672	1.7724070168287545e-12
20.68	1.7702038293250217e-12
20.688	1.7668834078244525e-12
20.695	1.7645785670896758e-12
20.703	1.7623631500391e-12
20.711	1.7601403110321238e-12
20.719	1.7579298605269045e-12
20.727	1.7557020845704705e-12
20.734	1.7536558336150389e-12
20.742	1.7514327350921339e-12
20.75	1.7480839246376309e-12
20.758	1.7458561798775832e-12
20.766	1.7433835296693655e-12
20.773	1.7413185315804886e-12
20.781	1.7390880798036094e-12
20.789	1.7368600895569544e-12
20.797	1.7346345564409522e-12
20.805	1.7324015921293869e-12
20.812	1.7292004970024344e-12
20.82	1.7269625527672827e-12
20.828	1.7247270573275098e-12
20.836	1.7222667102056031e-12
20.844	1.720036153567338e-12
20.852	1.71778827544465e-12
20.859	1.7157073308569184e-12
20.867	1.713464050501234e-12
20.875	1.710038062008177e-12
20.883	1.7077801503741905e-12
20.891	1.7055147935726144e-12
20.898	1.7034148767695614e-12
20.906	1.700927016078294e-12
20.914	1.6986588313520464e-12
20.922	1.6963831972922856e-12
20.93	1.6941001149698073e-12
20.938	1.6906153305552784e-12
20.945	1.6884886459448127e-12
20.953	1.6861831326890121e-12
20.961	1.6838800339765912e-12
20.969	1.681569477312793e-12
20.977	1.679251462588449e-12
20.984	1.676898357365422e-12
20.992	1.6745651669030966e-12
21	1.672224514859259e-12
21.008	1.6686035343526151e-12
21.016	1.666238226953974e-12
21.023	1.664033610753431e-12
21.031	1.6616629379343503e-12
21.039	1.6592749183064366e-12
21.047	1.6568794191997996e-12
21.055	1.6543086966415636e-12
21.062	1.652055104756933e-12
21.07	1.648314104077469e-12
21.078	1.6458884370700105e-12
21.086	1.6434552631714726e-12
21.094	1.6410244525706103e-12
21.102	1.6385663784856667e-12
21.109	1.6362656780883947e-12
21.117	1.6337922674651384e-12
21.125	1.6311730743528792e-12
21.133	1.627291523929146e-12
21.141	1.6247855912213071e-12
21.148	1.6224452949120184e-12
21.156	1.619933827298283e-12
21.164	1.617414787472947e-12
21.172	1.6148980554429438e-12
21.18	1.6123737382986734e-12
21.188	1.6098418288518564e-12
21.195	1.6059005750232836e-12
21.203	1.6033629406156097e-12
21.211	1.6008275802524044e-12
21.219	1.5982944882288635e-12
21.227	1.5957537567075287e-12
21.234	1.5933752506068326e-12
21.242	1.5320371208522758e-12
21.25	1.5295471915598665e-12
21.258	1.525700868481558e-12
21.266	1.5232047565996324e-12
21.273	1.5208537475897202e-12
21.281	1.5183719006053742e-12
21.289	1.5158921736234222e-12
21.297	1.5134145608402053e-12
21.305	1.5109390564520696e-12
21.312	1.508607218191777e-12
21.32	1.5061459376923468e-12
21.328	1.5023560686008949e-12
21.336	1.4999091110146885e-12
21.344	1.4974745590546285e-12
21.352	1.4950317631917548e-12
21.359	1.4927308045033468e-12
21.367	1.4903021933282876e-12
21.375	1.4878756456069603e-12
21.383	1.48546148607323e-12
21.391	1.481788381485583e-12
21.398	1.4795371216406985e-12
21.406	1.4771493559800795e-12
21.414	1.4748050119328782e-12
21.422	1.472431675173393e-12
21.43	1.4700603716333613e-12
21.438	1.4677014443875831e-12
21.445	1.4654915564457998e-12
21.453	1.4619454687660753e-12
21.461	1.4596129120449107e-12
21.469	1.4572823670636517e-12
21.477	1.4549641920330946e-12
21.484	1.4528558107713924e-12
21.492	1.4505517453467087e-12
21.5	1.448270409454895e-12
21.508	1.4459910679906738e-12
21.516	1.442593464265169e-12
21.523	1.440472594763022e-12
21.531	1.4382196023259255e-12
21.539	1.4359685863080854e-12
21.547	1.4337299227266384e-12
21.555	1.4315762786578671e-12
21.562	1.4294949014372546e-12
21.57	1.4272826468136725e-12
21.578	1.4240127772252103e-12
21.586	1.421825144225942e-12
21.594	1.419639459758434e-12
21.602	1.4174557191358735e-12
21.609	1.415415305128058e-12
21.617	1.4132455842893244e-12
21.625	1.411171357650393e-12
21.633	1.4090158963362063e-12
21.641	1.4068623584336486e-12
21.648	1.4038419509619712e-12
21.656	1.4017127574445648e-12
21.664	1.3995854744668537e-12
21.672	1.3974600975463115e-12
21.68	1.3953366222027321e-12
21.688	1.3932254516095397e-12
21.695	1.3912444205252542e-12
21.703	1.3892512899639197e-12
21.711	1.386187591277875e-12
21.719	1.3840941063229342e-12
21.727	1.3820129141499718e-12
21.734	1.3800501627087178e-12
21.742	1.3779724724494232e-12
21.75	1.3758966460856142e-12
21.758	1.373822679294383e-12
21.766	1.371760987551583e-12
21.773	1.3690138832022717e-12
21.781	1.3669660547577382e-12
21.789	1.3649096414392628e-12
21.797	1.3477335520477597e-12
21.805	1.3457011733164242e-12
21.812	1.343804358280502e-12
21.82	1.3417753627164825e-12
21.828	1.339748168082637e-12
21.836	1.336857510613255e-12
21.844	1.3349921915087287e-12
21.852	1.332980893714737e-12
21.859	1.3310931606083324e-12
21.867	1.3290746414406218e-12
21.875	1.3270578971968545e-12
21.883	1.325053481900349e-12
21.891	1.3230402754819348e-12
21.898	1.3202832494703546e-12
21.906	1.318273282225329e-12
21.914	1.316444723086739e-12
21.922	1.3144382691690187e-12
21.93	1.312444128588344e-12
21.938	1.3104411606880028e-12
21.945	1.3085591790641802e-12
21.953	1.306570025734202e-12
21.961	1.3045720297694755e-12
21.969	1.3017296272037307e-12
21.977	1.2997455912515408e-12
21.984	1.2980718094772764e-12
21.992	1.296090991892761e-12
22.999999999999996	1.2451795841209833e-12
23.884192216218374	1.1764938819844584e-12
24.802375557446364	1.1127995336152444e-12
25.755856749255898	1.0537338199662097e-12
26.74599275185275	9.989603805921772e-13
27.774192691253674	9.481672981842092e-13
28.841919864703925	9.01065322299785e-13
29.950693823189393	8.573862221735666e-13
31.10209253400695	8.168812592285397e-13
32.297754626470976	7.793197705889597e-13
33.5393817239517	7.444878555286715e-13
34.82874086556454	7.121871573745337e-13
36.16766702095667	6.822337339282819e-13
37.55806570177006	6.544570099742346e-13
39.001915673497166	6.286988059077182e-13
40.501271771588996	6.048124369525469e-13
42.05826782582309	5.826618778378983e-13
43.67511969709354	5.621209881776752e-13
45.35412843094467	5.430727941411452e-13
47.097683532336404	5.254088223241931e-13
48.908266366302	5.090284820278005e-13
50.788453689337615	4.938384924260217e-13
52.74092131654978	4.797523513613596e-13
54.768447929779306	4.666898427425045e-13
56.87391903212161	4.5457657973921637e-13
59.060331054471	4.433435811729973e-13
61.330795619933774	4.329268786912274e-13
63.68854397217836	4.232671524877519e-13
66.13693157402543	4.1430939349545893e-13
68.67944288282197	4.06002590127147e-13
71.31969630939614	3.9829943778076563e-13
74.06144936764946	3.9115606945475947e-13
76.90860402211585	3.8453180593945216e-13
79.86521224109745	3.783889241618908e-13
82.93548176328036	3.7269244236494897e-13
86.12378208603748	3.6740992089734997e-13
89.43465068394016	3.6251127748017537e-13
92.87279946632931	3.5796861589785807e-13
96.44312148313534	3.5375606713811125e-13
100.1506978884915	3.498496420761341e-13
104.00080517204985	3.462270948641797e-13
107.99892266829202	3.4286779624853006e-13
112.15074035452133	3.397526160924605e-13
116.46216694863432	3.3686381443619775e-13
120.93933831819551	3.3418494047349405e-13
125.5886262127846	3.3170073886951964e-13
130.41664733204126	3.2939706288658507e-13
135.43027274231466	3.2726079382297164e-13
140.6366376553184	3.252797663060991e-13
146.04315158270782	3.2344269901459967e-13
151.65750888103088	3.2173913043478266e-13
157.4876997020603	3.2015935928564264e-13
163.54202136409086	3.1869438927315064e-13
169.82909016038425	3.1733587785922287e-13
176.3578536215695	3.160760887536201e-13
183.13760324944653	3.149078478582368e-13
190.17798774031823	3.138245024128951e-13
197.4890267166688	3.128198831099921e-13
205.0811249867306	3.1188826896225645e-13
212.96508735223387	3.1102435472354613e-13
221.15213398541286	3.102232206771595e-13
229.65391639715136	3.0948030461961433e-13
238.48253401899598	3.087913758803505e-13
247.65055142263208	3.0815251122940745e-13
257.1710162013312	3.0756007253587757e-13
267.0574775388176	3.0701068604990863e-13
277.32400549198	3.065012231902717e-13
287.9852110148718	3.060287827280866e-13
299.05626675249596	3.0559067426524637e-13
310.5529286339695	3.0518440291345647e-13
322.49155829579456	3.0480765508663943e-13
334.88914636715435	3.0445828532579854e-13
347.76333665036543	3.041343040813113e-13
361.1324512309038	3.0383386638307765e-13
375.0155165527398	3.03555261334002e-13
389.4322904960896	3.03296902366979e-13
404.4032904961216	3.0305731820989826e-13
419.9498227426337	3.0283514450721834e-13
436.0940125022565	3.026291160503956e-13
452.85883560634056	3.0243805957292443e-13
470.2681511493338	3.0226088706895764e-13
488.346735444188	3.020965895974595e-13
507.12031728311865	3.019442315366074e-13
526.6156145538981	3.0180294525572354e-13
546.8603722637943	3.016719261743939e-13
567.8834020252696	3.0155042818063906e-13
589.7146230596334	3.0143775938204406e-13
612.3851047770021	3.0133327816565076e-13
635.9271109931716	3.0123638954417657e-13
660.3741458463195	3.0114654176775113e-13
685.7610014788922	3.0106322318187617e-13
712.1238075525338	3.0098595931371624e-13
739.5000826665225	3.0091431017012665e-13
767.9287877528958	3.008478677320326e-13
797.4503815242498	3.007862536308904e-13
828.1068780531244	3.00729116993999e-13
859.9419065649275	3.0067613244639147e-13
893.0007735294796	3.006269982579284e-13
927.3305271395559	3.005814346250403e-13
962.9800242681854	3.0053918207733584e-13
999.999999999999	3.0050000000000003e-13