0.0078125	5.027981189627833e-6
0.015625	1.7984000891849048e-6
0.023438	7.308030250879188e-7
0.03125	5.881631480792093e-7
0.039062	6.441914528929769e-7
0.046875	6.99984431678476e-7
0.054688	5.142648725916911e-7
0.0625	4.7096806578324566e-7
0.070312	3.895575053934761e-7
0.078125	2.8716281552562013e-7
0.085938	2.0998155950016607e-7
0.09375	1.6500441343942653e-7
0.10156	1.5460883586788204e-7
0.10938	1.5541982954189606e-7
0.11719	1.564768127791591e-7
0.125	1.5969987707335227e-7
0.13281	1.8209361678424356e-7
0.14062	2.064979730934636e-7
0.14844	2.2477406556688762e-7
0.15625	2.873505603612779e-7
0.16406	3.7530818192965144e-7
0.17188	4.811983931892759e-7
0.17969	5.710431354913147e-7
0.1875	6.445088000521075e-7
0.19531	6.733333151685598e-7
0.20312	6.553782921495598e-7
0.21094	6.076864388039686e-7
0.21875	5.580579971829997e-7
0.22656	5.079298960637701e-7
0.23438	4.5147267159601606e-7
0.24219	4.0733304536852997e-7
0.25	3.677386722177936e-7
0.25781	3.2277751206322567e-7
0.26562	2.9377188216579083e-7
0.27344	2.674850854805297e-7
0.28125	2.4698668168035364e-7
0.28906	2.3078813013143223e-7
0.29688	2.1452412542460377e-7
0.30469	1.9961541943871888e-7
0.3125	1.8423078245828763e-7
0.32031	1.701823965473278e-7
0.32812	1.5804773527654226e-7
0.33594	1.4683636960821505e-7
0.34375	1.3543081004686548e-7
0.35156	1.24883144721312e-7
0.35938	1.1792791971529826e-7
0.36719	1.0946257737019873e-7
0.375	1.0159201221000257e-7
0.38281	9.362438266218429e-8
0.39062	8.585403913988883e-8
0.39844	7.952733332193532e-8
0.40625	7.362431404704021e-8
0.41406	6.834238820816393e-8
0.42188	6.33934178227454e-8
0.42969	5.896077965908298e-8
0.4375	5.5888275018778286e-8
0.44531	5.209712006480865e-8
0.45312	4.749711207482965e-8
0.46094	4.421462829446311e-8
0.46875	4.1123171158337763e-8
0.47656	3.834382690217472e-8
0.48438	3.572032622927168e-8
0.49219	3.3245187760070464e-8
0.5	3.117401071657989e-8
0.50781	2.9731141053101573e-8
0.51562	2.7316138413594984e-8
0.52344	2.563180789305348e-8
0.53125	2.4035012404366756e-8
0.53906	2.25899321462614e-8
0.54688	2.1216146557424084e-8
0.55469	1.9911099873238797e-8
0.5625	1.8729055166174063e-8
0.57031	1.760401546579207e-8
0.57812	1.6661445345433872e-8
0.58594	1.5745595513963013e-8
0.59375	1.4872296096600246e-8
0.60156	1.4077499463956167e-8
0.60938	1.3317690666554776e-8
0.61719	1.2545055787282264e-8
0.625	1.1806700463557825e-8
0.63281	1.1177145663783037e-8
0.64062	1.038414769873313e-8
0.64844	9.970763031028494e-9
0.65625	9.443536510254705e-9
0.66406	8.910282681182716e-9
0.67188	8.398846000450018e-9
0.67969	7.934267551076091e-9
0.6875	7.488423190607996e-9
0.69531	7.039177482421684e-9
0.70312	6.650716345885196e-9
0.71094	6.150166162272423e-9
0.71875	5.920770166226664e-9
0.72656	5.5647068553777945e-9
0.73438	5.254709452990356e-9
0.74219	4.943692064007894e-9
0.75	4.644375400721832e-9
0.75781	4.372814063812844e-9
0.76562	4.1112965092061345e-9
0.77344	3.807598866307721e-9
0.78125	3.5867421300801072e-9
0.78906	3.3738520517607273e-9
0.79688	3.254497194823006e-9
0.80469	3.0717923755218415e-9
0.8125	2.895459597725893e-9
0.82031	2.7419509987525863e-9
0.82812	2.593708812665754e-9
0.83594	2.4401461213151615e-9
0.84375	2.3133379879624814e-9
0.85156	2.203195638712049e-9
0.85938	2.0966199107993195e-9
0.86719	2.039954516417958e-9
0.875	1.952235942413959e-9
0.88281	1.8672772324559204e-9
0.89062	1.789224634666395e-9
0.89844	1.699430188477389e-9
0.90625	1.6280140987534464e-9
0.91406	1.5664113355984873e-9
0.92188	1.506620687239389e-9
0.92969	1.45538565774524e-9
0.9375	1.4238194164410768e-9
0.94531	1.3761099143619247e-9
0.95312	1.3354644710936857e-9
0.96094	1.2913453315740376e-9
0.96875	1.2584518789618398e-9
0.97656	1.2264108959868102e-9
0.98438	1.1919344979963097e-9
0.99219	1.15842183107881e-9
1	1.129969708853456e-9
1.0078	1.10769980059934e-9
1.0156	1.0809752101882027e-9
1.0234	1.0549011620425022e-9
1.0312	1.0261164181914481e-9
1.0391	1.0015468205540685e-9
1.0469	9.777596604287778e-10
1.0547	9.545646027434416e-10
1.0625	9.350714302940829e-10
1.0703	9.16063994402224e-10
1.0781	9.010926054226674e-10
1.0859	8.830618036528388e-10
1.0938	8.597290154294881e-10
1.1016	8.406809782726918e-10
1.1094	8.221024718471282e-10
1.1172	8.063841225942467e-10
1.125	7.909986333769078e-10
1.1328	7.759866263879401e-10
1.1406	7.613126903326783e-10
1.1484	7.469426016118942e-10
1.1562	7.332106178666767e-10
1.1641	7.19587791708869e-10
1.1719	7.063660225782067e-10
1.1797	6.93434786610414e-10
1.1875	6.80786170523757e-10
1.1953	6.684125258230851e-10
1.2031	6.562831267665757e-10
1.2109	6.444145093366364e-10
1.2188	6.319371594782205e-10
1.2266	6.232211328605909e-10
1.2344	6.122408844755391e-10
1.2422	6.031036062924808e-10
1.25	5.941424446469005e-10
1.2578	5.853529493061176e-10
1.2656	5.767308081873271e-10
1.2734	5.682933119964691e-10
1.2812	5.596742449862826e-10
1.2891	5.502869885481797e-10
1.2969	5.422674586849809e-10
1.3047	5.3337996983667e-10
1.3125	5.246538911472827e-10
1.3203	5.161056864434656e-10
1.3281	5.077310419859473e-10
1.3359	4.994854425170592e-10
1.3438	4.913526143341976e-10
1.3516	4.8260040467472e-10
1.3594	4.748873873046683e-10
1.3672	4.687601268523431e-10
1.375	4.615551867889095e-10
1.3828	4.544747432484179e-10
1.3906	4.475350519947101e-10
1.3984	4.4073287792366163e-10
1.4062	4.3402727295552883e-10
1.4141	4.2617115220367165e-10
1.4219	4.1977316690181125e-10
1.4297	4.1348192877479736e-10
1.4375	4.079585411583709e-10
1.4453	4.012100626978556e-10
1.4531	3.945688047903004e-10
1.4609	3.880685517791936e-10
1.4688	3.816182466526784e-10
1.4766	3.733555828048086e-10
1.4844	3.672716696399824e-10
1.4922	3.6067200318399186e-10
1.5	3.5419858861707184e-10
1.5078	3.4783808296712574e-10
1.5156	3.4269334998061075e-10
1.5234	3.3608813107733706e-10
1.5312	3.295972750638359e-10
1.5391	3.214254634466433e-10
1.5469	3.1524500573342693e-10
1.5547	3.0917296982030114e-10
1.5625	3.032052903182547e-10
1.5703	2.9733973867720503e-10
1.5781	2.915776907443914e-10
1.5859	2.870164505772133e-10
1.5938	2.810485195028526e-10
1.6016	2.741504163077502e-10
1.6094	2.684939934206421e-10
1.6172	2.6293565880051405e-10
1.625	2.5807671506726633e-10
1.6328	2.532985560407109e-10
1.6406	2.4860132743200794e-10
1.6484	2.4397987089939545e-10
1.6562	2.4066179244151926e-10
1.6641	2.36196090241788e-10
1.6719	2.3095425147869058e-10
1.6797	2.2671038072536864e-10
1.6875	2.2253673231556094e-10
1.6953	2.1843018388853924e-10
1.7031	2.1438942288151517e-10
1.7109	2.104113883977135e-10
1.7188	2.0647435953009092e-10
1.7266	2.0405480540498322e-10
1.7344	2.0087439381696408e-10
1.7422	1.9795887810827173e-10
1.75	1.9508617897994342e-10
1.7578	1.922572330797853e-10
1.7656	1.894712311482137e-10
1.7734	1.867256453671769e-10
1.7812	1.8402145039133754e-10
1.7891	1.8133589082519154e-10
1.7969	1.7969482170247904e-10
1.8047	1.7713870582795614e-10
1.8125	1.746192484592965e-10
1.8203	1.724969672789255e-10
1.8281	1.7040387499227969e-10
1.8359	1.683394524329882e-10
1.8438	1.6628682222792495e-10
1.8516	1.6459885398712388e-10
1.8594	1.6324710532199844e-10
1.8672	1.615792700729232e-10
1.875	1.60566224044713e-10
1.8828	1.592386031469596e-10
1.8906	1.5792738032383263e-10
1.8984	1.5663228662915383e-10
1.9062	1.553530586079826e-10
1.9141	1.5433526632080672e-10
1.9219	1.5363857368017637e-10
1.9297	1.5265236261703209e-10
1.9375	1.5167810533139536e-10
1.9453	1.5073195448833715e-10
1.9531	1.497734996281277e-10
1.9609	1.488251037656258e-10
1.9688	1.4787304172939623e-10
1.9766	1.4720597584411841e-10
1.9844	1.4654314421429737e-10
1.9922	1.4655866942072532e-10
2	1.461041609123519e-10
2.0078	1.4565180349386428e-10
2.0156	1.44936302901596e-10
2.0234	1.4427941067850335e-10
2.0312	1.4382750240464872e-10
2.0391	1.433638613429451e-10
2.0469	1.4291670070916403e-10
2.0547	1.4280498847845052e-10
2.0625	1.4235098159253317e-10
2.0703	1.4189950746309446e-10
2.0781	1.4145055066852715e-10
2.0859	1.4067681681626855e-10
2.0938	1.402125740158431e-10
2.1016	1.397644778521792e-10
2.1094	1.393201839055364e-10
2.1172	1.3910592805960426e-10
2.125	1.3865511379118898e-10
2.1328	1.3820822211211787e-10
2.1406	1.377629722512946e-10
2.1484	1.3732157129111663e-10
2.1562	1.3650828159732755e-10
2.1641	1.3585733325399055e-10
2.1719	1.3522488197166864e-10
2.1797	1.3440164749665325e-10
2.1875	1.3361695657041765e-10
2.1953	1.3284082463244833e-10
2.2031	1.3207312605115926e-10
2.2109	1.313116924385073e-10
2.2188	1.3054671351553164e-10
2.2266	1.2980070859369842e-10
2.2344	1.2884911544430532e-10
2.2422	1.2806922994469156e-10
2.25	1.2734216614439156e-10
2.2578	1.266209023692436e-10
2.2656	1.2590730924511225e-10
2.2734	1.2520031794320038e-10
2.2812	1.2449984402778404e-10
2.2891	1.237949876877451e-10
2.2969	1.2310739731521554e-10
2.3047	1.2221692084114864e-10
2.3125	1.2164217599169583e-10
2.3203	1.2112854745183952e-10
2.3281	1.2062012049029397e-10
2.3359	1.1997230120454791e-10
2.3438	1.193200348994228e-10
2.3516	1.186837038864734e-10
2.3594	1.1805384442584736e-10
2.3672	1.1742949758331915e-10
2.375	1.1680369059478623e-10
2.3828	1.161867971768689e-10
2.3906	1.1557442153206923e-10
2.3984	1.1496820527269345e-10
2.4062	1.1436722812593762e-10
2.4141	1.1376200194829257e-10
2.4219	1.1317139483244537e-10
2.4297	1.125866581026571e-10
2.4375	1.1205719634815914e-10
2.4453	1.1139179890240387e-10
2.4531	1.1081893537983922e-10
2.4609	1.1025013001385969e-10
2.4688	1.0967803296708426e-10
2.4766	1.0911963315714584e-10
2.4844	1.0843552670598311e-10
2.4922	1.0775783347488622e-10
2.5	1.0712481320206043e-10
2.5078	1.0645946979149874e-10
2.5156	1.0571319458926997e-10
2.5234	1.0493784051669163e-10
2.5312	1.0416987812218318e-10
2.5391	1.0340032312650033e-10
2.5469	1.0264695541960537e-10
2.5547	1.0190144376810232e-10
2.5625	1.0109011421491164e-10
2.5703	1.0036037895123784e-10
2.5781	9.963747486571135e-11
2.5859	9.892131787479537e-11
2.5938	9.825548191556388e-11
2.6016	9.755455551842717e-11
2.6094	9.685939769809034e-11
2.6172	9.617136184577989e-11
2.625	9.549036001205358e-11
2.6328	9.476136205793405e-11
2.6406	9.40937299494595e-11
2.6484	9.343288061626224e-11
2.6562	9.288495016423904e-11
2.6641	9.239143438717439e-11
2.6719	9.185279050284625e-11
2.6797	9.131884338079425e-11
2.6875	9.078953857408849e-11
2.6953	9.031868213008138e-11
2.7031	8.979819136234507e-11
2.7109	8.928218691047227e-11
2.7188	8.886325109878571e-11
2.7266	8.845469862936173e-11
2.7344	8.799969819153368e-11
2.7422	8.759635116654807e-11
2.75	8.719605217947472e-11
2.7578	8.684220891698641e-11
2.7656	8.644698426164233e-11
2.7734	8.605472432518741e-11
2.7812	8.566539826884923e-11
2.7891	8.527286061161494e-11
2.7969	8.48899734806732e-11
2.8047	8.445346290697518e-11
2.8125	8.407537070055111e-11
2.8203	8.373156511021396e-11
2.8281	8.335821579981513e-11
2.8359	8.298760945299683e-11
2.8438	8.261331396959429e-11
2.8516	8.224815546703313e-11
2.8594	8.188565674837022e-11
2.8672	8.15263732190649e-11
2.875	8.110834412878917e-11
2.8828	8.077590757981254e-11
2.8906	8.042231235765162e-11
2.8984	8.007126574902564e-11
2.9062	7.972330641089021e-11
2.9141	7.929163939800514e-11
2.9219	7.878846492686342e-11
2.9297	7.828999235099823e-11
2.9375	7.779561574800511e-11
2.9453	7.724902026753635e-11
2.9531	7.678656891115596e-11
2.9609	7.630654253705958e-11
2.9688	7.58247658694424e-11
2.9766	7.535255070355236e-11
2.9844	7.488415487482797e-11
2.9922	7.441953775262783e-11
3	7.395865923938195e-11
3.0078	7.350147976224294e-11
3.0156	7.300386858143351e-11
3.0234	7.258431046272645e-11
3.0312	7.214015966873082e-11
3.0391	7.169481846335645e-11
3.0469	7.125772754472176e-11
3.0547	7.082409092558642e-11
3.0625	7.03938726924044e-11
3.0703	6.996755337125487e-11
3.0781	6.950859731592086e-11
3.0859	6.908958914220309e-11
3.0938	6.870356890209559e-11
3.1016	6.829198195879745e-11
3.1094	6.788359064926623e-11
3.1172	6.747836233049523e-11
3.125	6.707676628106794e-11
3.1328	6.667776564862432e-11
3.1406	6.62544636016069e-11
3.1484	6.586266706800522e-11
3.1562	6.54738676981581e-11
3.1641	6.512177772829434e-11
3.1719	6.480189039384678e-11
3.1797	6.448435428084444e-11
3.1875	6.416914640316042e-11
3.1953	6.385624405488035e-11
3.2031	6.352116028780951e-11
3.2109	6.321292069636168e-11
3.2188	6.290301063727283e-11
3.2266	6.259925408803326e-11
3.2344	6.227463137776409e-11
3.2422	6.197535444735014e-11
3.25	6.167822972404447e-11
3.2578	6.13832366208216e-11
3.2656	6.106772386297349e-11
3.2734	6.077704094106217e-11
3.2812	6.048842857028926e-11
3.2891	6.019820649864472e-11
3.2969	5.991370252770228e-11
3.3047	5.960955516962738e-11
3.3125	5.932915842266339e-11
3.3203	5.905073546542172e-11
3.3281	5.877426781588012e-11
3.3359	5.847892013514266e-11
3.3438	5.81499915108678e-11
3.3516	5.782647352130074e-11
3.3594	5.7505719013817723e-11
3.3672	5.718726471380826e-11
3.375	5.68710889104452e-11
3.3828	5.659181307190062e-11
3.3906	5.6280433955746054e-11
3.3984	5.5955795305326726e-11
3.4062	5.564973388357688e-11
3.4141	5.534259509197853e-11
3.4219	5.5040868092905186e-11
3.4297	5.474126555619545e-11
3.4375	5.444376779120693e-11
3.4453	5.4148355332309855e-11
3.4531	5.38922847845314e-11
3.4609	5.359000363681085e-11
3.4688	5.329881239256418e-11
3.4766	5.3012719013052075e-11
3.4844	5.2728608452828226e-11
3.4922	5.244646262103504e-11
3.5	5.216626363031972e-11
3.5078	5.1887993794100115e-11
3.5156	5.161163562387299e-11
3.5234	5.1368789628660605e-11
3.5312	5.1096899549927756e-11
3.5391	5.0824394998393165e-11
3.5469	5.0556620087863814e-11
3.5547	5.029066446042298e-11
3.5625	5.002651184176768e-11
3.5703	4.976414613706799e-11
3.5781	4.950355142860301e-11
3.5859	4.9241165829336746e-11
3.5938	4.902138610424291e-11
3.6016	4.876668707570644e-11
3.6094	4.851408199160264e-11
3.6172	4.8263163530929444e-11
3.625	4.8013916865107796e-11
3.6328	4.7765941701903633e-11
3.6406	4.7519996096255756e-11
3.6484	4.727606174931378e-11
3.6562	4.7032975456642844e-11
3.6641	4.6830002695148915e-11
3.6719	4.659112449081621e-11
3.6797	4.63938118820634e-11
3.6875	4.6197750047583597e-11
3.6953	4.600292843804593e-11
3.7031	4.5809336615105e-11
3.7109	4.5616964250002556e-11
3.7188	4.54233581195889e-11
3.7266	4.523340942354712e-11
3.7344	4.504464971528509e-11
3.7422	4.4857069092143625e-11
3.75	4.4670657754344035e-11
3.7578	4.4523002569906975e-11
3.7656	4.4338745216128695e-11
3.7734	4.4155629316810236e-11
3.7812	4.3973288567507515e-11
3.7891	4.379011745077302e-11
3.7969	4.361038552288843e-11
3.8047	4.3431757864608e-11
3.8125	4.325387438585266e-11
3.8203	4.3077429707956334e-11
3.8281	4.2902062483020095e-11
3.8359	4.272776395629782e-11
3.8438	4.255196592906429e-11
3.8516	4.237979371070227e-11
3.8594	4.220866433768458e-11
3.8672	4.203856940497918e-11
3.875	4.186950059206142e-11
3.8828	4.170111119121398e-11
3.8906	4.153407134504675e-11
3.8984	4.136803314590283e-11
3.9062	4.1202654170976175e-11
3.9141	4.103649976434462e-11
3.9219	4.087343267909221e-11
3.9297	4.071133563776367e-11
3.9375	4.0550200961533954e-11
3.9453	4.039002104740956e-11
3.9531	4.023046182270042e-11
3.9609	4.00721702074892e-11
3.9688	3.991279957955587e-11
3.9766	3.9756377252069937e-11
3.9844	3.9600872678459765e-11
3.9922	3.9477324017355557e-11
4	3.9354731062509964e-11
4.0078	3.9232767836910555e-11
4.0156	3.911142984203656e-11
4.0234	3.8989142636316985e-11
4.0312	3.886904907364422e-11
4.0391	3.874547114965503e-11
4.0469	3.859625894747531e-11
4.0547	3.844790703239453e-11
4.0625	3.830040880375463e-11
4.0703	3.815375772408169e-11
4.0781	3.800794731836164e-11
4.0859	3.786297117332553e-11
4.0938	3.7716980230102287e-11
4.1016	3.756974199291644e-11
4.1094	3.742725604557258e-11
4.1172	3.728557914609825e-11
4.125	3.714470518093881e-11
4.1328	3.700462809417689e-11
4.1406	3.686534188688154e-11
4.1484	3.672684061646607e-11
4.1562	3.658911839605399e-11
4.1641	3.644866222541159e-11
4.1719	3.631074709782983e-11
4.1797	3.617535003272949e-11
4.1875	3.6040708869632246e-11
4.1953	3.590681799220438e-11
4.2031	3.577367183617698e-11
4.2109	3.564126488876788e-11
4.2188	3.5507908310333405e-11
4.2266	3.537526773741577e-11
4.2344	3.524506135547724e-11
4.2422	3.511387995716208e-11
4.25	3.4985109636735616e-11
4.2578	3.4857046363291363e-11
4.2656	3.472968496998658e-11
4.2734	3.460302033708924e-11
4.2812	3.4477047391463427e-11
4.2891	3.435015930798486e-11
4.2969	3.422391357312617e-11
4.3047	3.410000032670848e-11
4.3125	3.3975120836209543e-11
4.3203	3.385255216382134e-11
4.3281	3.373064556526185e-11
4.3359	3.360939628070909e-11
4.3438	3.348725769819487e-11
4.3516	3.336731720904508e-11
4.3594	3.32466841030496e-11
4.3672	3.312803024969623e-11
4.375	3.30100104590582e-11
4.3828	3.2891034206871375e-11
4.3906	3.277427468274188e-11
4.3984	3.265813578192249e-11
4.4062	3.25426131137141e-11
4.4141	3.242623306471959e-11
4.4219	3.231063913971696e-11
4.4297	3.219695148637136e-11
4.4375	3.208386280820164e-11
4.4453	3.197136890490178e-11
4.4531	3.188199199347728e-11
4.4609	3.1791499362985335e-11
4.4688	3.17015338010298e-11
4.4766	3.161340138234595e-11
4.4844	3.1501508106408035e-11
4.4922	3.139220823406014e-11
4.5	3.1283476228327696e-11
4.5078	3.117530816221727e-11
4.5156	3.106770014262247e-11
4.5234	3.096064830997367e-11
4.5312	3.08521755615508e-11
4.5391	3.0744876719423367e-11
4.5469	3.06375245234553e-11
4.5547	3.0532679827244466e-11
4.5625	3.042837239528977e-11
4.5703	3.032459856298876e-11
4.5781	3.022135469693047e-11
4.5859	3.011863719457738e-11
4.5938	3.0015135674086574e-11
4.6016	2.9911792450327643e-11
4.6094	2.981064497928128e-11
4.6172	2.970810888921894e-11
4.625	2.9607988737750146e-11
4.6328	2.9508373861440153e-11
4.6406	2.9409260866044916e-11
4.6484	2.931064638577419e-11
4.6562	2.921252708300564e-11
4.6641	2.911365119331546e-11
4.6719	2.9014894006045297e-11
4.6797	2.891663283959958e-11
4.6875	2.8820478352658397e-11
4.6953	2.8724802673370195e-11
4.7031	2.8629602627997652e-11
4.7109	2.853487506905599e-11
4.7188	2.8439411470478777e-11
4.7266	2.8326571143593235e-11
4.7344	2.8233311069309115e-11
4.7422	2.8137580143272986e-11
4.75	2.8045246279639064e-11
4.7578	2.797194957532577e-11
4.7656	2.789874684551039e-11
4.7734	2.7825860875898708e-11
4.7812	2.775351096156296e-11
4.7891	2.7680095947377854e-11
4.7969	2.7608372369511567e-11
4.8047	2.7552473200789522e-11
4.8125	2.748130233550126e-11
4.8203	2.7407617227405954e-11
4.8281	2.7336631884149698e-11
4.8359	2.726616552553408e-11
4.8438	2.7194876636431208e-11
4.8516	2.7125013938698147e-11
4.8594	2.705544804428696e-11
4.8672	2.700015451872755e-11
4.875	2.693091242667989e-11
4.8828	2.686217392502982e-11
4.8906	2.6789957912594168e-11
4.8984	2.6721603872254476e-11
4.9062	2.665353810157948e-11
4.9141	2.6584676902287363e-11
4.9219	2.6517393224638363e-11
4.9297	2.6450185824970367e-11
4.9375	2.639573729484073e-11
4.9453	2.6328840528038354e-11
4.9531	2.62624268021882e-11
4.9609	2.6191841349998168e-11
4.9688	2.612474354432899e-11
4.9766	2.60591774694448e-11
4.9844	2.5993683470620515e-11
4.9922	2.59286606347304e-11
5	2.5874819781430242e-11
5.0078	2.581009483812839e-11
5.0156	2.5745637397746773e-11
5.0234	2.5665747257647087e-11
5.0312	2.5596597610016903e-11
5.0391	2.5516402887827424e-11
5.0469	2.543759247217981e-11
5.0547	2.5359146616343436e-11
5.0625	2.52913003180253e-11
5.0703	2.521354539083862e-11
5.0781	2.5136148484876682e-11
5.0859	2.5074218983935687e-11
5.0938	2.501175001869768e-11
5.1016	2.4945010864729158e-11
5.1094	2.4883855943777085e-11
5.1172	2.482276026120439e-11
5.125	2.478743963908272e-11
5.1328	2.4743002488025925e-11
5.1406	2.4698682421096454e-11
5.1484	2.465447912894485e-11
5.1562	2.4610392301869386e-11
5.1641	2.4565470208152112e-11
5.1719	2.45218013634207e-11
5.1797	2.4471144509737624e-11
5.1875	2.4450392526581808e-11
5.1953	2.4406637989776908e-11
5.2031	2.436299996482987e-11
5.2109	2.4319657037388075e-11
5.2188	2.4275319973121734e-11
5.2266	2.423220922696177e-11
5.2344	2.418938885808073e-11
5.2422	2.4146504477148897e-11
5.25	2.409532221087642e-11
5.2578	2.4072761262469583e-11
5.2656	2.4029993019447775e-11
5.2734	2.3987338638406175e-11
5.2812	2.3944797789803455e-11
5.2891	2.390163783090156e-11
5.2969	2.385932528240705e-11
5.3047	2.3817295375039706e-11
5.3125	2.3775376279436497e-11
5.3203	2.3741664419239192e-11
5.3281	2.3699764897340158e-11
5.3359	2.3657809522775844e-11
5.3438	2.3615249345397277e-11
5.3516	2.357368663766611e-11
5.3594	2.3532234355345775e-11
5.3672	2.3491056743688892e-11
5.375	2.3449823664061567e-11
5.3828	2.3424692592542982e-11
5.3906	2.337272518088535e-11
5.3984	2.333163728986502e-11
5.4062	2.3290659282860573e-11
5.4141	2.3248931969957144e-11
5.4219	2.3208335415958322e-11
5.4297	2.3167846447326825e-11
5.4375	2.3127464739662673e-11
5.4453	2.3101252062329725e-11
5.4531	2.3060870673910094e-11
5.4609	2.300868463519117e-11
5.4688	2.2967725761420417e-11
5.4766	2.2927716442802628e-11
5.4844	2.2887813700648147e-11
5.4922	2.2848017203848664e-11
5.5	2.2808326621971704e-11
5.5078	2.2781140025329463e-11
5.5156	2.2755782896953115e-11
5.5234	2.2730563040543625e-11
5.5312	2.270532820867834e-11
5.5391	2.265189508743838e-11
5.5469	2.261267513986882e-11
5.5547	2.2573559685047892e-11
5.5625	2.253454839196548e-11
5.5703	2.2495640930403628e-11
5.5781	2.2467163514006115e-11
5.5859	2.2428422902467142e-11
5.5938	2.2388984839211862e-11
5.6016	2.2339078312259057e-11
5.6094	2.2286593453383128e-11
5.6172	2.2237063074277523e-11
5.625	2.2187714722234333e-11
5.6328	2.2138547467045304e-11
5.6406	2.2109780453628634e-11
5.6484	2.2071903559709297e-11
5.6562	2.2034127184039933e-11
5.6641	2.1995674312969532e-11
5.6719	2.195810039762455e-11
5.6797	2.1906135742870946e-11
5.6875	2.1868815311311762e-11
5.6953	2.1831593488225465e-11
5.7031	2.1802121459398626e-11
5.7109	2.1764928568323363e-11
5.7188	2.1727212709748778e-11
5.7266	2.1690219010455116e-11
5.7344	2.1653460526810447e-11
5.7422	2.1629490059470163e-11
5.75	2.1577513739650176e-11
5.7578	2.1541055014024255e-11
5.7656	2.151103629962892e-11
5.7734	2.1486843514967357e-11
5.7812	2.1462783472232096e-11
5.7891	2.1438114326158863e-11
5.7969	2.1414052693990527e-11
5.8047	2.1377965437690436e-11
5.8125	2.1341973243194356e-11
5.8203	2.1290062211472832e-11
5.8281	2.1271187874548294e-11
5.8359	2.1247194362883175e-11
5.8438	2.122247622204274e-11
5.8516	2.1198617477082714e-11
5.8594	2.1174888835705966e-11
5.8672	2.1139254278724928e-11
5.875	2.111557785575476e-11
5.8828	2.109203003020653e-11
5.8906	2.1083401097764995e-11
5.8984	2.1042544844930164e-11
5.9062	2.101863507311468e-11
5.9141	2.099427057586914e-11
5.9219	2.0970497202884443e-11
5.9297	2.094685295489439e-11
5.9375	2.0923213347051566e-11
5.9453	2.0888272427499626e-11
5.9531	2.0864812192193152e-11
5.9609	2.0854276134728326e-11
5.9688	2.0811986777061222e-11
5.9766	2.078832270090145e-11
5.9844	2.0764666278417152e-11
5.9922	2.0731898107951406e-11
6	2.0699088734602433e-11
6.0078	2.0666477557072597e-11
6.0156	2.062301848780248e-11
6.0234	2.0602198658128426e-11
6.0312	2.056970030099227e-11
6.0391	2.0527202270727445e-11
6.0469	2.049489566522289e-11
6.0547	2.0462666631463493e-11
6.0625	2.043051495389199e-11
6.0703	2.0398440417319052e-11
6.0781	2.0355821815262355e-11
6.0859	2.0323823614370632e-11
6.0938	2.029135121179104e-11
6.1016	2.0259622777472636e-11
6.1094	2.021794960532192e-11
6.1172	2.0186294639724567e-11
6.125	2.0154715749054028e-11
6.1328	2.012332541577794e-11
6.1406	2.0091897632215937e-11
6.1484	2.0049463372593728e-11
6.1562	2.000795737934346e-11
6.1641	1.9966056319501834e-11
6.1719	1.9924945376541503e-11
6.1797	1.9873571838886667e-11
6.1875	1.983265986385874e-11
6.1953	1.9791886570732215e-11
6.2031	1.9751361011087177e-11
6.2109	1.970955023486948e-11
6.2188	1.9668560094830038e-11
6.2266	1.962834068958443e-11
6.2344	1.9588256722215e-11
6.2422	1.9548307560409878e-11
6.25	1.9508492575621903e-11
6.2578	1.945849278204341e-11
6.2656	1.941886747439488e-11
6.2734	1.937948186525735e-11
6.2812	1.9338629274526946e-11
6.2891	1.9298790896201258e-11
6.2969	1.925969921777992e-11
6.3047	1.92208435240955e-11
6.3125	1.918201162771615e-11
6.3203	1.9143413900078538e-11
6.3281	1.9094469678998534e-11
6.3359	1.9056053299675674e-11
6.3438	1.9015289606255076e-11
6.3516	1.8977134520550826e-11
6.3594	1.8939105487896737e-11
6.3672	1.8901098662410575e-11
6.375	1.8863320306080896e-11
6.3828	1.8825666279859836e-11
6.3906	1.8788136016522743e-11
6.3984	1.874031375171441e-11
6.4062	1.8700920461827488e-11
6.4141	1.8663110614514356e-11
6.4219	1.8626006547713367e-11
6.4297	1.8589023883248942e-11
6.4375	1.8552162070651177e-11
6.4453	1.8515420562632284e-11
6.4531	1.847068764405128e-11
6.4609	1.842611664073231e-11
6.4688	1.8376752264805033e-11
6.4766	1.8350806530645892e-11
6.4844	1.8335407482785473e-11
6.4922	1.831998460223687e-11
6.5	1.829412799576031e-11
6.5078	1.8259021263747214e-11
6.5156	1.8215330700105484e-11
6.5234	1.8171796764579784e-11
6.5312	1.8125695322586085e-11
6.5391	1.807930567665867e-11
6.5469	1.8036251840719246e-11
6.5547	1.799335161367275e-11
6.5625	1.7950604265652792e-11
6.5703	1.7908009071122763e-11
6.5781	1.7865565308845024e-11
6.5859	1.78232722618504e-11
6.5938	1.7780589892757895e-11
6.6016	1.7736122123448508e-11
6.6094	1.7691719247264253e-11
6.6172	1.765003573177755e-11
6.625	1.7608499358925598e-11
6.6328	1.7567109436971906e-11
6.6406	1.7525865278240117e-11
6.6484	1.748476619908551e-11
6.6562	1.7443811519866603e-11
6.6641	1.7400047881497703e-11
6.6719	1.737616705247823e-11
6.6797	1.7361989657222397e-11
6.6875	1.734501715856766e-11
6.6953	1.7330716529076523e-11
6.7031	1.7306941664377953e-11
6.7109	1.7266733735805017e-11
6.7188	1.7226152976631612e-11
6.7266	1.7183308164978064e-11
6.7344	1.714352668931313e-11
6.7422	1.7103883202429123e-11
6.75	1.70643770668799e-11
6.7578	1.702220647996772e-11
6.7656	1.698297960459299e-11
6.7734	1.6943888167885256e-11
6.7812	1.690493154705574e-11
6.7891	1.6862746860084322e-11
6.7969	1.6824066298325584e-11
6.8047	1.678551867501946e-11
6.8125	1.674710338168092e-11
6.8203	1.6708819813302367e-11
6.8281	1.6667922664424276e-11
6.8359	1.6629907004765927e-11
6.8438	1.659153638037873e-11
6.8516	1.6551143198680076e-11
6.8594	1.6513523139753122e-11
6.8672	1.647603119844926e-11
6.875	1.6438666793677386e-11
6.8828	1.640142934763715e-11
6.8906	1.636431828579663e-11
6.8984	1.6324643117530574e-11
6.9062	1.6287789186122678e-11
6.9141	1.6250589832959874e-11
6.9219	1.6211400324745814e-11
6.9297	1.6174926088423608e-11
6.9375	1.6138574809540837e-11
6.9453	1.6095237545151746e-11
6.9531	1.6052050882404253e-11
6.9609	1.6009014131673134e-11
6.9688	1.5970268443880294e-11
6.9766	1.5934578148074697e-11
6.9844	1.589663295578681e-11
6.9922	1.5861186436017063e-11
7	1.582585834286951e-11
7.0078	1.5790648149380825e-11
7.0156	1.575555533151546e-11
7.0234	1.5720579368146176e-11
7.0312	1.568571974103464e-11
7.0391	1.565053125112365e-11
7.0469	1.5611238237509638e-11
7.0547	1.5576736318987895e-11
7.0625	1.554234865164993e-11
7.0703	1.5508074731603392e-11
7.0781	1.5473914057730858e-11
7.0859	1.5439866131671464e-11
7.0938	1.540549611170134e-11
7.1016	1.5371673626744224e-11
7.1094	1.5335751621554865e-11
7.1172	1.5299949759856884e-11
7.125	1.5266469258693657e-11
7.1328	1.523309853423601e-11
7.1406	1.51998371070898e-11
7.1484	1.5166684500474915e-11
7.1562	1.5133640240208175e-11
7.1641	1.510028229165789e-11
7.1719	1.50652816403141e-11
7.1797	1.503256568671933e-11
7.1875	1.4997792252136288e-11
7.1953	1.496529343415687e-11
7.2031	1.493290013470711e-11
7.2109	1.4900611897478255e-11
7.2188	1.4868016335193732e-11
7.2266	1.4829593916301417e-11
7.2344	1.479763315232894e-11
7.2422	1.4763722000410478e-11
7.25	1.4731971632117495e-11
7.2578	1.4698357171912497e-11
7.2656	1.466681520811642e-11
7.2734	1.462918573459108e-11
7.2812	1.459168114083142e-11
7.2891	1.4553901539176622e-11
7.2969	1.4516646517471801e-11
7.3047	1.4483794165259393e-11
7.3125	1.4452911883712647e-11
7.3203	1.4422128267564795e-11
7.3281	1.438958757245927e-11
7.3359	1.4352985334911525e-11
7.3438	1.4322121859332693e-11
7.3516	1.4285751151704885e-11
7.3594	1.4249499866474533e-11
7.3672	1.4211681740855796e-11
7.375	1.417567060892031e-11
7.3828	1.414573296426313e-11
7.3906	1.4109947005970824e-11
7.3984	1.4074354017126431e-11
7.4062	1.4043129798021657e-11
7.4141	1.400738352778231e-11
7.4219	1.3972131626456447e-11
7.4297	1.393548343221021e-11
7.4375	1.3900462889501832e-11
7.4453	1.386563131245886e-11
7.4531	1.3830837492793474e-11
7.4609	1.3796156371256218e-11
7.4688	1.3761293879008896e-11
7.4766	1.3731249997297816e-11
7.4844	1.3702644380296039e-11
7.4922	1.3667201677948987e-11
7.5	1.363313757753579e-11
7.5078	1.3599183120975792e-11
7.5156	1.3565411968002104e-11
7.5234	1.3531675283212355e-11
7.5312	1.349804685446642e-11
7.5391	1.3464242789409485e-11
7.5469	1.3435321504635659e-11
7.5547	1.3402082320312958e-11
7.5625	1.3367848823381827e-11
7.5703	1.3340316095661626e-11
7.5781	1.3307386981998254e-11
7.5859	1.327463575011069e-11
7.5938	1.3247030315856722e-11
7.6016	1.3214406730945526e-11
7.6094	1.3181886756817637e-11
7.6172	1.315396235906172e-11
7.625	1.3120845348945051e-11
7.6328	1.3094042523902062e-11
7.6406	1.30673217429284e-11
7.6484	1.3046001438883901e-11
7.6562	1.3024738684842575e-11
7.6641	1.2997901246829398e-11
7.6719	1.2971484820261255e-11
7.6797	1.2945148843504269e-11
7.6875	1.2927564581766234e-11
7.6953	1.290137095701603e-11
7.7031	1.2875256861344524e-11
7.7109	1.2849221973122363e-11
7.7188	1.2822933713886989e-11
7.7266	1.2797057287398076e-11
7.7344	1.2776382365144957e-11
7.7422	1.2755832688841207e-11
7.75	1.2739456937672725e-11
7.7578	1.271893688485522e-11
7.7656	1.2697429404673963e-11
7.7734	1.267702099370615e-11
7.7812	1.2656735981877475e-11
7.7891	1.2636111255576474e-11
7.7969	1.2615865692811481e-11
7.8047	1.2595673785335413e-11
7.8125	1.2579369632366795e-11
7.8203	1.2559275278338847e-11
7.8281	1.25392340197095e-11
7.8359	1.2518022142785957e-11
7.8438	1.2497770734024332e-11
7.8516	1.2477891323522483e-11
7.8594	1.245806422065415e-11
7.8672	1.243822190370546e-11
7.875	1.2418499002488153e-11
7.8828	1.2402378925648302e-11
7.8906	1.2382750892288342e-11
7.8984	1.2363107570279503e-11
7.9062	1.2342185327169879e-11
7.9141	1.2322336574611742e-11
7.9219	1.2302917368395721e-11
7.9297	1.2283482736487128e-11
7.9375	1.2264164759398702e-11
7.9453	1.2248118062001089e-11
7.9531	1.2228827280421705e-11
7.9609	1.2209652148543778e-11
7.9688	1.2190155541739826e-11
7.9766	1.216951789725361e-11
7.9844	1.2150431077451186e-11
7.9922	1.2131393752820865e-11
8	1.2112405744893129e-11
8.0078	1.209649860422939e-11
8.0156	1.2077601638871078e-11
8.0234	1.2058753482761757e-11
8.0312	1.2039889912668222e-11
8.0391	1.2025886801487387e-11
8.0469	1.2010486354492636e-11
8.0547	1.1991813246959317e-11
8.0625	1.1978133144944235e-11
8.0703	1.1972185324296713e-11
8.0781	1.1958530068515029e-11
8.0859	1.1939933283276117e-11
8.0938	1.1926042618028545e-11
8.1016	1.1912470073398775e-11
8.1094	1.1898982631888034e-11
8.1172	1.1885455400473835e-11
8.125	1.1869966489099456e-11
8.1328	1.1863662277521379e-11
8.1406	1.185018898546005e-11
8.1484	1.1836738314350702e-11
8.1562	1.181410953829592e-11
8.1641	1.1785988645716573e-11
8.1719	1.1758239774686987e-11
8.1797	1.173582561725181e-11
8.1875	1.1718289392633683e-11
8.1953	1.1702923842775172e-11
8.2031	1.1696620265546289e-11
8.2109	1.1683412998565184e-11
8.2188	1.1669883617553232e-11
8.2266	1.1656781393674724e-11
8.2344	1.1643640963761931e-11
8.2422	1.1630522538111228e-11
8.25	1.161742607809853e-11
8.2578	1.160441099773015e-11
8.2656	1.159533028555892e-11
8.2734	1.1582288830437982e-11
8.2812	1.156926922639273e-11
8.2891	1.1555992605731003e-11
8.2969	1.1542958512161523e-11
8.3047	1.1530004956095718e-11
8.3125	1.1517131435557166e-11
8.3203	1.1504221074675506e-11
8.3281	1.1497308469945633e-11
8.3359	1.1481706196809441e-11
8.3438	1.1468577179679649e-11
8.3516	1.1455687600019166e-11
8.3594	1.1442877225736151e-11
8.3672	1.1430031039253628e-11
8.375	1.1417263678856457e-11
8.3828	1.1404574657970813e-11
8.3906	1.1397587007916301e-11
8.3984	1.1376425859304419e-11
8.4062	1.136041452094511e-11
8.4141	1.1334575278109937e-11
8.4219	1.1308515821513976e-11
8.4297	1.1283094188123172e-11
8.4375	1.1262242643150902e-11
8.4453	1.124986079699631e-11
8.4531	1.1242530269089779e-11
8.4609	1.123017582960144e-11
8.4688	1.1222023683887306e-11
8.4766	1.1214132458455974e-11
8.4844	1.1203474137295493e-11
8.4922	1.1195582377913198e-11
8.5	1.119317835461125e-11
8.5078	1.1190187862085801e-11
8.5156	1.1192069198385446e-11
8.5234	1.1184101672215961e-11
8.5312	1.1176130613522747e-11
8.5391	1.1168434834516523e-11
8.5469	1.1160455867799276e-11
8.5547	1.1149250586010473e-11
8.5625	1.1141274726439309e-11
8.5703	1.1133829930697686e-11
8.5781	1.1125846517886636e-11
8.5859	1.1126883426614514e-11
8.5938	1.1118609427685816e-11
8.6016	1.1110592083117192e-11
8.6094	1.1103098230955471e-11
8.6172	1.1095074591169992e-11
8.625	1.1083387982603063e-11
8.6328	1.1075370533306046e-11
8.6406	1.106787101008921e-11
8.6484	1.1068141038364782e-11
8.6562	1.1060092244776787e-11
8.6641	1.1052301743568384e-11
8.6719	1.1044248551442141e-11
8.6797	1.103670598525209e-11
8.6875	1.1028648356415277e-11
8.6953	1.1016514846061393e-11
8.7031	1.1008974167142294e-11
8.7109	1.1008517568573567e-11
8.7188	1.1000191202508197e-11
8.7266	1.0992619865286652e-11
8.7344	1.0984542975480426e-11
8.7422	1.0976965666063366e-11
8.75	1.096888585421001e-11
8.7578	1.096130294351676e-11
8.7656	1.0948754610267148e-11
8.7734	1.0948105603305088e-11
8.7812	1.0940014017865272e-11
8.7891	1.0932165184279747e-11
8.7969	1.0924072150431368e-11
8.8047	1.0915978997780923e-11
8.8125	1.090837344579124e-11
8.8203	1.0900765177976738e-11
8.8281	1.0892669400835194e-11
8.8359	1.0891341320986287e-11
8.8438	1.0878643182497082e-11
8.8516	1.0870541881612453e-11
8.8594	1.086292040446894e-11
8.8672	1.0854818696369325e-11
8.875	1.084719428404083e-11
8.8828	1.0839092465607364e-11
8.8906	1.0831465434085676e-11
8.8984	1.0828090362958624e-11
8.9062	1.084962490734989e-11
8.9141	1.085102497889454e-11
8.9219	1.0857271686283995e-11
8.9297	1.0858776247394345e-11
8.9375	1.0855126790921092e-11
8.9453	1.085145206011939e-11
8.9531	1.0843609031098148e-11
8.9609	1.0835306420490491e-11
8.9688	1.0836834697692137e-11
8.9766	1.0833071538254905e-11
8.9844	1.0819731988044232e-11
8.9922	1.0815950521575722e-11
9	1.0812145219886842e-11
9.0078	1.0808316309218955e-11
9.0156	1.0804464013875633e-11
9.0234	1.0801036592603658e-11
9.0312	1.080606596724397e-11
9.0391	1.0801876922182845e-11
9.0469	1.0798348318949408e-11
9.0547	1.0788160983295497e-11
9.0625	1.0784603437834668e-11
9.0703	1.0780581700404532e-11
9.0781	1.0776976673786155e-11
9.0859	1.0772910604543752e-11
9.0938	1.0777295443586838e-11
9.1016	1.0773161014737077e-11
9.1094	1.0769005934360096e-11
9.1172	1.0765261711162047e-11
9.125	1.0755042999164583e-11
9.1328	1.07508440522718e-11
9.1406	1.0747052796244193e-11
9.1484	1.074281287059335e-11
9.1562	1.074662637749192e-11
9.1641	1.0742088862682576e-11
9.1719	1.0738189196660623e-11
9.1797	1.0734268114056422e-11
9.1875	1.072990619669576e-11
9.1953	1.0725944153712268e-11
9.2031	1.0715285619032953e-11
9.2109	1.0710886126113157e-11
9.2188	1.0706651191798226e-11
9.2266	1.0709657590295437e-11
9.2344	1.0705593685694658e-11
9.2422	1.0701099053376033e-11
9.25	1.0696996864663826e-11
9.2578	1.069287519704105e-11
9.2656	1.0688734236671904e-11
9.2734	1.0677263476821436e-11
9.2812	1.0673106183737224e-11
9.2891	1.0675160347863801e-11
9.2969	1.0670946718941322e-11
9.3047	1.0666714694344791e-11
9.3125	1.0662464451268386e-11
9.3203	1.065819616544838e-11
9.3281	1.0653910011176629e-11
9.3359	1.0649606161313938e-11
9.3438	1.0637542167129694e-11
9.3516	1.0639141498706938e-11
9.3594	1.0634790474911854e-11
9.3672	1.0630422412224327e-11
9.375	1.0626037476671872e-11
9.3828	1.062163583292699e-11
9.3906	1.061721764431955e-11
9.3984	1.0612783072849049e-11
9.4062	1.0608332279196717e-11
9.4141	1.0601713999167184e-11
9.4219	1.05972370785681e-11
9.4297	1.0592744385424115e-11
9.4375	1.0588236075411058e-11
9.4453	1.0583712302943921e-11
9.4531	1.0579173221188236e-11
9.4609	1.0574997641014796e-11
9.4688	1.0570204044842621e-11
9.4766	1.0570888592226232e-11
9.4844	1.0558391345684142e-11
9.4922	1.0553784667093258e-11
9.5	1.0549163544625734e-11
9.5078	1.0544528123176206e-11
9.5156	1.0540249793144032e-11
9.5234	1.0535585152821974e-11
9.5312	1.0530906645782915e-11
9.5391	1.0525993717281432e-11
9.5469	1.052605881955448e-11
9.5547	1.0513274462125604e-11
9.5625	1.0505995347787122e-11
9.5703	1.050126626203778e-11
9.5781	1.0496887209493892e-11
9.5859	1.04921310178447e-11
9.5938	1.0487504455538205e-11
9.6016	1.0482721984628483e-11
9.6094	1.0479363158106649e-11
9.6172	1.0472045157738181e-11
9.625	1.0464728191877326e-11
9.6328	1.0451709950168417e-11
9.6406	1.0444409654469944e-11
9.6484	1.0437110483400192e-11
9.6562	1.0429812484295585e-11
9.6641	1.0422300009656745e-11
9.6719	1.0418876110831263e-11
9.6797	1.041157247426897e-11
9.6875	1.040427023023509e-11
9.6953	1.0396969423797459e-11
9.7031	1.0383746584699976e-11
9.7109	1.037646364843964e-11
9.7188	1.0368968845122154e-11
9.7266	1.0361689305094272e-11
9.7344	1.0357861342997942e-11
9.7422	1.0350576434509843e-11
9.75	1.0342950019144255e-11
9.7578	1.0335669446444383e-11
9.7656	1.0328390673609395e-11
9.7734	1.0315320627675683e-11
9.7812	1.0308059964384754e-11
9.7891	1.0300590718028682e-11
9.7969	1.029637866608699e-11
9.8047	1.0289116514613074e-11
9.8125	1.0281856380340341e-11
9.8203	1.0278290639310554e-11
9.8281	1.0274372797767807e-11
9.8359	1.0270773283357091e-11
9.8438	1.0260956237432475e-11
9.8516	1.0257007651066601e-11
9.8594	1.0253375140703207e-11
9.8672	1.0255997548188069e-11
9.875	1.0252314129477439e-11
9.8828	1.0248286180343128e-11
9.8906	1.0244571062604315e-11
9.8984	1.0240839852672377e-11
9.9062	1.0237092694987727e-11
9.9141	1.0226631018702371e-11
9.9219	1.0222870638545296e-11
9.9297	1.0224905550488493e-11
9.9375	1.0221098046655964e-11
9.9453	1.0217275293061149e-11
9.9531	1.0213437427621145e-11
9.9609	1.020958458719142e-11
9.9688	1.0205512155433937e-11
9.9766	1.0201630009300381e-11
9.9844	1.0197733292385291e-11
9.9922	1.0192559275372167e-11
10	1.0188637264697677e-11
10.008	1.0184294005546934e-11
10.016	1.0179937659882081e-11
10.023	1.017759890071789e-11
10.031	1.0173214271989582e-11
10.039	1.0168816939419774e-11
10.047	1.0164716781652082e-11
10.055	1.0165234742071226e-11
10.062	1.0156027930292727e-11
10.07	1.0151582754231508e-11
10.078	1.0147125474268707e-11
10.086	1.0142656210851219e-11
10.094	1.0138479894755688e-11
10.102	1.013398619235868e-11
10.109	1.0131485016821688e-11
10.117	1.0129082197871629e-11
10.125	1.012213343013956e-11
10.133	1.011067240519944e-11
10.141	1.0106138790032243e-11
10.148	1.0101189507579898e-11
10.156	1.0094248150288987e-11
10.164	1.0087308178375345e-11
10.172	1.0080369632144916e-11
10.18	1.0075804584911641e-11
10.188	1.007329836439065e-11
10.195	1.0068322548592877e-11
10.203	1.005666187999892e-11
10.211	1.0049723120240478e-11
10.219	1.0042786043440173e-11
10.227	1.0035850687376662e-11
10.234	1.0030877106507891e-11
10.242	1.0023942419202176e-11
10.25	1.0020780760348152e-11
10.258	1.0013840637062491e-11
10.266	1.0006902455656238e-11
10.273	9.997016152073524e-12
10.281	9.990090935231766e-12
10.289	9.983167729312273e-12
10.297	9.976246569198089e-12
10.305	9.969327489458845e-12
10.312	9.968043592985292e-12
10.32	9.961117040629196e-12
10.328	9.954192706530653e-12
10.336	9.94727062387843e-12
10.344	9.940350825561061e-12
10.352	9.928370001722742e-12
10.359	9.923382595361288e-12
10.367	9.916479099882735e-12
10.375	9.91293034082487e-12
10.383	9.906023637660662e-12
10.391	9.899119400910613e-12
10.398	9.894120468438503e-12
10.406	9.887218467977673e-12
10.414	9.880595090421895e-12
10.422	9.868463574434363e-12
10.43	9.861581096912675e-12
10.438	9.857717459055646e-12
10.445	9.852719426048465e-12
10.453	9.845835007944249e-12
10.461	9.838953318451752e-12
10.469	9.832074386084447e-12
10.477	9.82519823909269e-12
10.484	9.820468411989125e-12
10.492	9.808197716703372e-12
10.5	9.801339388069074e-12
10.508	9.797170062106119e-12
10.516	9.790311190443957e-12
10.523	9.78558215354078e-12
10.531	9.778725839371282e-12
10.539	9.77187251976159e-12
10.547	9.765022220751599e-12
10.555	9.758174968137627e-12
10.562	9.747889659755833e-12
10.57	9.743432466262562e-12
10.578	9.736598553303542e-12
10.586	9.72976776944838e-12
10.594	9.72294013940093e-12
10.602	9.716377024579217e-12
10.609	9.71138569474087e-12
10.617	9.704564405883391e-12
10.625	9.697746373983085e-12
10.633	9.687823396183883e-12
10.641	9.681019106388889e-12
10.648	9.676035300700368e-12
10.656	9.66923499960848e-12
10.664	9.660127170144547e-12
10.672	9.65103276732855e-12
10.68	9.641951766520413e-12
10.688	9.632884143123316e-12
10.695	9.6251201496467e-12
10.703	9.613534558760293e-12
10.711	9.601210448662785e-12
10.719	9.59220604822788e-12
10.727	9.583214872372869e-12
10.734	9.575768525982115e-12
10.742	9.566801243908265e-12
10.75	9.557847119317102e-12
10.758	9.550912516976335e-12
10.766	9.541980550411087e-12
10.773	9.534831569332076e-12
10.781	9.522432088102637e-12
10.789	9.513543471295498e-12
10.797	9.504667866077865e-12
10.805	9.495805248616007e-12
10.812	9.488710570020536e-12
10.82	9.479870925622143e-12
10.828	9.472768922774568e-12
10.836	9.463705744241937e-12
10.844	9.454901819240886e-12
10.852	9.44268177287828e-12
10.859	9.435648067510884e-12
10.867	9.426886656477712e-12
10.875	9.418138022622845e-12
10.883	9.409402142542318e-12
10.891	9.40213424389495e-12
10.898	9.39514483801297e-12
10.906	9.38644130506183e-12
10.914	9.37750933389213e-12
10.922	9.36546213397019e-12
10.93	9.356803783569437e-12
10.938	9.347918257605492e-12
10.945	9.340992196844003e-12
10.953	9.333802183906097e-12
10.961	9.325188839689817e-12
10.969	9.316588002013118e-12
10.977	9.307762256524764e-12
10.984	9.300880136925692e-12
10.992	9.288766277813998e-12
11	9.280219974946144e-12
11.008	9.271686049694232e-12
11.016	9.26434029141673e-12
11.023	9.257508164903357e-12
11.031	9.248771891151677e-12
11.039	9.240282642938778e-12
11.047	9.231805670940672e-12
11.055	9.223340952688978e-12
11.062	9.216322122459768e-12
11.07	9.204398816594538e-12
11.078	9.19690182345834e-12
11.086	9.188488654774214e-12
11.094	9.180087619015893e-12
11.102	9.171468443117093e-12
11.109	9.16474180356351e-12
11.117	9.156374792922249e-12
11.125	9.148019831524777e-12
11.133	9.139448402566519e-12
11.141	9.127468393656291e-12
11.148	9.121704025896018e-12
11.156	9.113400169631404e-12
11.164	9.1048814175608e-12
11.172	9.096601841663153e-12
11.18	9.08833415053464e-12
11.188	9.080078322483476e-12
11.195	9.070978630303869e-12
11.203	9.05802818508369e-12
11.211	9.047125928748493e-12
11.219	9.031537725436142e-12
11.227	9.01598394906162e-12
11.234	9.002066932109425e-12
11.242	8.989259440318633e-12
11.25	8.978933222908054e-12
11.258	8.968626598567807e-12
11.266	8.960340013291118e-12
11.273	8.95476327303863e-12
11.281	8.942953165497729e-12
11.289	8.93492649019309e-12
11.297	8.924483724818425e-12
11.305	8.914281351526902e-12
11.312	8.907652383329071e-12
11.32	8.897482246083912e-12
11.328	8.887331287917913e-12
11.336	8.877855967142863e-12
11.344	8.867742113196836e-12
11.352	8.856120504939178e-12
11.359	8.847387028918862e-12
11.367	8.837330176471851e-12
11.375	8.827292207115615e-12
11.383	8.817056353754725e-12
11.391	8.807056365720077e-12
11.398	8.799266874745337e-12
11.406	8.789300394541249e-12
11.414	8.779137262698284e-12
11.422	8.769208388074322e-12
11.43	8.757581226931056e-12
11.438	8.74769226610319e-12
11.445	8.739348742631347e-12
11.453	8.729280246055964e-12
11.461	8.720083758662224e-12
11.469	8.710264816465117e-12
11.477	8.700251619388695e-12
11.484	8.691983070880382e-12
11.492	8.68221638178054e-12
11.5	8.670775633952225e-12
11.508	8.660836767332294e-12
11.516	8.651127476940586e-12
11.523	8.642725554470417e-12
11.531	8.633680369693498e-12
11.539	8.62402148272908e-12
11.547	8.614170962717557e-12
11.555	8.604548081797626e-12
11.562	8.596220946702747e-12
11.57	8.584963083605868e-12
11.578	8.575393762200671e-12
11.586	8.565634214004973e-12
11.594	8.556515449836876e-12
11.602	8.546998523858877e-12
11.609	8.538763135129876e-12
11.617	8.52927883856091e-12
11.625	8.519811948505527e-12
11.633	8.510156575326262e-12
11.641	8.499080461960192e-12
11.648	8.490921072264388e-12
11.656	8.4819339376517e-12
11.664	8.472553492531593e-12
11.672	8.462985950132668e-12
11.68	8.453640080483677e-12
11.688	8.444107687780657e-12
11.695	8.4360354552398e-12
11.703	8.426738709164694e-12
11.711	8.415635068503464e-12
11.719	8.406779780024245e-12
11.727	8.397334000260687e-12
11.734	8.389537119116762e-12
11.742	8.380123293365362e-12
11.75	8.370927897472133e-12
11.758	8.361548440707601e-12
11.766	8.352386678385238e-12
11.773	8.34445879458771e-12
11.781	8.335727576882521e-12
11.789	8.324617706445409e-12
11.797	8.315522461791647e-12
11.805	8.306244767316997e-12
11.812	8.298587583023378e-12
11.82	8.28934105544579e-12
11.828	8.2803094229805e-12
11.836	8.271096420237176e-12
11.844	8.261900273633365e-12
11.852	8.253114949707927e-12
11.859	8.243768234986534e-12
11.867	8.234818238166131e-12
11.875	8.225688174412534e-12
11.883	8.21657475723343e-12
11.891	8.207673451496038e-12
11.898	8.199971096481856e-12
11.906	8.190904609931218e-12
11.914	8.182243822968325e-12
11.922	8.173403944789907e-12
11.93	8.162639831814183e-12
11.938	8.153640876221193e-12
11.945	8.146215431534351e-12
11.953	8.137246350252373e-12
11.961	8.1282935103073e-12
11.969	8.119549398237949e-12
11.977	8.110820836220916e-12
11.984	8.103459996390575e-12
11.992	8.094568426931227e-12
12	8.083970650761021e-12
12.008	8.075304915163387e-12
12.016	8.066463761300872e-12
12.023	8.058978955389861e-12
12.031	8.050167248944405e-12
12.039	8.041751211015787e-12
12.047	8.032970567122197e-12
12.055	8.024205693614119e-12
12.062	8.016974695196104e-12
12.07	8.006539701301423e-12
12.078	7.997821936818329e-12
12.086	7.989119786985852e-12
12.094	7.980433213051836e-12
12.102	7.971949789198489e-12
12.109	7.964796629834114e-12
12.117	7.956153675104817e-12
12.125	7.947526149331658e-12
12.133	7.938914014349996e-12
12.141	7.930503413834614e-12
12.148	7.92136651398049e-12
12.156	7.912986324474282e-12
12.164	7.90443541191738e-12
12.172	7.896084797166616e-12
12.18	7.887563965229924e-12
12.188	7.879058261357462e-12
12.195	7.871858487255062e-12
12.203	7.863380692540885e-12
12.211	7.855101615624143e-12
12.219	7.844819228944813e-12
12.227	7.83638893510097e-12
12.234	7.825777095405733e-12
12.242	7.817379721883987e-12
12.25	7.808997175468708e-12
12.258	7.798807651614275e-12
12.266	7.788638058366016e-12
12.273	7.77975597275944e-12
12.281	7.76962360952304e-12
12.289	7.757698015755388e-12
12.297	7.745796445385428e-12
12.305	7.735727980844846e-12
12.312	7.726934169551775e-12
12.32	7.716902448221006e-12
12.328	7.706890250185577e-12
12.336	7.696897524817828e-12
12.344	7.6869242216541e-12
12.352	7.676970290394094e-12
12.359	7.664868687813715e-12
12.367	7.65316350290861e-12
12.375	7.641481750537581e-12
12.383	7.629823368917506e-12
12.391	7.618188296466696e-12
12.398	7.607803586377166e-12
12.406	7.596212288679464e-12
12.414	7.584644123760854e-12
12.422	7.571497633024032e-12
12.43	7.559977236165563e-12
12.438	7.548479786983591e-12
12.445	7.538393942079057e-12
12.453	7.52693940420336e-12
12.461	7.515507641340353e-12
12.469	7.504098593841315e-12
12.477	7.49271220225067e-12
12.484	7.482547005197747e-12
12.492	7.469616004312252e-12
12.5	7.458296305663785e-12
12.508	7.44717503067313e-12
12.516	7.435899937506796e-12
12.523	7.425832960619056e-12
12.531	7.41459987411561e-12
12.539	7.403564277956256e-12
12.547	7.392375347456143e-12
12.555	7.379633991266653e-12
12.562	7.36966398725548e-12
12.57	7.358540245613009e-12
12.578	7.347787308176435e-12
12.586	7.336706978436343e-12
12.594	7.325648450518189e-12
12.602	7.314785566547533e-12
12.609	7.30492884068505e-12
12.617	7.292544064293926e-12
12.625	7.281570960026474e-12
12.633	7.2706193809366e-12
12.641	7.259689271390178e-12
12.648	7.250272673942771e-12
12.656	7.23938253746315e-12
12.664	7.228686260933978e-12
12.672	7.217838514534132e-12
12.68	7.205634285086036e-12
12.688	7.194830294815821e-12
12.695	7.185351130897564e-12
12.703	7.174586683211164e-12
12.711	7.163843223601692e-12
12.719	7.153463436493011e-12
12.727	7.142932631389662e-12
12.734	7.133371525311926e-12
12.742	7.12151242217053e-12
12.75	7.110871420779352e-12
12.758	7.100251091365781e-12
12.766	7.0898217541242324e-12
12.773	7.080350950835119e-12
12.781	7.0699598532812686e-12
12.789	7.059758746875866e-12
12.797	7.049237966970134e-12
12.805	7.038907075787903e-12
12.812	7.028338261963908e-12
12.82	7.0178771261551524e-12
12.828	7.007605267102113e-12
12.836	6.997184336036491e-12
12.844	6.986783515570486e-12
12.852	6.976571305371009e-12
12.859	6.967799101948612e-12
12.867	6.957455351219751e-12
12.875	6.945955017499833e-12
12.883	6.935820135991132e-12
12.891	6.925536982592624e-12
12.898	6.916513535517148e-12
12.906	6.906267434923237e-12
12.914	6.896208265565143e-12
12.922	6.8860012833067726e-12
12.93	6.875980796467945e-12
12.938	6.865145665867708e-12
12.945	6.856223507193568e-12
12.953	6.846092614156169e-12
12.961	6.836147396844645e-12
12.969	6.826055043171528e-12
12.977	6.81614793487351e-12
12.984	6.807308172655114e-12
12.992	6.797270993077312e-12
13	6.786259915187258e-12
13.008	6.77675799495056e-12
13.016	6.766943758844626e-12
13.023	6.758185954090272e-12
13.031	6.748241995179645e-12
13.039	6.7384816513737595e-12
13.047	6.728739839108671e-12
13.055	6.718852134447308e-12
13.062	6.709189217819541e-12
13.07	6.699337664637536e-12
13.078	6.690160524232652e-12
13.086	6.680509398279662e-12
13.094	6.670712931698346e-12
13.102	6.661098442867945e-12
13.109	6.65251696038704e-12
13.117	6.642773544585425e-12
13.125	6.633211513843016e-12
13.133	6.622690555026344e-12
13.141	6.613165528766483e-12
13.148	6.604988071576911e-12
13.156	6.595496517531938e-12
13.164	6.586022827117083e-12
13.172	6.576566956047613e-12
13.18	6.567128860174554e-12
13.188	6.5575467664381e-12
13.195	6.548167161902606e-12
13.203	6.538781224366335e-12
13.211	6.5294128898448904e-12
13.219	6.520545518074022e-12
13.227	6.509762896395763e-12
13.234	6.500143392828278e-12
13.242	6.489398400289699e-12
13.25	6.478833977333646e-12
13.258	6.466041396356542e-12
13.266	6.455357457800916e-12
13.273	6.4458247761837355e-12
13.281	6.435177998969356e-12
13.289	6.424711003744971e-12
13.297	6.41474332776548e-12
13.305	6.4043146530446915e-12
13.312	6.3948659122688045e-12
13.32	6.382238421732406e-12
13.328	6.371867028344704e-12
13.336	6.361355328685764e-12
13.344	6.3510222749867924e-12
13.352	6.340708257538311e-12
13.359	6.331361001783117e-12
13.367	6.3217186691374655e-12
13.375	6.3113000502748336e-12
13.383	6.298995586054213e-12
13.391	6.288775166107004e-12
13.398	6.2795107768662215e-12
13.406	6.2693257422210924e-12
13.414	6.259159374737874e-12
13.422	6.249011627899378e-12
13.43	6.238882455327347e-12
13.438	6.229403564098715e-12
13.445	6.22023610503384e-12
13.453	6.208266991560186e-12
13.461	6.1982105671818e-12
13.469	6.188172490311932e-12
13.477	6.1781527153832215e-12
13.484	6.169066115373469e-12
13.492	6.15908078571064e-12
13.5	6.149113627186158e-12
13.508	6.139949323018861e-12
13.516	6.128135678342173e-12
13.523	6.119128479981351e-12
13.531	6.109389031745346e-12
13.539	6.099510764143382e-12
13.547	6.089650402870203e-12
13.555	6.079807903663233e-12
13.562	6.0708784011266196e-12
13.57	6.061225611025654e-12
13.578	6.050498440481787e-12
13.586	6.040725562806709e-12
13.594	6.030970331477079e-12
13.602	6.0213883527435795e-12
13.609	6.0125516858234855e-12
13.617	6.002847074521068e-12
13.625	5.993315267020183e-12
13.633	5.9836454553103655e-12
13.641	5.972286734993681e-12
13.648	5.96368176904942e-12
13.656	5.9549927410288226e-12
13.664	5.945390779218745e-12
13.672	5.9359607245012954e-12
13.68	5.926393060236901e-12
13.688	5.916996990374668e-12
13.695	5.908326205854356e-12
13.703	5.897265140767627e-12
13.711	5.88791908365982e-12
13.719	5.878435716045811e-12
13.727	5.8700468512968926e-12
13.734	5.861450013619127e-12
13.742	5.8521684095181985e-12
13.75	5.8429033991210705e-12
13.758	5.833501447060241e-12
13.766	5.824269616908899e-12
13.773	5.8143655816495824e-12
13.781	5.805012743699677e-12
13.789	5.795829634927618e-12
13.797	5.78758079195211e-12
13.805	5.778429677928016e-12
13.812	5.770130274593087e-12
13.82	5.76085721215381e-12
13.828	5.7517531245731015e-12
13.836	5.741140612502303e-12
13.844	5.7320699268246774e-12
13.852	5.72301532410051e-12
13.859	5.714801382372986e-12
13.867	5.706689319462553e-12
13.875	5.6976802971184935e-12
13.883	5.6886872086699935e-12
13.891	5.6797100156765556e-12
13.898	5.670200074288592e-12
13.906	5.661253787400932e-12
13.914	5.652323283483473e-12
13.922	5.6434085245273705e-12
13.93	5.63450947263304e-12
13.938	5.62653264486054e-12
13.945	5.6186209524703695e-12
13.953	5.609766307243011e-12
13.961	5.599570100122259e-12
13.969	5.590747511916908e-12
13.977	5.581940409372356e-12
13.984	5.5739458588817675e-12
13.992	5.5651679060184375e-12
14	5.556405331813843e-12
14.008	5.547808285755543e-12
14.016	5.54012669794937e-12
14.023	5.530998275434747e-12
14.031	5.522295158295744e-12
14.039	5.5136072406951976e-12
14.047	5.504934486291293e-12
14.055	5.49642643164466e-12
14.062	5.488564330299376e-12
14.07	5.4799350734177745e-12
14.078	5.4713208396548445e-12
14.086	5.463914848228429e-12
14.094	5.454137298223584e-12
14.102	5.445716882233326e-12
14.109	5.437933043895901e-12
14.117	5.429540412839699e-12
14.125	5.421013719408121e-12
14.133	5.412501804731178e-12
14.141	5.404153093286323e-12
14.148	5.396433301869829e-12
14.156	5.388112054576715e-12
14.164	5.379657076476968e-12
14.172	5.371364769970438e-12
14.18	5.362938872129439e-12
14.188	5.3546753695084575e-12
14.195	5.347031703252762e-12
14.203	5.3387952844429666e-12
14.211	5.330425534769961e-12
14.219	5.3211853181066984e-12
14.227	5.314023944294556e-12
14.234	5.306589909652063e-12
14.242	5.2982756946206064e-12
14.25	5.2901228269299215e-12
14.258	5.281983997092916e-12
14.266	5.273712306832637e-12
14.273	5.266339423841368e-12
14.281	5.257214194454241e-12
14.289	5.24898385681818e-12
14.297	5.242086046694272e-12
14.305	5.234029320584961e-12
14.312	5.226716726662364e-12
14.32	5.2186860633934686e-12
14.328	5.210669151450242e-12
14.336	5.202519970125482e-12
14.344	5.193655156831873e-12
14.352	5.185534199594271e-12
14.359	5.178293965358469e-12
14.367	5.170344626941771e-12
14.375	5.163718496630815e-12
14.383	5.155649946785403e-12
14.391	5.147740396721728e-12
14.398	5.140558306281983e-12
14.406	5.131803364973033e-12
14.414	5.1239332357661965e-12
14.422	5.116076483274418e-12
14.43	5.108233076351985e-12
14.438	5.100402983939426e-12
14.445	5.0945931733252095e-12
14.453	5.086787260351409e-12
14.461	5.078994574551951e-12
14.469	5.071215085196357e-12
14.477	5.0625832394945395e-12
14.484	5.055528649535243e-12
14.492	5.047787697308461e-12
14.5	5.040059821617783e-12
14.508	5.032344992146197e-12
14.516	5.0259372078005926e-12
14.523	5.018938609788141e-12
14.531	5.011404019648561e-12
14.539	5.002877670735185e-12
14.547	4.995225805993405e-12
14.555	4.987730130868632e-12
14.562	4.980787890871489e-12
14.57	4.973173031436552e-12
14.578	4.965570956728481e-12
14.586	4.9594109859037655e-12
14.594	4.9518334432980525e-12
14.602	4.943554924194378e-12
14.609	4.936678993024484e-12
14.617	4.9292811019367614e-12
14.625	4.9217531558755656e-12
14.633	4.914237794069135e-12
14.641	4.906877275678709e-12
14.648	4.900055874491441e-12
14.656	4.893997593132703e-12
14.664	4.88581989976288e-12
14.672	4.878506999366626e-12
14.68	4.8710645123676424e-12
14.688	4.863776133555881e-12
14.695	4.857019277517712e-12
14.703	4.849753960363405e-12
14.711	4.842359306110027e-12
14.719	4.834976929837035e-12
14.727	4.827041675305945e-12
14.734	4.821750358646747e-12
14.742	4.814543832359163e-12
14.75	4.807349290105421e-12
14.758	4.8000258112569565e-12
14.766	4.792855250128422e-12
14.773	4.786203783708583e-12
14.781	4.779055776767636e-12
14.789	4.771919620950555e-12
14.797	4.7640930040233256e-12
14.805	4.758244133664415e-12
14.812	4.751784543485715e-12
14.82	4.74469384709802e-12
14.828	4.737474794801004e-12
14.836	4.730407607152734e-12
14.844	4.723352087398979e-12
14.852	4.7161684066066495e-12
14.859	4.7092111434651505e-12
14.867	4.702189645281953e-12
14.875	4.696575134802627e-12
14.883	4.68943638869524e-12
14.891	4.682448680439801e-12
14.898	4.676100145913107e-12
14.906	4.669134116760504e-12
14.914	4.6621795269492596e-12
14.922	4.654680335595295e-12
14.93	4.647748910522308e-12
14.938	4.640690014210697e-12
14.945	4.635927648885443e-12
14.953	4.628889445074367e-12
14.961	4.62116992979887e-12
14.969	4.614293538235811e-12
14.977	4.6074283842538595e-12
14.984	4.60063523454323e-12
14.992	4.593791597006311e-12
15	4.586959123562842e-12
15.008	4.57930932974806e-12
15.016	4.573189591458841e-12
15.023	4.566170959312966e-12
15.031	4.558555136016528e-12
15.039	4.5509512630267695e-12
15.047	4.541981659855436e-12
15.055	4.5344022311570545e-12
15.062	4.527435779627863e-12
15.07	4.51987872857977e-12
15.078	4.512471040603643e-12
15.086	4.5049375212792125e-12
15.094	4.498927193498106e-12
15.102	4.491416479437708e-12
15.109	4.484511029794708e-12
15.117	4.475787290295004e-12
15.125	4.468448036146216e-12
15.133	4.4609831529487806e-12
15.141	4.453529863176268e-12
15.148	4.44667517868631e-12
15.156	4.439380664259164e-12
15.164	4.433466274160331e-12
15.172	4.42605708325673e-12
15.18	4.4175653567118875e-12
15.188	4.410316244533386e-12
15.195	4.403521319205063e-12
15.203	4.3962935573719e-12
15.211	4.388940492359781e-12
15.219	4.381735236505458e-12
15.227	4.374404746209768e-12
15.234	4.369295121457341e-12
15.242	4.3610312118860554e-12
15.25	4.353732926291295e-12
15.258	4.346582023544828e-12
15.266	4.339306056332009e-12
15.273	4.3327446180417315e-12
15.281	4.325625637867052e-12
15.289	4.318381680449786e-12
15.297	4.311284698100901e-12
15.305	4.304741968028093e-12
15.312	4.298227943071207e-12
15.32	4.291026497118246e-12
15.328	4.283971689857265e-12
15.336	4.276927714663921e-12
15.344	4.269894546370096e-12
15.352	4.262872159868833e-12
15.359	4.256414732741411e-12
15.367	4.248329430163454e-12
15.375	4.242962510041453e-12
15.383	4.23598157154419e-12
15.391	4.229011293633834e-12
15.398	4.223545997081332e-12
15.406	4.217540691103645e-12
15.414	4.210600250723234e-12
15.422	4.203670377646204e-12
15.43	4.197694940475697e-12
15.438	4.190785726580611e-12
15.445	4.185371804588928e-12
15.453	4.180097378043224e-12
15.461	4.174158952336793e-12
15.469	4.168229948540763e-12
15.477	4.162310346238448e-12
15.484	4.156937006277656e-12
15.492	4.151035106852562e-12
15.5	4.144337954634515e-12
15.508	4.138455238336601e-12
15.516	4.1325818234996975e-12
15.523	4.12791869966397e-12
15.531	4.122062370624357e-12
15.539	4.116215285960331e-12
15.547	4.110377425712478e-12
15.555	4.104682275112538e-12
15.562	4.098455362905458e-12
15.57	4.0926445495343616e-12
15.578	4.086976175900152e-12
15.586	4.081183550801524e-12
15.594	4.076198687174682e-12
15.602	4.070423750737187e-12
15.609	4.065178709435435e-12
15.617	4.059420887276198e-12
15.625	4.052875358877552e-12
15.633	4.0472688006675655e-12
15.641	4.041538434401975e-12
15.648	4.036332883142428e-12
15.656	4.030619450721719e-12
15.664	4.02570926794267e-12
15.672	4.0201454801067055e-12
15.68	4.0144582217992045e-12
15.688	4.007987046794628e-12
15.695	4.002960131574729e-12
15.703	3.9972988887011584e-12
15.711	3.991646470871613e-12
15.719	3.986134686719122e-12
15.727	3.980499780573404e-12
15.734	3.97616891180468e-12
15.742	3.970681633699028e-12
15.75	3.965071439722408e-12
15.758	3.9588128862512976e-12
15.766	3.9532205103002625e-12
15.773	3.948268662856108e-12
15.781	3.942692582991426e-12
15.789	3.937256259142181e-12
15.797	3.931697366594243e-12
15.805	3.926147080463827e-12
15.812	3.9220173999348006e-12
15.82	3.915828826675009e-12
15.828	3.910433858113442e-12
15.836	3.904916629655917e-12
15.844	3.899538471423644e-12
15.852	3.894038180957539e-12
15.859	3.8891671836242946e-12
15.867	3.883682821043227e-12
15.875	3.878337150199065e-12
15.883	3.873129903921596e-12
15.891	3.867670595501709e-12
15.898	3.862835583389924e-12
15.906	3.8573920394656864e-12
15.914	3.852086707499237e-12
15.922	3.846789558772308e-12
15.93	3.841370889845947e-12
15.938	3.8360901380253955e-12
15.945	3.830650278129046e-12
15.953	3.8261620868918465e-12
15.961	3.8207753226750816e-12
15.969	3.815526097689289e-12
15.977	3.81028493812015e-12
15.984	3.805398797540758e-12
15.992	3.8001729074178815e-12
16	3.794955033831349e-12
16.008	3.7891005468337126e-12
16.016	3.7838990586529885e-12
16.023	3.779949864438359e-12
16.031	3.77476292677538e-12
16.039	3.769455319849116e-12
16.047	3.764284315552625e-12
16.055	3.759121212967861e-12
16.062	3.754433444578595e-12
16.07	3.749285222584446e-12
16.078	3.743503679152504e-12
16.086	3.7383715451938464e-12
16.094	3.734015679664327e-12
16.102	3.728898697191319e-12
16.109	3.724251842161729e-12
16.117	3.719149558871565e-12
16.125	3.714055033972187e-12
16.133	3.708968251311261e-12
16.141	3.703251110254922e-12
16.148	3.698638203931193e-12
16.156	3.693574087385548e-12
16.164	3.689409411682509e-12
16.172	3.6843600939138905e-12
16.18	3.67931842438444e-12
16.188	3.674284387214368e-12
16.195	3.669711115220096e-12
16.203	3.6641833844495835e-12
16.211	3.659171615677991e-12
16.219	3.654167417319611e-12
16.227	3.649170773685726e-12
16.234	3.64463063967055e-12
16.242	3.6405347229856746e-12
16.25	3.635559283418288e-12
16.258	3.6305913389568352e-12
16.266	3.6251252425677188e-12
16.273	3.6206174886135597e-12
16.281	3.6156714130301005e-12
16.289	3.610732771919612e-12
16.297	3.60580154992721e-12
16.305	3.600877731735606e-12
16.312	3.5974100322890297e-12
16.32	3.5924995584413475e-12
16.328	3.587093170421843e-12
16.336	3.5821977019480646e-12
16.344	3.5773095635109904e-12
16.352	3.5725543417953985e-12
16.359	3.568116930701212e-12
16.367	3.5632498099383962e-12
16.375	3.5583899608545945e-12
16.383	3.5545397767971785e-12
16.391	3.5496938365753536e-12
16.398	3.54491201577255e-12
16.406	3.5400799372719433e-12
16.414	3.5352550583862256e-12
16.422	3.530437364334045e-12
16.43	3.5256268403699132e-12
16.438	3.5209482683626725e-12
16.445	3.5165796063957012e-12
16.453	3.5127868136331916e-12
16.461	3.507629693659916e-12
16.469	3.5028535792851076e-12
16.477	3.4980845497292088e-12
16.484	3.4938708131948774e-12
16.492	3.4891150555937806e-12
16.5	3.4843663411589336e-12
16.508	3.4797488014345038e-12
16.516	3.4750140586248625e-12
16.523	3.471326407616671e-12
16.531	3.466604520065429e-12
16.539	3.4620134554476254e-12
16.547	3.4573054304899365e-12
16.555	3.4526043511519186e-12
16.562	3.448450226727547e-12
16.57	3.443762158750521e-12
16.578	3.4392044970784517e-12
16.586	3.434159848150692e-12
16.594	3.429615962904564e-12
16.602	3.425941737741036e-12
16.609	3.4216995568651237e-12
16.617	3.4171745965536387e-12
16.625	3.4125332553036685e-12
16.633	3.4080217149287614e-12
16.641	3.4033939099833627e-12
16.648	3.3995497844371613e-12
16.656	3.3956711872994233e-12
16.664	3.3917983586219665e-12
16.672	3.388298961014987e-12
16.68	3.3844373492218898e-12
16.688	3.3805814724700036e-12
16.695	3.3771358517241226e-12
16.703	3.3732907573065587e-12
16.711	3.36945136564698e-12
16.719	3.365251658565583e-12
16.727	3.361423922729086e-12
16.734	3.3580031588782404e-12
16.742	3.354551302997719e-12
16.75	3.3507396120213715e-12
16.758	3.346933558616864e-12
16.766	3.3431331317950467e-12
16.773	3.3397365126716615e-12
16.781	3.3355828292398263e-12
16.789	3.331798856876931e-12
16.797	3.3280204682733786e-12
16.805	3.3243686553048643e-12
16.812	3.3212381826120083e-12
16.82	3.3174755660436126e-12
16.828	3.313718491616217e-12
16.836	3.3099669485700783e-12
16.844	3.3059798337491567e-12
16.852	3.3022395062149185e-12
16.859	3.298895994178908e-12
16.867	3.295166026143633e-12
16.875	3.291441537055782e-12
16.883	3.2880828080852166e-12
16.891	3.284368969644141e-12
16.898	3.2810488800932255e-12
16.906	3.2771056360951855e-12
16.914	3.2734076711377852e-12
16.922	3.269715123214279e-12
16.93	3.2660279818641685e-12
16.938	3.262346236651914e-12
16.945	3.2590545057925933e-12
16.953	3.2555022108410114e-12
16.961	3.252074300749734e-12
16.969	3.2481749203809696e-12
16.977	3.2445192988109303e-12
16.984	3.2413696132762405e-12
16.992	3.2377239533046846e-12
17	3.2340836095307935e-12
17.008	3.2304485717342362e-12
17.016	3.226818829718956e-12
17.023	3.2235730714327165e-12
17.031	3.220071709569649e-12
17.039	3.2164571028193705e-12
17.047	3.2128477526165398e-12
17.055	3.209243648882372e-12
17.062	3.206138631418878e-12
17.07	3.202544304386506e-12
17.078	3.1989551950265774e-12
17.086	3.1953712933523576e-12
17.094	3.1917925894007245e-12
17.102	3.1883367001602645e-12
17.109	3.1851405760268472e-12
17.117	3.181694187045033e-12
17.125	3.1781354095288523e-12
17.133	3.1745817816731405e-12
17.141	3.1710332936518524e-12
17.148	3.1678593760974936e-12
17.156	3.1643205535908087e-12
17.164	3.1606698956530856e-12
17.172	3.1574919402681922e-12
17.18	3.1539682490965087e-12
17.188	3.150449640666815e-12
17.195	3.147302145160925e-12
17.203	3.143909607402246e-12
17.211	3.140405525561277e-12
17.219	3.1369064891694276e-12
17.227	3.1331799792781993e-12
17.234	3.130170571895748e-12
17.242	3.127034395358806e-12
17.25	3.1235547013834368e-12
17.258	3.120080006529526e-12
17.266	3.116726123845707e-12
17.273	3.11362180072379e-12
17.281	3.1101613935419143e-12
17.289	3.1065903699370607e-12
17.297	3.1031399639405213e-12
17.305	3.099694501657107e-12
17.312	3.096611684395498e-12
17.32	3.09363649953121e-12
17.328	3.0902049118038434e-12
17.336	3.0867782321114487e-12
17.344	3.083356451194699e-12
17.352	3.0798246602780244e-12
17.359	3.076767189732685e-12
17.367	3.073359578484892e-12
17.375	3.0700714898691932e-12
17.383	3.0666735111643237e-12
17.391	3.063623826366091e-12
17.398	3.0607014819008703e-12
17.406	3.0573171245390993e-12
17.414	3.0539375861707054e-12
17.422	3.0504487049245384e-12
17.43	3.0470788608259396e-12
17.438	3.0438277946092796e-12
17.445	3.0408160294160864e-12
17.453	3.037459906324966e-12
17.461	3.033994799350473e-12
17.469	3.0301935713360177e-12
17.477	3.026397685097164e-12
17.484	3.022839327092526e-12
17.492	3.0195075612638478e-12
17.5	3.01572685313667e-12
17.508	3.0119514474586575e-12
17.516	3.008181334083887e-12
17.523	3.0047594238769754e-12
17.531	3.001904558194008e-12
17.539	2.9986014359535856e-12
17.547	2.9947380327376994e-12
17.555	2.9909929368223085e-12
17.562	2.9875932799288656e-12
17.57	2.983858062484965e-12
17.578	2.980128060454038e-12
17.586	2.976515953080853e-12
17.594	2.9727962879851522e-12
17.602	2.9694194664974535e-12
17.609	2.965484292231086e-12
17.617	2.9617797088080984e-12
17.625	2.958080282454185e-12
17.633	2.9543860033552146e-12
17.641	2.950696861719319e-12
17.648	2.947459043564169e-12
17.656	2.9437795162604482e-12
17.664	2.940105098378145e-12
17.672	2.9358756375624676e-12
17.68	2.9326595950003115e-12
17.688	2.9290005100320885e-12
17.695	2.9256771460556063e-12
17.703	2.9220276310324013e-12
17.711	2.9183831684926535e-12
17.719	2.9148554056132587e-12
17.727	2.9112209570529114e-12
17.734	2.907919453189264e-12
17.742	2.90373702964998e-12
17.75	2.900563104976822e-12
17.758	2.8970595616365542e-12
17.766	2.893449584510893e-12
17.773	2.8901697890734355e-12
17.781	2.886569206533104e-12
17.789	2.883084704676315e-12
17.797	2.879493971188106e-12
17.805	2.8753531450613933e-12
17.812	2.872206019883996e-12
17.82	2.869073359950499e-12
17.828	2.8655017905614977e-12
17.836	2.861935126298333e-12
17.844	2.8584840596187874e-12
17.852	2.854927117264062e-12
17.859	2.8516943821983596e-12
17.867	2.8477044898889685e-12
17.875	2.844161854910577e-12
17.883	2.8407344954503935e-12
17.891	2.8376429085950824e-12
17.898	2.834431203281218e-12
17.906	2.831017317360279e-12
17.914	2.827497951775082e-12
17.922	2.824093504911109e-12
17.93	2.820033380333697e-12
17.938	2.8166386562524693e-12
17.945	2.8134521800069496e-12
17.953	2.8100663066832383e-12
17.961	2.8070145544163577e-12
17.969	2.803637762085955e-12
17.977	2.8001558967143474e-12
17.984	2.7970994443814294e-12
17.992	2.793188072225931e-12
18	2.789720042645669e-12
18.008	2.7863662098031147e-12
18.016	2.7829075342000123e-12
18.023	2.7797619943584022e-12
18.031	2.776421495497267e-12
18.039	2.773522534145513e-12
18.047	2.770081712343192e-12
18.055	2.7667546688029276e-12
18.062	2.7631927737352857e-12
18.07	2.759765563779697e-12
18.078	2.7564519582375298e-12
18.086	2.7531428588581037e-12
18.094	2.749729411024844e-12
18.102	2.746429360742648e-12
18.109	2.7437629499051094e-12
18.117	2.7404711718842544e-12
18.125	2.736749420557163e-12
18.133	2.7333582521636413e-12
18.141	2.730080153230659e-12
18.148	2.726998557848973e-12
18.156	2.7237289006355885e-12
18.164	2.720355333225476e-12
18.172	2.7170945790786696e-12
18.18	2.7142710627981713e-12
18.188	2.7105862890710982e-12
18.195	2.707528227994683e-12
18.203	2.704284633794349e-12
18.211	2.70104541686547e-12
18.219	2.6977026373153174e-12
18.227	2.694472211012921e-12
18.234	2.6915413357859235e-12
18.242	2.6882113573044316e-12
18.25	2.684239468957287e-12
18.258	2.680703344169527e-12
18.266	2.677064211302457e-12
18.273	2.6737224171133687e-12
18.281	2.670092191628459e-12
18.289	2.6664666697421498e-12
18.297	2.6628458423769585e-12
18.305	2.659229700474158e-12
18.312	2.655156221831195e-12
18.32	2.6520861958080087e-12
18.328	2.6484836197750948e-12
18.336	2.644885693901166e-12
18.344	2.6412924092183404e-12
18.352	2.637703756777179e-12
18.359	2.634513884339973e-12
18.367	2.6309339138089e-12
18.375	2.627358549838315e-12
18.383	2.6230382063694687e-12
18.391	2.6194723137807543e-12
18.398	2.6168374671391222e-12
18.406	2.6132799711484358e-12
18.414	2.609727038338621e-12
18.422	2.606178659919426e-12
18.43	2.6027416654357957e-12
18.438	2.5992023294281646e-12
18.445	2.5953082936866817e-12
18.453	2.591777739922284e-12
18.461	2.5882516972555082e-12
18.469	2.5853701265126855e-12
18.477	2.581852842776068e-12
18.484	2.5786190330667772e-12
18.492	2.575216751402804e-12
18.5	2.5717123605206153e-12
18.508	2.5675735982099955e-12
18.516	2.5640783546546555e-12
18.523	2.5609704549043906e-12
18.531	2.5574835545891723e-12
18.539	2.554639023407782e-12
18.547	2.5511607370817792e-12
18.555	2.547793092513289e-12
18.562	2.544597731307608e-12
18.57	2.540495060479648e-12
18.578	2.537140216385716e-12
18.586	2.5336835616000527e-12
18.594	2.5303373450657856e-12
18.602	2.5268893818246868e-12
18.609	2.5243529223857998e-12
18.617	2.521018879483469e-12
18.625	2.5175831997523185e-12
18.633	2.5136224979731924e-12
18.641	2.5101956542994702e-12
18.648	2.5071477970222635e-12
18.656	2.503834823710718e-12
18.664	2.500420335202381e-12
18.672	2.49711583041283e-12
18.68	2.494343732451359e-12
18.688	2.491047416791555e-12
18.695	2.4879158746846655e-12
18.703	2.4839942848825415e-12
18.711	2.4807103261772174e-12
18.719	2.4773250605693454e-12
18.727	2.4740494603342602e-12
18.734	2.471041788927484e-12
18.742	2.4676686500944975e-12
18.75	2.4640890509562185e-12
18.758	2.46104028210217e-12
18.766	2.456521642912611e-12
18.773	2.4532164357816788e-12
18.781	2.4495484379709845e-12
18.789	2.445990021783758e-12
18.797	2.4427515093785236e-12
18.805	2.4395170736055306e-12
18.812	2.43644059324524e-12
18.82	2.433213874251076e-12
18.828	2.430096265373217e-12
18.836	2.4268776082956297e-12
18.844	2.4233480450074652e-12
18.852	2.4198227068290965e-12
18.859	2.416872667940494e-12
18.867	2.413669907507839e-12
18.875	2.41005168858364e-12
18.883	2.406542560910271e-12
18.891	2.402618275437076e-12
18.898	2.400000417798871e-12
18.906	2.396817605955868e-12
18.914	2.3937434901620702e-12
18.922	2.390673257452008e-12
18.93	2.3876069006748606e-12
18.938	2.3845444126943365e-12
18.945	2.3817372035054476e-12
18.953	2.377845690693814e-12
18.961	2.37479467673232e-12
18.969	2.3719564401001973e-12
18.977	2.3689130157680456e-12
18.984	2.3661226736784497e-12
18.992	2.363086470567099e-12
19	2.3600540806314805e-12
19.008	2.3570254968612526e-12
19.016	2.3540007122602177e-12
19.023	2.350393204162871e-12
19.031	2.3473759072220732e-12
19.039	2.3445706744826332e-12
19.047	2.3415608447011065e-12
19.055	2.3385547795011408e-12
19.062	2.3359015499774685e-12
19.07	2.332902534980565e-12
19.078	2.3299072647028096e-12
19.086	2.3260843940045128e-12
19.094	2.3230969177698884e-12
19.102	2.3201131649236765e-12
19.109	2.3176871067378457e-12
19.117	2.3147102461857923e-12
19.125	2.3117370895807207e-12
19.133	2.3087676301295945e-12
19.141	2.3058018610529202e-12
19.148	2.3023548511976595e-12
19.156	2.2993963126058532e-12
19.164	2.296545015807561e-12
19.172	2.2935937711484256e-12
19.18	2.2906461833291784e-12
19.188	2.288012575814692e-12
19.195	2.285310259825159e-12
19.203	2.28237307927099e-12
19.211	2.2787161114675534e-12
19.219	2.2757864606315023e-12
19.227	2.272963708293963e-12
19.234	2.2702772969879764e-12
19.242	2.267358037414297e-12
19.25	2.264442375988471e-12
19.258	2.2618396880515944e-12
19.266	2.2590341666368735e-12
19.273	2.2556417763998054e-12
19.281	2.2527401590313825e-12
19.289	2.249945110393897e-12
19.297	2.24705057981217e-12
19.305	2.244159602064974e-12
19.312	2.2416071829871265e-12
19.32	2.2384142751585105e-12
19.328	2.235842068775729e-12
19.336	2.23275924008133e-12
19.344	2.2289606304746062e-12
19.352	2.226090817696703e-12
19.359	2.2232487356946043e-12
19.367	2.220180204960089e-12
19.375	2.2171152994628902e-12
19.383	2.2139513552630875e-12
19.391	2.210893706885089e-12
19.398	2.2083751276389912e-12
19.406	2.2042982196129156e-12
19.414	2.2012511462766533e-12
19.422	2.1982076563476387e-12
19.43	2.195167742919558e-12
19.438	2.192131399098315e-12
19.445	2.1893237817877948e-12
19.453	2.1861916803665965e-12
19.461	2.183165627364461e-12
19.469	2.179630949661797e-12
19.477	2.1765096855705917e-12
19.484	2.1737175091415457e-12
19.492	2.170705342448482e-12
19.5	2.1676966912762025e-12
19.508	2.1646915488353954e-12
19.516	2.1616899083485734e-12
19.523	2.158912912161226e-12
19.531	2.154997290540253e-12
19.539	2.152005948239489e-12
19.547	2.1494270668379815e-12
19.555	2.1464425660990117e-12
19.562	2.1436806780757233e-12
19.57	2.1407027000949023e-12
19.578	2.1377281710812575e-12
19.586	2.1347570843587166e-12
19.594	2.1309724991712325e-12
19.602	2.1280084740251094e-12
19.609	2.122608419266436e-12
19.617	2.1186292154801982e-12
19.625	2.1147556800587225e-12
19.633	2.1108855739594455e-12
19.641	2.1076326702279077e-12
19.648	2.106539962408064e-12
19.656	2.1076826320454956e-12
19.664	2.113392558922841e-12
19.672	2.1162340946205938e-12
19.68	2.1183539094629785e-12
19.688	2.1198583742626817e-12
19.695	2.120766067400019e-12
19.703	2.1221561180145887e-12
19.711	2.1246392770168373e-12
19.719	2.128405787288505e-12
19.727	2.14423838708217e-12
19.734	2.15678886351069e-12
19.742	2.1729014052205325e-12
19.75	2.170752934906109e-12
19.758	2.1688983605488547e-12
19.766	2.1668520926399624e-12
19.773	2.1649304173031947e-12
19.781	2.162889039075204e-12
19.789	2.1606565813126566e-12
19.797	2.15862043675415e-12
19.805	2.1564901445923462e-12
19.812	2.1546766470296687e-12
19.82	2.1525513211040303e-12
19.828	2.150718189253313e-12
19.836	2.148694437134076e-12
19.844	2.146576831894049e-12
19.852	2.144461872338716e-12
19.859	2.1425653155670184e-12
19.867	2.1405515417391426e-12
19.875	2.1384441341498986e-12
19.883	2.136435437589127e-12
19.891	2.13433322335531e-12
19.898	2.1325439187361372e-12
19.906	2.130734281334643e-12
19.914	2.128639379486838e-12
19.922	2.126547085769191e-12
19.93	2.1245531072582433e-12
19.938	2.122465957379577e-12
19.945	2.12068962865005e-12
19.953	2.1186073118525184e-12
19.961	2.116623057004272e-12
19.969	2.114545851487815e-12
19.977	2.112757267410686e-12
19.984	2.1108962810524136e-12
19.992	2.108921561323706e-12
20	2.106854119381668e-12
20.008	2.104884348394686e-12
20.016	2.1028219691839336e-12
20.023	2.1010669803598237e-12
20.031	2.0991042908684045e-12
20.039	2.097049156823461e-12
20.047	2.095186183633266e-12
20.055	2.0932307580052976e-12
20.062	2.0914862324720386e-12
20.07	2.089440723939921e-12
20.078	2.087492312318041e-12
20.086	2.085451795161882e-12
20.094	2.1074547046597044e-12
20.102	2.128513355968197e-12
20.109	2.1699510549244346e-12
20.117	2.1882792252187388e-12
20.125	2.205952365657221e-12
20.133	2.22290053429165e-12
20.141	2.239142857690988e-12
20.148	2.2549210449366967e-12
20.156	2.2698912306993007e-12
20.164	2.284119551564335e-12
20.172	2.3122494054957448e-12
20.18	2.3242739164992777e-12
20.188	2.3357831738267943e-12
20.195	2.3471836031837808e-12
20.203	2.3577724354604527e-12
20.211	2.3677101020947718e-12
20.219	2.377169072786441e-12
20.227	2.38615704921503e-12
20.234	2.4041703987402444e-12
20.242	2.411242306019192e-12
20.25	2.4181901608612146e-12
20.258	2.4245441269138573e-12
20.266	2.4301550164534574e-12
20.273	2.4358954193135884e-12
20.281	2.440897967200983e-12
20.289	2.4454852394371653e-12
20.297	2.4548260223797076e-12
20.305	2.4581184892165645e-12
20.312	2.4613300242614598e-12
20.32	2.4640551447095377e-12
20.328	2.466537914299434e-12
20.336	2.4681722512853773e-12
20.344	2.4700255707135614e-12
20.352	2.471642445556351e-12
20.359	2.4731918798896526e-12
20.367	2.4765248215204223e-12
20.375	2.477211900984107e-12
20.383	2.4777443325536287e-12
20.391	2.478197817181578e-12
20.398	2.4787410324778502e-12
20.406	2.4783661062847816e-12
20.414	2.478288191223259e-12
20.422	2.478059382734801e-12
20.43	2.4787206705036293e-12
20.438	2.4781906361685857e-12
20.445	2.477902250144839e-12
20.453	2.4772966099316733e-12
20.461	2.4766165377607994e-12
20.469	2.395885072379159e-12
20.477	2.3946992441004326e-12
20.484	2.394128624752527e-12
20.492	2.39378020835214e-12
20.5	2.392823403493129e-12
20.508	2.3918670162322303e-12
20.516	2.3908353072218438e-12
20.523	2.390037085577929e-12
20.531	2.388930789252828e-12
20.539	2.3877497536996566e-12
20.547	2.3861925131203756e-12
20.555	2.385164417738712e-12
20.562	2.3840677201712046e-12
20.57	2.3828153601783386e-12
20.578	2.3814889502302934e-12
20.586	2.380163765982479e-12
20.594	2.3787648286344816e-12
20.602	2.3773672609560097e-12
20.609	2.37620164272959e-12
20.617	2.374657041671339e-12
20.625	2.372740524059782e-12
20.633	2.3712741933012328e-12
20.641	2.3697347840527803e-12
20.648	2.3684264036971316e-12
20.656	2.3668900260503888e-12
20.664	2.365280891652142e-12
20.672	2.363673517689948e-12
20.68	2.3620679015292763e-12
20.688	2.360241442752376e-12
20.695	2.358348399612829e-12
20.703	2.3566743424452908e-12
20.711	2.3550021582600313e-12
20.719	2.3532578668247373e-12
20.727	2.3515894818343235e-12
20.734	2.3500757766716157e-12
20.742	2.348337127189659e-12
20.75	2.3463054546329862e-12
20.758	2.3445709983538255e-12
20.766	2.3423966511896674e-12
20.773	2.3408182548194547e-12
20.781	2.339016325991479e-12
20.789	2.337216477011997e-12
20.797	2.3354187046813966e-12
20.805	2.3336230058062154e-12
20.812	2.331540130628189e-12
20.82	2.3296754185790485e-12
20.828	2.327812880655732e-12
20.836	2.325513392162977e-12
20.844	2.323582374542688e-12
20.852	2.321653625944862e-12
20.859	2.3199495679677375e-12
20.867	2.3180250771611107e-12
20.875	2.3155192235252575e-12
20.883	2.313526745604723e-12
20.891	2.3115366193229097e-12
20.898	2.309769876923639e-12
20.906	2.3073474878355163e-12
20.914	2.3053644131987018e-12
20.922	2.3033109851182247e-12
20.93	2.301187339128788e-12
20.938	2.298412682882923e-12
20.945	2.2964411451896076e-12
20.953	2.2943251867804737e-12
20.961	2.2921392289626947e-12
20.969	2.2899558560194734e-12
20.977	2.287775063897811e-12
20.984	2.2853079353091105e-12
20.992	2.283059930221751e-12
21	2.2807422491006732e-12
21.008	2.277487328630547e-12
21.016	2.2751032777834023e-12
21.023	2.2729382275718447e-12
21.031	2.2031865630484664e-12
21.039	2.20076749540307e-12
21.047	2.1983512170725923e-12
21.055	2.195640352325286e-12
21.062	2.193438033367935e-12
21.07	2.1898409130843126e-12
21.078	2.1873617609079317e-12
21.086	2.2516058776879113e-12
21.094	2.249033933464578e-12
21.102	2.2463928876802197e-12
21.109	2.2439674012078573e-12
21.117	2.2413319538934854e-12
21.125	2.2382676854937124e-12
21.133	2.167919067688817e-12
21.141	2.165240481992419e-12
21.148	2.1627693524273422e-12
21.156	2.226252616272554e-12
21.164	2.2234914108855788e-12
21.172	2.1546848641746977e-12
21.18	2.1520205901771667e-12
21.188	2.1492851645292e-12
21.195	2.1451254850893865e-12
21.203	2.1423959900542767e-12
21.211	2.1396694257286362e-12
21.219	2.1368717301220915e-12
21.227	2.134151028942886e-12
21.234	2.1315599724292594e-12
21.242	2.1288447821836597e-12
21.25	2.1260584970835585e-12
21.258	2.121868927393044e-12
21.266	2.11886669700871e-12
21.273	2.116288455996808e-12
21.281	2.1135138427428534e-12
21.289	2.1108161310091306e-12
21.297	2.1080473167440167e-12
21.305	2.1052814011064374e-12
21.312	2.102715691826237e-12
21.32	2.099955224563862e-12
21.328	2.0959404828805835e-12
21.336	2.093186009866716e-12
21.344	2.0902865124631824e-12
21.352	2.087611739970105e-12
21.359	2.085061104993369e-12
21.367	2.082391683070637e-12
21.375	2.0797250827635384e-12
21.383	2.0770612990386158e-12
21.391	2.073144256317951e-12
21.398	2.070679884355607e-12
21.406	2.0680983494693886e-12
21.414	2.06529797418615e-12
21.422	2.062722013146198e-12
21.43	2.0601488043819073e-12
21.438	2.0575783431051706e-12
21.445	2.055202283060967e-12
21.453	2.0515298719530586e-12
21.461	2.0489675821286947e-12
21.469	2.0464818112353327e-12
21.477	2.043998725468132e-12
21.484	2.0415608578495095e-12
21.492	2.0390828678541574e-12
21.5	2.0366075496774464e-12
21.508	2.034208597983966e-12
21.516	2.0307068387922263e-12
21.523	2.0285019459799047e-12
21.531	2.0260372102557315e-12
21.539	2.023648781697887e-12
21.547	2.021262955247268e-12
21.555	2.0188061133455488e-12
21.562	2.016612539991229e-12
21.57	2.0142342264199375e-12
21.578	2.0109020642451813e-12
21.586	2.008529205900026e-12
21.594	2.006158923501032e-12
21.602	2.0037912127666355e-12
21.609	2.0016848199810663e-12
21.617	1.9993219306068914e-12
21.625	1.996888138331417e-12
21.633	1.9946038257096424e-12
21.641	1.992248601687181e-12
21.648	1.9891987485103274e-12
21.656	1.9868485892616796e-12
21.664	1.984574357919218e-12
21.672	1.9254366593415954e-12
21.68	1.980033354611513e-12
21.688	1.920936834566274e-12
21.695	1.9188674585091476e-12
21.703	1.973275728028071e-12
21.711	1.970136872174963e-12
21.719	1.9114637142083583e-12
21.727	1.9092270876538858e-12
21.734	1.9072437508574264e-12
21.742	1.90501165644054e-12
21.75	1.902857307193968e-12
21.758	1.9007053126928494e-12
21.766	1.8984803819094542e-12
21.773	1.895754455054323e-12
21.781	1.8936095205416582e-12
21.789	1.891466925442476e-12
21.797	1.8892514404581952e-12
21.805	1.8871135381113225e-12
21.812	1.885150806403218e-12
21.82	1.883017297512629e-12
21.828	1.8809612413445037e-12
21.836	1.878081143157749e-12
21.844	1.8759548107062647e-12
21.852	1.8738307875362505e-12
21.859	1.871880326788469e-12
21.867	1.8697606545155162e-12
21.875	1.867643280774703e-12
21.883	1.8655282018624454e-12
21.891	1.8634154140815697e-12
21.898	1.8607252576494274e-12
21.906	1.858617032015493e-12
21.914	1.8565110863299796e-12
21.922	1.8544074169206625e-12
21.93	1.8523060201216514e-12
21.938	1.850132032088756e-12
21.945	1.8482036219175727e-12
21.953	1.846108793039911e-12
21.961	1.8439414251691067e-12
21.969	1.841103234339676e-12
21.977	1.839239763809967e-12
21.984	1.837321278051218e-12
21.992	1.8354618246225966e-12
22.999999999999996	1.2451795841209833e-12
23.884192216218374	1.1764938819844584e-12
24.802375557446364	1.1127995336152444e-12
25.755856749255898	1.0537338199662097e-12
26.74599275185275	9.989603805921772e-13
27.774192691253674	9.481672981842092e-13
28.841919864703925	9.01065322299785e-13
29.950693823189393	8.573862221735666e-13
31.10209253400695	8.168812592285397e-13
32.297754626470976	7.793197705889597e-13
33.5393817239517	7.444878555286715e-13
34.82874086556454	7.121871573745337e-13
36.16766702095667	6.822337339282819e-13
37.55806570177006	6.544570099742346e-13
39.001915673497166	6.286988059077182e-13
40.501271771588996	6.048124369525469e-13
42.05826782582309	5.826618778378983e-13
43.67511969709354	5.621209881776752e-13
45.35412843094467	5.430727941411452e-13
47.097683532336404	5.254088223241931e-13
48.908266366302	5.090284820278005e-13
50.788453689337615	4.938384924260217e-13
52.74092131654978	4.797523513613596e-13
54.768447929779306	4.666898427425045e-13
56.87391903212161	4.5457657973921637e-13
59.060331054471	4.433435811729973e-13
61.330795619933774	4.329268786912274e-13
63.68854397217836	4.232671524877519e-13
66.13693157402543	4.1430939349545893e-13
68.67944288282197	4.06002590127147e-13
71.31969630939614	3.9829943778076563e-13
74.06144936764946	3.9115606945475947e-13
76.90860402211585	3.8453180593945216e-13
79.86521224109745	3.783889241618908e-13
82.93548176328036	3.7269244236494897e-13
86.12378208603748	3.6740992089734997e-13
89.43465068394016	3.6251127748017537e-13
92.87279946632931	3.5796861589785807e-13
96.44312148313534	3.5375606713811125e-13
100.1506978884915	3.498496420761341e-13
104.00080517204985	3.462270948641797e-13
107.99892266829202	3.4286779624853006e-13
112.15074035452133	3.397526160924605e-13
116.46216694863432	3.3686381443619775e-13
120.93933831819551	3.3418494047349405e-13
125.5886262127846	3.3170073886951964e-13
130.41664733204126	3.2939706288658507e-13
135.43027274231466	3.2726079382297164e-13
140.6366376553184	3.252797663060991e-13
146.04315158270782	3.2344269901459967e-13
151.65750888103088	3.2173913043478266e-13
157.4876997020603	3.2015935928564264e-13
163.54202136409086	3.1869438927315064e-13
169.82909016038425	3.1733587785922287e-13
176.3578536215695	3.160760887536201e-13
183.13760324944653	3.149078478582368e-13
190.17798774031823	3.138245024128951e-13
197.4890267166688	3.128198831099921e-13
205.0811249867306	3.1188826896225645e-13
212.96508735223387	3.1102435472354613e-13
221.15213398541286	3.102232206771595e-13
229.65391639715136	3.0948030461961433e-13
238.48253401899598	3.087913758803505e-13
247.65055142263208	3.0815251122940745e-13
257.1710162013312	3.0756007253587757e-13
267.0574775388176	3.0701068604990863e-13
277.32400549198	3.065012231902717e-13
287.9852110148718	3.060287827280866e-13
299.05626675249596	3.0559067426524637e-13
310.5529286339695	3.0518440291345647e-13
322.49155829579456	3.0480765508663943e-13
334.88914636715435	3.0445828532579854e-13
347.76333665036543	3.041343040813113e-13
361.1324512309038	3.0383386638307765e-13
375.0155165527398	3.03555261334002e-13
389.4322904960896	3.03296902366979e-13
404.4032904961216	3.0305731820989826e-13
419.9498227426337	3.0283514450721834e-13
436.0940125022565	3.026291160503956e-13
452.85883560634056	3.0243805957292443e-13
470.2681511493338	3.0226088706895764e-13
488.346735444188	3.020965895974595e-13
507.12031728311865	3.019442315366074e-13
526.6156145538981	3.0180294525572354e-13
546.8603722637943	3.016719261743939e-13
567.8834020252696	3.0155042818063906e-13
589.7146230596334	3.0143775938204406e-13
612.3851047770021	3.0133327816565076e-13
635.9271109931716	3.0123638954417657e-13
660.3741458463195	3.0114654176775113e-13
685.7610014788922	3.0106322318187617e-13
712.1238075525338	3.0098595931371624e-13
739.5000826665225	3.0091431017012665e-13
767.9287877528958	3.008478677320326e-13
797.4503815242498	3.007862536308904e-13
828.1068780531244	3.00729116993999e-13
859.9419065649275	3.0067613244639147e-13
893.0007735294796	3.006269982579284e-13
927.3305271395559	3.005814346250403e-13
962.9800242681854	3.0053918207733584e-13
999.999999999999	3.0050000000000003e-13