0.0078125	1.003212675259692e-6
0.015625	4.6941734480080827e-7
0.023438	1.1146331920984017e-7
0.03125	4.0070986840461094e-8
0.039062	3.6692468586137177e-8
0.046875	4.7689281248059195e-8
0.054688	5.012752356941457e-8
0.0625	5.4910826040761785e-8
0.070312	5.189599884583045e-8
0.078125	4.47828058818224e-8
0.085938	4.7104635651358976e-8
0.09375	5.1634110143899476e-8
0.10156	5.628362276310641e-8
0.10938	7.09692622271435e-8
0.11719	7.174284895201636e-8
0.125	8.121404515311872e-8
0.13281	8.137267142549973e-8
0.14062	8.559665782276285e-8
0.14844	8.53432815294466e-8
0.15625	9.021670439449017e-8
0.16406	9.838413278145769e-8
0.17188	1.0874269846559984e-7
0.17969	1.204071943545855e-7
0.1875	1.2913352552665663e-7
0.19531	1.4173541991413456e-7
0.20312	1.469733944111821e-7
0.21094	1.4827956501475477e-7
0.21875	1.4119700607758646e-7
0.22656	1.380884788479245e-7
0.23438	1.3375045116437607e-7
0.24219	1.2834153031518127e-7
0.25	1.2333714110977766e-7
0.25781	1.1349407148566984e-7
0.26562	1.0574832192617226e-7
0.27344	9.868236216048433e-8
0.28125	9.040842039667962e-8
0.28906	8.391472477100675e-8
0.29688	7.795915545530292e-8
0.30469	7.250059826980124e-8
0.3125	6.748425797834646e-8
0.32031	6.596705320881332e-8
0.32812	6.347704242375543e-8
0.33594	6.114153510497654e-8
0.34375	5.8953624807332135e-8
0.35156	5.783244167646308e-8
0.35938	5.573774963861835e-8
0.36719	5.461637873908366e-8
0.375	5.275555755722749e-8
0.38281	5.062490304191068e-8
0.39062	4.808873447344287e-8
0.39844	4.5266255726616396e-8
0.40625	4.262563007350059e-8
0.41406	3.990463834323728e-8
0.42188	3.7352662831035276e-8
0.42969	3.47513836332331e-8
0.4375	3.2753289258577564e-8
0.44531	3.0371778562494904e-8
0.45312	2.7422285429563915e-8
0.46094	2.517419514359016e-8
0.46875	2.3275343457453238e-8
0.47656	2.167625895384726e-8
0.48438	2.0166512014810114e-8
0.49219	1.89595221522305e-8
0.5	1.767205268693346e-8
0.50781	1.6880456818295944e-8
0.51562	1.576368754844297e-8
0.52344	1.4926007110132448e-8
0.53125	1.413125198033663e-8
0.53906	1.3405740347548482e-8
0.54688	1.2803473030854073e-8
0.55469	1.2229848524692927e-8
0.5625	1.1759278510003202e-8
0.57031	1.1309574955500532e-8
0.57812	1.0829826769393976e-8
0.58594	1.0442820295491083e-8
0.59375	1.0072479583151686e-8
0.60156	9.676375328560856e-9
0.60938	9.296938788264384e-9
0.61719	8.826092584813428e-9
0.625	8.491549899334204e-9
0.63281	8.170651776690225e-9
0.64062	7.713755863106147e-9
0.64844	7.465413387093599e-9
0.65625	7.202600823355339e-9
0.66406	6.880041127825774e-9
0.67188	6.570393824368703e-9
0.67969	6.2856360936059284e-9
0.6875	5.9921766173726805e-9
0.69531	5.692673922105486e-9
0.70312	5.404685214510566e-9
0.71094	5.05697620265078e-9
0.71875	4.870737416603254e-9
0.72656	4.640337227892178e-9
0.73438	4.41845276883225e-9
0.74219	4.193082026787652e-9
0.75	3.965418569845285e-9
0.75781	3.758036458667932e-9
0.76562	3.5582378574575867e-9
0.77344	3.312741532548985e-9
0.78125	3.1430927899993523e-9
0.78906	2.9794788081961714e-9
0.79688	2.8701043440789903e-9
0.80469	2.6986148572498443e-9
0.8125	2.53312760049462e-9
0.82031	2.38301313162638e-9
0.82812	2.251783474860292e-9
0.83594	2.0962166723137605e-9
0.84375	1.977587483489677e-9
0.85156	1.8696679801739184e-9
0.85938	1.77550119958533e-9
0.86719	1.7225855534785809e-9
0.875	1.6447007551530407e-9
0.88281	1.5692959617252094e-9
0.89062	1.4962436314620426e-9
0.89844	1.4139417448033004e-9
0.90625	1.3543519106250578e-9
0.91406	1.296575191034156e-9
0.92188	1.2405178839878686e-9
0.92969	1.192382022389077e-9
0.9375	1.1672378257005723e-9
0.94531	1.1246612013496398e-9
0.95312	1.0880585641274888e-9
0.96094	1.0468586721747673e-9
0.96875	1.0130028664897287e-9
0.97656	9.800927385042758e-10
0.98438	9.519970120138435e-10
0.99219	9.246576416046113e-10
1	9.015237005345675e-10
1.0078	8.85026259784519e-10
1.0156	8.632794487667755e-10
1.0234	8.421169364363456e-10
1.0312	8.227283711726725e-10
1.0391	8.033420839777109e-10
1.0469	7.846036618442758e-10
1.0547	7.663046777124079e-10
1.0625	7.48498517204638e-10
1.0703	7.334740763690478e-10
1.0781	7.224062531542314e-10
1.0859	7.100212059800599e-10
1.0938	6.938838563953416e-10
1.1016	6.804203822217659e-10
1.1094	6.672459681643805e-10
1.1172	6.528397942634595e-10
1.125	6.387276768224941e-10
1.1328	6.249630075343832e-10
1.1406	6.115236656186327e-10
1.1484	5.983819897824995e-10
1.1562	5.859677060719209e-10
1.1641	5.735785605559491e-10
1.1719	5.615636935482593e-10
1.1797	5.498141601996104e-10
1.1875	5.386941075854224e-10
1.1953	5.27814964343282e-10
1.2031	5.171731203251434e-10
1.2109	5.079062956839494e-10
1.2188	4.977432326381735e-10
1.2266	4.904919808375264e-10
1.2344	4.819247274987291e-10
1.2422	4.735300933308384e-10
1.25	4.653092376150489e-10
1.2578	4.572520814012911e-10
1.2656	4.483682370104468e-10
1.2734	4.396656221396056e-10
1.2812	4.2986458564464145e-10
1.2891	4.2154764222363694e-10
1.2969	4.1538802466452536e-10
1.3047	4.075206029745147e-10
1.3125	4.008589345440447e-10
1.3203	3.943228160225768e-10
1.3281	3.879144908284097e-10
1.3359	3.8162822490197176e-10
1.3438	3.7540519263109007e-10
1.3516	3.677540186105514e-10
1.3594	3.6092657488869686e-10
1.3672	3.556112074677917e-10
1.375	3.4930618901172053e-10
1.3828	3.4311834943735034e-10
1.3906	3.370474514994316e-10
1.3984	3.310907569973845e-10
1.4062	3.260367444220692e-10
1.4141	3.190546134156043e-10
1.4219	3.136579179966034e-10
1.4297	3.0836060484027046e-10
1.4375	3.038387014911502e-10
1.4453	2.9826476053570064e-10
1.4531	2.927945966321601e-10
1.4609	2.874234419181503e-10
1.4688	2.8210820285965516e-10
1.4766	2.7564212509633934e-10
1.4844	2.701948080204433e-10
1.4922	2.6544659440439613e-10
1.5	2.607828531921252e-10
1.5078	2.562017443347948e-10
1.5156	2.518198138201155e-10
1.5234	2.465155273109389e-10
1.5312	2.413022717968942e-10
1.5391	2.347023556830865e-10
1.5469	2.2974914202912838e-10
1.5547	2.2457051482995222e-10
1.5625	2.194858038835314e-10
1.5703	2.1449061054232877e-10
1.5781	2.0958055687045095e-10
1.5859	2.0621489017500644e-10
1.5938	2.0172589747071658e-10
1.6016	1.9595369439980553e-10
1.6094	1.9170620071783755e-10
1.6172	1.8752989833131156e-10
1.625	1.834257834818968e-10
1.6328	1.791683368960971e-10
1.6406	1.7544600973943421e-10
1.6484	1.717878712530259e-10
1.6562	1.6943282879523666e-10
1.6641	1.6545811397711212e-10
1.6719	1.6053650923816928e-10
1.6797	1.5677246045569893e-10
1.6875	1.5306876232968808e-10
1.6953	1.49429330230561e-10
1.7031	1.458477701602695e-10
1.7109	1.4214648579747736e-10
1.7188	1.390303589303455e-10
1.7266	1.3709414245260678e-10
1.7344	1.3350262878111236e-10
1.7422	1.3079845939989452e-10
1.75	1.2813559407830124e-10
1.7578	1.2551587957104967e-10
1.7656	1.2293584177764603e-10
1.7734	1.2069873669132817e-10
1.7812	1.1868378140116148e-10
1.7891	1.1668922750794622e-10
1.7969	1.1599980395627336e-10
1.8047	1.140989451747053e-10
1.8125	1.1204968128681245e-10
1.8203	1.1028367601121354e-10
1.8281	1.0854569620484175e-10
1.8359	1.0682997834025246e-10
1.8438	1.0512995004288447e-10
1.8516	1.0363424542111694e-10
1.8594	1.0223244285378638e-10
1.8672	1.0100452002491585e-10
1.875	1.002436206148613e-10
1.8828	9.905202966375692e-11
1.8906	9.787532777574818e-11
1.8984	9.671580870562726e-11
1.9062	9.575859715220396e-11
1.9141	9.496978591587978e-11
1.9219	9.445474975318267e-11
1.9297	9.369270585707467e-11
1.9375	9.293984694635846e-11
1.9453	9.24338514226779e-11
1.9531	9.169702856492792e-11
1.9609	9.112389082531957e-11
1.9688	9.054747960422726e-11
1.9766	8.998620072561336e-11
1.9844	8.943067724031956e-11
1.9922	8.941086346761265e-11
2	8.91522066397904e-11
2.0078	8.889496447433148e-11
2.0156	8.854039300278353e-11
2.0234	8.828067777528466e-11
2.0312	8.786818789723101e-11
2.0391	8.745429373247583e-11
2.0469	8.719869709078691e-11
2.0547	8.733913769324833e-11
2.0625	8.695546237888857e-11
2.0703	8.657824822501888e-11
2.0781	8.620136580387916e-11
2.0859	8.580709360838828e-11
2.0938	8.564747229524362e-11
2.1016	8.549515162390903e-11
2.1094	8.534195122947095e-11
2.1172	8.539383339586934e-11
2.125	8.523268032523458e-11
2.1328	8.507091836177483e-11
2.1406	8.491038400169099e-11
2.1484	8.483983994055e-11
2.1562	8.438734122274921e-11
2.1641	8.421293311092948e-11
2.1719	8.40460028745962e-11
2.1797	8.401250221334373e-11
2.1875	8.383831398858853e-11
2.1953	8.357481026522935e-11
2.2031	8.331163171964161e-11
2.2109	8.305042302976521e-11
2.2188	8.278369571605508e-11
2.2266	8.252481704826003e-11
2.2344	8.204069888096778e-11
2.2422	8.17725791764703e-11
2.25	8.141904740424242e-11
2.2578	8.096732051650357e-11
2.2656	8.051972581158672e-11
2.2734	8.017663686804209e-11
2.2812	7.9926278070793e-11
2.2891	7.966941073716468e-11
2.2969	7.942147400625248e-11
2.3047	7.894099400868208e-11
2.3125	7.874343799331683e-11
2.3203	7.849319246749411e-11
2.3281	7.815976317451765e-11
2.3359	7.78299483748441e-11
2.3438	7.749707809180254e-11
2.3516	7.71716541883478e-11
2.3594	7.684972663794161e-11
2.3672	7.653124114545953e-11
2.375	7.607975675927644e-11
2.3828	7.576134029565876e-11
2.3906	7.554651774580875e-11
2.3984	7.53331514818069e-11
2.4062	7.503709435669015e-11
2.4141	7.473660779262623e-11
2.4219	7.434634492592432e-11
2.4297	7.395943598793405e-11
2.4375	7.358078168598344e-11
2.4453	7.311579713233085e-11
2.4531	7.273809656298927e-11
2.4609	7.236239696786614e-11
2.4688	7.198405560968472e-11
2.4766	7.161593765860173e-11
2.4844	7.124973524293252e-11
2.4922	7.08877848218772e-11
2.5	7.044380340626346e-11
2.5078	7.000628273285183e-11
2.5156	6.957052260935834e-11
2.5234	6.914109295705075e-11
2.5312	6.871562710183512e-11
2.5391	6.86797812138281e-11
2.5469	6.825975531030433e-11
2.5547	6.792012804465496e-11
2.5625	6.757447114865952e-11
2.5703	6.754147123228423e-11
2.5781	6.750770981365268e-11
2.5859	6.747320119190962e-11
2.5938	6.740437460194937e-11
2.6016	6.736355811962354e-11
2.6094	6.732214870496109e-11
2.6172	6.728015714422222e-11
2.625	6.72375940714687e-11
2.6328	6.749389349341049e-11
2.6406	6.744396083579097e-11
2.6484	6.739263417092635e-11
2.6562	6.734090997479187e-11
2.6641	6.695163584442766e-11
2.6719	6.663408467788918e-11
2.6797	6.631901195875473e-11
2.6875	6.600639089574923e-11
2.6953	6.595661310449217e-11
2.7031	6.590010051387424e-11
2.7109	6.584337763756269e-11
2.7188	6.5530319139282e-11
2.7266	6.522537979940922e-11
2.7344	6.509050019080179e-11
2.7422	6.50311908171224e-11
2.75	6.497176612380524e-11
2.7578	6.465281872245712e-11
2.7656	6.435344077745484e-11
2.7734	6.429208432746211e-11
2.7812	6.393196995335454e-11
2.7891	6.357031402193379e-11
2.7969	6.321623841120385e-11
2.8047	6.27801113869339e-11
2.8125	6.243237390132799e-11
2.8203	6.200579335205033e-11
2.8281	6.166423666532515e-11
2.8359	6.132549440436496e-11
2.8438	6.111219713447655e-11
2.8516	6.077833319048087e-11
2.8594	6.072206172714565e-11
2.8672	6.051698105131835e-11
2.875	6.037522552121487e-11
2.8828	6.022969082580643e-11
2.8906	6.016837497248732e-11
2.8984	6.010646120030971e-11
2.9062	6.004471573785234e-11
2.9141	5.971959973038892e-11
2.9219	5.965847926693253e-11
2.9297	5.934123402990635e-11
2.9375	5.902651259823682e-11
2.9453	5.862127548001346e-11
2.9531	5.822151710303046e-11
2.9609	5.791517128171096e-11
2.9688	5.76073559301425e-11
2.9766	5.7305838329143646e-11
2.9844	5.695913153945291e-11
2.9922	5.6614509947045685e-11
3	5.627265707023525e-11
3.0078	5.588236325189131e-11
3.0156	5.5367804220717596e-11
3.0234	5.495897482815257e-11
3.0312	5.4581194140452365e-11
3.0391	5.420282983884708e-11
3.0469	5.388078228425782e-11
3.0547	5.356127580320723e-11
3.0625	5.324428405511565e-11
3.0703	5.2929781036875965e-11
3.0781	5.250487548856906e-11
3.0859	5.219642632281028e-11
3.0938	5.182152200135312e-11
3.1016	5.151883061371096e-11
3.1094	5.121848574923622e-11
3.1172	5.092046350844704e-11
3.125	5.062474029271332e-11
3.1328	5.033129279973653e-11
3.1406	4.986449733938654e-11
3.1484	4.954002002777825e-11
3.1562	4.9217358875182794e-11
3.1641	4.887769076047879e-11
3.1719	4.856129621261144e-11
3.1797	4.824794514305933e-11
3.1875	4.7936310159909077e-11
3.1953	4.743082460611383e-11
3.2031	4.707661561664146e-11
3.2109	4.680950336430366e-11
3.2188	4.650681161641909e-11
3.2266	4.620990923615722e-11
3.2344	4.587369638407977e-11
3.2422	4.5394310363039164e-11
3.25	4.4953349890111245e-11
3.2578	4.448169504959888e-11
3.2656	4.391565615540544e-11
3.2734	4.34552876736257e-11
3.2812	4.303208536362178e-11
3.2891	4.257654057994284e-11
3.2969	4.212789294658359e-11
3.3047	4.184449549218744e-11
3.3125	4.140447380803288e-11
3.3203	4.096862303792575e-11
3.3281	4.053626291927484e-11
3.3359	4.003559581460438e-11
3.3438	3.9610880737039197e-11
3.3516	3.9324710195226235e-11
3.3594	3.9041148334455067e-11
3.3672	3.8759527246978924e-11
3.375	3.8452829572636257e-11
3.3828	3.8213569865024405e-11
3.3906	3.7939549784673415e-11
3.3984	3.742845254993517e-11
3.4062	3.70075607298328e-11
3.4141	3.658822490368666e-11
3.4219	3.629934814566704e-11
3.4297	3.601230648737725e-11
3.4375	3.560403469273496e-11
3.4453	3.51993370882819e-11
3.4531	3.497281856942125e-11
3.4609	3.451216515755562e-11
3.4688	3.423885306316601e-11
3.4766	3.396922545950156e-11
3.4844	3.3701269467136886e-11
3.4922	3.3317991928233725e-11
3.5	3.308769887545729e-11
3.5078	3.285956464404765e-11
3.5156	3.2632283456580415e-11
3.5234	3.2383996734265555e-11
3.5312	3.216227878862121e-11
3.5391	3.1940200934014977e-11
3.5469	3.1721375577474354e-11
3.5547	3.150460507915037e-11
3.5625	3.128923549798307e-11
3.5703	3.1075253278149715e-11
3.5781	3.079916245001836e-11
3.5859	3.054613772419736e-11
3.5938	3.037085679175884e-11
3.6016	3.0028755487193054e-11
3.6094	2.9762877346846055e-11
3.6172	2.942587650607419e-11
3.625	2.922573145421277e-11
3.6328	2.889327831133737e-11
3.6406	2.8563193098106207e-11
3.6484	2.8235450026902196e-11
3.6562	2.7884925981966188e-11
3.6641	2.77391592230778e-11
3.6719	2.7551065144964994e-11
3.6797	2.7236583998333806e-11
3.6875	2.705165884331814e-11
3.6953	2.686787076913409e-11
3.7031	2.668584825714818e-11
3.7109	2.650493922100366e-11
3.7188	2.6304593653729602e-11
3.7266	2.6127195789814742e-11
3.7344	2.5950875391930087e-11
3.7422	2.5825710855094764e-11
3.75	2.5652069645151708e-11
3.7578	2.548515715287936e-11
3.7656	2.531989270896368e-11
3.7734	2.515563457497237e-11
3.7812	2.4960956325467938e-11
3.7891	2.4798056080487255e-11
3.7969	2.4637451981838123e-11
3.8047	2.4478440345662234e-11
3.8125	2.4349088758264107e-11
3.8203	2.419255441987209e-11
3.8281	2.4036957351709157e-11
3.8359	2.3882289052687504e-11
3.8438	2.370189818967864e-11
3.8516	2.3550352454835514e-11
3.8594	2.3399087753773074e-11
3.8672	2.3249332943962947e-11
3.875	2.3101076931648665e-11
3.8828	2.2985033290776505e-11
3.8906	2.2838464293667794e-11
3.8984	2.2693365369442965e-11
3.9062	2.2527716572330097e-11
3.9141	2.238380775354924e-11
3.9219	2.224188306540861e-11
3.9297	2.210078171314211e-11
3.9375	2.197689952610341e-11
3.9453	2.1872538077741632e-11
3.9531	2.178329309472684e-11
3.9609	2.1680757737815496e-11
3.9688	2.1577159701279768e-11
3.9766	2.1473486771945214e-11
3.9844	2.1354354137135184e-11
3.9922	2.125435907037353e-11
4	2.115496783063367e-11
4.0078	2.1056175615855836e-11
4.0156	2.095797767107094e-11
4.0234	2.0875622815254325e-11
4.0312	2.0761005348828833e-11
4.0391	2.0645455266775765e-11
4.0469	2.0532188272108868e-11
4.0547	2.0437594862100992e-11
4.0625	2.0342984898227034e-11
4.0703	2.02495136902478e-11
4.0781	2.015602067271605e-11
4.0859	2.0046435605060738e-11
4.0938	1.9953691569501422e-11
4.1016	1.987901245717411e-11
4.1094	1.97882763774566e-11
4.1172	1.969807268462112e-11
4.125	1.9608397263237673e-11
4.1328	1.9502900853246228e-11
4.1406	1.9414880764667827e-11
4.1484	1.93268127084995e-11
4.1562	1.923925658052429e-11
4.1641	1.9152959958185053e-11
4.1719	1.9083073151969238e-11
4.1797	1.899753461330206e-11
4.1875	1.891248953204923e-11
4.1953	1.882793415812254e-11
4.2031	1.874331634954158e-11
4.2109	1.8659730893871936e-11
4.2188	1.8575743446680943e-11
4.2266	1.8495291482776833e-11
4.2344	1.8413130343834903e-11
4.2422	1.8348180875394243e-11
4.25	1.8280894060794156e-11
4.2578	1.8200037295280177e-11
4.2656	1.812017328321864e-11
4.2734	1.8054086156343212e-11
4.2812	1.7988359916508044e-11
4.2891	1.7922156204548258e-11
4.2969	1.7859256345740652e-11
4.3047	1.779459400291192e-11
4.3125	1.7732897716410306e-11
4.3203	1.7668924500798376e-11
4.3281	1.7605296846502973e-11
4.3359	1.7542012269193374e-11
4.3438	1.7478263533717394e-11
4.3516	1.7415662066119884e-11
4.3594	1.7355955482698283e-11
4.3672	1.7294013937181484e-11
4.375	1.7245102481038033e-11
4.3828	1.7198442317222442e-11
4.3906	1.7149978744125056e-11
4.3984	1.7101741267522777e-11
4.4062	1.705372841945647e-11
4.4141	1.700516822485977e-11
4.4219	1.69714531937448e-11
4.4297	1.6924050254398867e-11
4.4375	1.687686651945282e-11
4.4453	1.682990057818651e-11
4.4531	1.6782664922642053e-11
4.4609	1.673710053774751e-11
4.4688	1.6690030608920035e-11
4.4766	1.6643923302532042e-11
4.4844	1.6610448785403382e-11
4.4922	1.656423435269515e-11
4.5	1.6518706034267577e-11
4.5078	1.6473384913889618e-11
4.5156	1.6427799998083618e-11
4.5234	1.6382891299818438e-11
4.5312	1.633818588281226e-11
4.5391	1.6292500698505723e-11
4.5469	1.625928584055403e-11
4.5547	1.6214682205981146e-11
4.5625	1.6170738643747486e-11
4.5703	1.6126536324977065e-11
4.5781	1.608298780630867e-11
4.5859	1.605138765407439e-11
4.5938	1.601917877900329e-11
4.6016	1.5987310869115367e-11
4.6094	1.5955980930629272e-11
4.6172	1.5946001566541258e-11
4.625	1.5914745869907505e-11
4.6328	1.58835784726334e-11
4.6406	1.5852499147769823e-11
4.6484	1.5821507667498556e-11
4.6562	1.5790603803168565e-11
4.6641	1.575954171276313e-11
4.6719	1.5726243786107805e-11
4.6797	1.571478062017179e-11
4.6875	1.568372358408488e-11
4.6953	1.56531791913815e-11
4.7031	1.5622721531735286e-11
4.7109	1.559235036720569e-11
4.7188	1.556140588907808e-11
4.7266	1.5540725151165438e-11
4.7344	1.5520036031464674e-11
4.7422	1.5502613174711626e-11
4.75	1.548148543043463e-11
4.7578	1.5460355938170275e-11
4.7656	1.5439628234633444e-11
4.7734	1.5430113207699836e-11
4.7812	1.5420868360112156e-11
4.7891	1.541084954956687e-11
4.7969	1.540174110381543e-11
4.8047	1.5417902056939133e-11
4.8125	1.5407997988978092e-11
4.8203	1.538291580789805e-11
4.8281	1.537286090575383e-11
4.8359	1.536307115057305e-11
4.8438	1.535214883587584e-11
4.8516	1.5342126724448045e-11
4.8594	1.5331989699094918e-11
4.8672	1.5344482023542007e-11
4.875	1.5333991370750012e-11
4.8828	1.5323392908253756e-11
4.8906	1.5295832822441494e-11
4.8984	1.52851197649314e-11
4.9062	1.5274666209728014e-11
4.9141	1.5263125743825036e-11
4.9219	1.525246700166993e-11
4.9297	1.5253463274195236e-11
4.9375	1.528462099558182e-11
4.9453	1.52849483234762e-11
4.9531	1.5277371086588105e-11
4.9609	1.525855481730268e-11
4.9688	1.5249815067658937e-11
4.9766	1.5241906560563853e-11
4.9844	1.5233528012287018e-11
4.9922	1.522570511349666e-11
5	1.524437733393166e-11
5.0078	1.5235813400753e-11
5.0156	1.522746318422569e-11
5.0234	1.521899199806833e-11
5.0312	1.5197229239093434e-11
5.0391	1.518766556132287e-11
5.0469	1.5178919713201385e-11
5.0547	1.5170060062216642e-11
5.0625	1.5185230628507737e-11
5.0703	1.5176015266571366e-11
5.0781	1.5166692824763592e-11
5.0859	1.5157581431940208e-11
5.0938	1.5147768262277784e-11
5.1016	1.513500411117697e-11
5.1094	1.5136796664925698e-11
5.1172	1.5138665960395227e-11
5.125	1.517251837085906e-11
5.1328	1.5173727803260967e-11
5.1406	1.5174713570670258e-11
5.1484	1.517577993543792e-11
5.1562	1.5176924710053118e-11
5.1641	1.5177260699370145e-11
5.1719	1.517826312132705e-11
5.1797	1.5161420059707446e-11
5.1875	1.5190411866910142e-11
5.1953	1.5190415300272626e-11
5.2031	1.519021447857432e-11
5.2109	1.5190098890422554e-11
5.2188	1.518948429813737e-11
5.2266	1.518925070445115e-11
5.2344	1.5188818109162806e-11
5.2422	1.5188469156013805e-11
5.25	1.5168726528630552e-11
5.2578	1.521535272690338e-11
5.2656	1.5225500125309322e-11
5.2734	1.5235322200352015e-11
5.2812	1.5245364860125796e-11
5.2891	1.525450798927628e-11
5.2969	1.5264177584709242e-11
5.3047	1.527379586833313e-11
5.3125	1.528309887113628e-11
5.3203	1.530229970499083e-11
5.3281	1.531066073916487e-11
5.3359	1.531898265959008e-11
5.3438	1.5326691284752557e-11
5.3516	1.5334933901923765e-11
5.3594	1.5342882394819858e-11
5.3672	1.5350792916791792e-11
5.375	1.535841469686562e-11
5.3828	1.5394325088259894e-11
5.3906	1.537725674770319e-11
5.3984	1.5384009697935927e-11
5.4062	1.53907346409328e-11
5.4141	1.5396862207955966e-11
5.4219	1.5403288967194255e-11
5.4297	1.540968898134526e-11
5.4375	1.5416061679145638e-11
5.4453	1.5446756879466573e-11
5.4531	1.54524549104091e-11
5.4609	1.5432205558067848e-11
5.4688	1.5436754425141403e-11
5.4766	1.5442083386239648e-11
5.4844	1.5447163354064466e-11
5.4922	1.5452226041415674e-11
5.5	1.5457044022759704e-11
5.5078	1.5476719670706963e-11
5.5156	1.5485670650344944e-11
5.5234	1.5494553644168144e-11
5.5312	1.5503147591923463e-11
5.5391	1.5489569670554377e-11
5.5469	1.5497729082504496e-11
5.5547	1.550604490667737e-11
5.5625	1.551386512725188e-11
5.5703	1.5521841687155906e-11
5.5781	1.5557897056203103e-11
5.5859	1.5565157352398483e-11
5.5938	1.5571806323424084e-11
5.6016	1.5578957945252808e-11
5.6094	1.556233652979385e-11
5.6172	1.55689000026605e-11
5.625	1.5575414941111053e-11
5.6328	1.5581881219091335e-11
5.6406	1.5613285353923078e-11
5.6484	1.561910264063389e-11
5.6562	1.5624876827484156e-11
5.6641	1.563005583995903e-11
5.6719	1.563574391074617e-11
5.6797	1.5615942584573958e-11
5.6875	1.5621299357792276e-11
5.6953	1.562642061175714e-11
5.7031	1.5653216694494164e-11
5.7109	1.5657943300163316e-11
5.7188	1.566189514252997e-11
5.7266	1.5666361814208087e-11
5.7344	1.5670794759782882e-11
5.7422	1.567500552373023e-11
5.75	1.5652394897402138e-11
5.7578	1.5656320631047112e-11
5.7656	1.5679114920842587e-11
5.7734	1.5676613998623854e-11
5.7812	1.567396878157142e-11
5.7891	1.567082209492106e-11
5.7969	1.5668075327063462e-11
5.8047	1.5665368556737922e-11
5.8125	1.5662521431656363e-11
5.8203	1.5637562300714263e-11
5.8281	1.565108466132074e-11
5.8359	1.56478550519959e-11
5.8438	1.5643956858393846e-11
5.8516	1.5640463539976062e-11
5.8594	1.563701467060291e-11
5.8672	1.563360934072505e-11
5.875	1.5630074365784834e-11
5.8828	1.5626582899891013e-11
5.8906	1.5637112662482345e-11
5.8984	1.560988220527691e-11
5.9062	1.560589006828161e-11
5.9141	1.560124878089219e-11
5.9219	1.5597183273247224e-11
5.9297	1.559299779169725e-11
5.9375	1.558869393916745e-11
5.9453	1.558460282653533e-11
5.9531	1.5580229274867144e-11
5.9609	1.5587970958516986e-11
5.9688	1.5558436626030745e-11
5.9766	1.5553782431050147e-11
5.9844	1.5549017031595636e-11
5.9922	1.554430198962187e-11
6	1.5539477126948905e-11
6.0078	1.5528677474872595e-11
6.0156	1.5517983536042806e-11
6.0234	1.551744906489754e-11
6.0312	1.550644848567124e-11
6.0391	1.5475727501450536e-11
6.0469	1.5464715024062628e-11
6.0547	1.5453808643295212e-11
6.0625	1.5442853302093885e-11
6.0703	1.5431849785543264e-11
6.0781	1.542079886886921e-11
6.0859	1.5418500879934202e-11
6.0938	1.5406813159016284e-11
6.1016	1.5395587244845983e-11
6.1094	1.5364546074344428e-11
6.1172	1.5353318819132504e-11
6.125	1.534204829524766e-11
6.1328	1.5330883143477236e-11
6.1406	1.53196748562463e-11
6.1484	1.5315608132376214e-11
6.1562	1.5304284631718857e-11
6.1641	1.5292424106815154e-11
6.1719	1.528102061252834e-11
6.1797	1.5249106895886913e-11
6.1875	1.5237569205241352e-11
6.1953	1.5226280058220542e-11
6.2031	1.520896914661634e-11
6.2109	1.5197627587834513e-11
6.2188	1.5179967121549693e-11
6.2266	1.5162664824074002e-11
6.2344	1.5145373373630447e-11
6.2422	1.5128232639040903e-11
6.25	1.511110206393934e-11
6.2578	1.5078728253234256e-11
6.2656	1.5061538994947446e-11
6.2734	1.5044361214872356e-11
6.2812	1.5032131757369197e-11
6.2891	1.5014481164551592e-11
6.2969	1.4997457380094547e-11
6.3047	1.4980309315819778e-11
6.3125	1.4963308749315726e-11
6.3203	1.4946319799293758e-11
6.3281	1.491365597687575e-11
6.3359	1.4896616512436696e-11
6.3438	1.4883114120186812e-11
6.3516	1.4866086532133636e-11
6.3594	1.4849204254448587e-11
6.3672	1.483220275866818e-11
6.375	1.4815345896123717e-11
6.3828	1.4798501731526475e-11
6.3906	1.4781670421652022e-11
6.3984	1.4748768116605e-11
6.4062	1.473499646725861e-11
6.4141	1.471766549999534e-11
6.4219	1.4695033680728046e-11
6.4297	1.467258459297825e-11
6.4375	1.4650061779513605e-11
6.4453	1.4627720518914e-11
6.4531	1.4605306049922738e-11
6.4609	1.4583071965057105e-11
6.4688	1.4552385540945994e-11
6.4766	1.4530159848972473e-11
6.4844	1.45079876720626e-11
6.4922	1.4479135466710998e-11
6.5	1.4457091871823741e-11
6.5078	1.4435225107375886e-11
6.5156	1.4413286795656215e-11
6.5234	1.439140108820449e-11
6.5312	1.4371530846913034e-11
6.5391	1.4332175475528199e-11
6.5469	1.4303906165216441e-11
6.5547	1.4275850091201052e-11
6.5625	1.4247763021754787e-11
6.5703	1.4219887695641437e-11
6.5781	1.4191981243475831e-11
6.5859	1.4164285056216566e-11
6.5938	1.4136128836066809e-11
6.6016	1.410382189412173e-11
6.6094	1.40658921929332e-11
6.6172	1.4032751499998618e-11
6.625	1.3999727793571028e-11
6.6328	1.3966820523681777e-11
6.6406	1.3934029143590253e-11
6.6484	1.390135310976121e-11
6.6562	1.3868791881842202e-11
6.6641	1.3831343900481895e-11
6.6719	1.3811805749001064e-11
6.6797	1.3799784925983818e-11
6.6875	1.378286622792871e-11
6.6953	1.3770726187486892e-11
6.7031	1.3751413750164581e-11
6.7109	1.3719466114784176e-11
6.7188	1.3687222242902531e-11
6.7266	1.3650562682666079e-11
6.7344	1.3618959948084391e-11
6.7422	1.3587466832936022e-11
6.75	1.3556082830828458e-11
6.7578	1.352014345647883e-11
6.7656	1.3488986920865195e-11
6.7734	1.3457937959449387e-11
6.7812	1.3426996077572056e-11
6.7891	1.3391143478406952e-11
6.7969	1.3360426243745573e-11
6.8047	1.3329814578948199e-11
6.8125	1.3299308000801126e-11
6.8203	1.3268906028852171e-11
6.8281	1.3234036592385969e-11
6.8359	1.3203852829170169e-11
6.8438	1.3173387230220834e-11
6.8516	1.3138868746157417e-11
6.8594	1.3109004644896823e-11
6.8672	1.3079242247827516e-11
6.875	1.304958109365932e-11
6.8828	1.3020020723714373e-11
6.8906	1.2990560681909406e-11
6.8984	1.2956827861234254e-11
6.9062	1.2927576989296412e-11
6.9141	1.2898051956987306e-11
6.9219	1.2864763933295238e-11
6.9297	1.2835819336867244e-11
6.9375	1.2806972314886891e-11
6.9453	1.277271841226109e-11
6.9531	1.2738691275794382e-11
6.9609	1.270478222087566e-11
6.9688	1.2671807906233759e-11
6.9766	1.2638132630827091e-11
6.9844	1.2600615827238127e-11
6.9922	1.256718011475059e-11
7	1.2533859792453752e-11
7.0078	1.2500654335821943e-11
7.0156	1.246766944364798e-11
7.0234	1.2434691965906333e-11
7.0312	1.240182779848565e-11
7.0391	1.2368830638392638e-11
7.0469	1.2333977878837689e-11
7.0547	1.2301560935103805e-11
7.0625	1.2269254872892454e-11
7.0703	1.2237059192665262e-11
7.0781	1.2204973397663821e-11
7.0859	1.2172996993891168e-11
7.0938	1.2140787189946415e-11
7.1016	1.2109029367969757e-11
7.1094	1.2073947668191155e-11
7.1172	1.2044176164157203e-11
7.125	1.2012743589077626e-11
7.1328	1.1981520925549993e-11
7.1406	1.195030063070041e-11
7.1484	1.1919288935789493e-11
7.1562	1.1888279033636728e-11
7.1641	1.1857145410049198e-11
7.1719	1.1823268866759047e-11
7.1797	1.1792680118120341e-11
7.1875	1.1764033642923569e-11
7.1953	1.1733748859362767e-11
7.2031	1.1703463813262831e-11
7.2109	1.1673280237818582e-11
7.2188	1.1642875107507766e-11
7.2266	1.1612894310076646e-11
7.2344	1.1583114756958261e-11
7.2422	1.1550506949665234e-11
7.25	1.1520930728959611e-11
7.2578	1.1493364452465758e-11
7.2656	1.1463981382519077e-11
7.2734	1.1434695911922982e-11
7.2812	1.1405507613616878e-11
7.2891	1.1376004016786415e-11
7.2969	1.1347010091774252e-11
7.3047	1.1315523316602492e-11
7.3125	1.1286824630203873e-11
7.3203	1.1258121417489436e-11
7.3281	1.1231692081075916e-11
7.3359	1.1203174004677717e-11
7.3438	1.117444542937734e-11
7.3516	1.114621423755312e-11
7.3594	1.1117977355578703e-11
7.3672	1.1087574234206147e-11
7.375	1.1059624067212922e-11
7.3828	1.1031765368517462e-11
7.3906	1.1003900023829712e-11
7.3984	1.0976223246849926e-11
7.4062	1.0950876472763633e-11
7.4141	1.0923081431452809e-11
7.4219	1.0895768666675138e-11
7.4297	1.0870772519402548e-11
7.4375	1.0843536531745635e-11
7.4453	1.082082817064914e-11
7.4531	1.0798191068162749e-11
7.4609	1.0775624926452953e-11
7.4688	1.075284150318606e-11
7.4766	1.073271335008937e-11
7.4844	1.0710354432471315e-11
7.4922	1.0690351324405413e-11
7.5	1.0668126956334646e-11
7.5078	1.064597182026537e-11
7.5156	1.062388562893947e-11
7.5234	1.0597522410293496e-11
7.5312	1.0571338114573438e-11
7.5391	1.054495799084464e-11
7.5469	1.052119830953364e-11
7.5547	1.0509141085031748e-11
7.5625	1.0508962163069037e-11
7.5703	1.0496906645082313e-11
7.5781	1.0471129551522544e-11
7.5859	1.0459151973477898e-11
7.5938	1.0433241252427277e-11
7.6016	1.0407687760478503e-11
7.6094	1.03822154093998e-11
7.6172	1.0358847916764572e-11
7.625	1.0331604633424517e-11
7.6328	1.0306373524105067e-11
7.6406	1.0285341489951547e-11
7.6484	1.026437376972044e-11
7.6562	1.0243470101457791e-11
7.6641	1.0222363459663309e-11
7.6719	1.0210842881094905e-11
7.6797	1.0190111829522019e-11
7.6875	1.0182262063807536e-11
7.6953	1.0161630927144423e-11
7.7031	1.0145374183517567e-11
7.7109	1.0129250150376535e-11
7.7188	1.0117552600018538e-11
7.7266	1.0106224312790168e-11
7.7344	1.0094824164090977e-11
7.7422	1.0083530013110442e-11
7.75	1.0073930174491675e-11
7.7578	1.005791076346789e-11
7.7656	1.0043690393327318e-11
7.7734	1.0027751026753818e-11
7.7812	1.0016485131876642e-11
7.7891	1.0004979569454978e-11
7.7969	9.993835535533154e-12
7.8047	9.969968132805975e-12
7.8125	9.96909273181072e-12
7.8203	9.95791983023547e-12
7.8281	9.94676405683744e-12
7.8359	9.936909980948652e-12
7.8438	9.916903846976016e-12
7.8516	9.905820854570938e-12
7.8594	9.89483981256659e-12
7.8672	9.883790514892908e-12
7.875	9.872758162052012e-12
7.8828	9.871342673817121e-12
7.8906	9.860316942549653e-12
7.8984	9.849391908582524e-12
7.9062	9.839317900243499e-12
7.9141	9.828091928673124e-12
7.9219	9.817131815400764e-12
7.9297	9.806188645826942e-12
7.9375	9.795262401812467e-12
7.9453	9.793399327470657e-12
7.9531	9.782481492897826e-12
7.9609	9.771580630148312e-12
7.9688	9.760533258052052e-12
7.9766	9.75015423977693e-12
7.9844	9.73930309892517e-12
7.9922	9.72846885735944e-12
8	9.709507591213296e-12
8.0078	9.69108475048189e-12
8.0156	9.680344922229818e-12
8.0234	9.669621740413969e-12
8.0312	9.650848350713914e-12
8.0391	9.631889949718244e-12
8.0469	9.62157976608299e-12
8.0547	9.610887696047592e-12
8.0625	9.600291524439715e-12
8.0703	9.589948302785437e-12
8.0781	9.579305527058657e-12
8.0859	9.568679505379182e-12
8.0938	9.557912248058003e-12
8.1016	9.547397941908455e-12
8.1094	9.529040507394016e-12
8.1172	9.510735967664198e-12
8.125	9.500313357503954e-12
8.1328	9.497630945976272e-12
8.1406	9.487142263798614e-12
8.1484	9.476670080121985e-12
8.1562	9.466290953996249e-12
8.1641	9.455619850148898e-12
8.1719	9.448624038290401e-12
8.1797	9.438208611091634e-12
8.1875	9.432200586083601e-12
8.1953	9.421579658675143e-12
8.2031	9.418501783336985e-12
8.2109	9.408121067254731e-12
8.2188	9.397528114559068e-12
8.2266	9.391507495488498e-12
8.2344	9.388748774956285e-12
8.2422	9.385959709753219e-12
8.25	9.383214405833963e-12
8.2578	9.376172098598334e-12
8.2656	9.376020748844003e-12
8.2734	9.373118102388923e-12
8.2812	9.370186562677196e-12
8.2891	9.36707295220955e-12
8.2969	9.364084520514279e-12
8.3047	9.36121214838555e-12
8.3125	9.358239228214094e-12
8.3203	9.355309892305672e-12
8.3281	9.36247281368922e-12
8.3359	9.35497943711243e-12
8.3438	9.351652297351034e-12
8.3516	9.348593373863013e-12
8.3594	9.345507469776858e-12
8.3672	9.342394853391674e-12
8.375	9.339255790514864e-12
8.3828	9.336160131380707e-12
8.3906	9.342465113638019e-12
8.3984	9.332792380871314e-12
8.4062	9.324786875780088e-12
8.4141	9.311272793397113e-12
8.4219	9.298012081424279e-12
8.4297	9.284782784392649e-12
8.4375	9.275270743330198e-12
8.4453	9.272031345612e-12
8.4531	9.277779044116805e-12
8.4609	9.274528264468865e-12
8.4688	9.27103415887993e-12
8.4766	9.267735148460197e-12
8.4844	9.2593320450819e-12
8.4922	9.256002300676125e-12
8.5	9.252649051592277e-12
8.5078	9.249338734672796e-12
8.5156	9.25846742778018e-12
8.5234	9.255003696661393e-12
8.5312	9.251583059683748e-12
8.5391	9.247988490698906e-12
8.5469	9.244522999476941e-12
8.5547	9.235588879710512e-12
8.5625	9.232097128635232e-12
8.5703	9.228648044400284e-12
8.5781	9.225112763747919e-12
8.5859	9.229235128843629e-12
8.5938	9.225481587174496e-12
8.6016	9.225988104860981e-12
8.6094	9.226508869934026e-12
8.6172	9.222944107304265e-12
8.625	9.213445880395815e-12
8.6328	9.209858694594771e-12
8.6406	9.206250995082106e-12
8.6484	9.20959967559188e-12
8.6562	9.209900768233986e-12
8.6641	9.21000419458214e-12
8.6719	9.202632987311966e-12
8.6797	9.19526423874526e-12
8.6875	9.195557211234225e-12
8.6953	9.18957689213977e-12
8.7031	9.189799871484438e-12
8.7109	9.20027836415291e-12
8.7188	9.196239165571216e-12
8.7266	9.196303673032721e-12
8.7344	9.196323795641032e-12
8.7422	9.196419376897878e-12
8.75	9.196410997338416e-12
8.7578	9.196477585069224e-12
8.7656	9.18982068442642e-12
8.7734	9.195477900180967e-12
8.7812	9.195299586775521e-12
8.7891	9.19492838693965e-12
8.7969	9.194782721558207e-12
8.8047	9.194594862891449e-12
8.8125	9.194365183581175e-12
8.8203	9.194151703737795e-12
8.8281	9.193896734586192e-12
8.8359	9.202584217716134e-12
8.8438	9.194938253179946e-12
8.8516	9.194554639153284e-12
8.8594	9.194131015041182e-12
8.8672	9.193724176158143e-12
8.875	9.193277636896323e-12
8.8828	9.192791745746058e-12
8.8906	9.19237856796614e-12
8.8984	9.195933092198526e-12
8.9062	9.220457342334434e-12
8.9141	9.22050211897149e-12
8.9219	9.228229672114692e-12
8.9297	9.235909460901022e-12
8.9375	9.231512936549232e-12
8.9453	9.230794577629702e-12
8.9531	9.230039189802501e-12
8.9609	9.229247096283589e-12
8.9688	9.232026684178867e-12
8.9766	9.231149455239911e-12
8.9844	9.222338327784786e-12
8.9922	9.21785088872225e-12
9	9.216958996905728e-12
9.0078	9.216031783912833e-12
9.0156	9.211538283055938e-12
9.0234	9.210605701099217e-12
9.0312	9.216390673145566e-12
9.0391	9.21516231255775e-12
9.0469	9.214155924837432e-12
9.0547	9.204875160705705e-12
9.0625	9.20377647909883e-12
9.0703	9.202644434073457e-12
9.0781	9.20153064951153e-12
9.0859	9.200383738064724e-12
9.0938	9.205271926636427e-12
9.1016	9.204039182367106e-12
9.1094	9.199381712039948e-12
9.1172	9.198146512429015e-12
9.125	9.188372513405326e-12
9.1328	9.187101427671521e-12
9.1406	9.185798746555004e-12
9.1484	9.184514609841609e-12
9.1562	9.188863658161992e-12
9.1641	9.187298099456001e-12
9.1719	9.185902507312444e-12
9.1797	9.184476436426633e-12
9.1875	9.183069180777528e-12
9.1953	9.18168052512312e-12
9.2031	9.17143996519273e-12
9.2109	9.173615373635772e-12
9.2188	9.171905836222404e-12
9.2266	9.17552983055927e-12
9.2344	9.177550621289841e-12
9.2422	9.176020901001363e-12
9.25	9.174414368450098e-12
9.2578	9.172826954127362e-12
9.2656	9.171210987408318e-12
9.2734	9.160526196471964e-12
9.2812	9.158882580003468e-12
9.2891	9.161624026558822e-12
9.2969	9.163425799192747e-12
9.3047	9.16522330246734e-12
9.3125	9.167016468299843e-12
9.3203	9.168805229640516e-12
9.3281	9.1670311144843e-12
9.3359	9.168731319591713e-12
9.3438	9.157371295556701e-12
9.3516	9.163092422570473e-12
9.3594	9.158788035170273e-12
9.3672	9.160387547952372e-12
9.375	9.159671447519802e-12
9.3828	9.159374046459356e-12
9.3906	9.15498598677993e-12
9.3984	9.151036455594776e-12
9.4062	9.150209366876331e-12
9.4141	9.14870922578916e-12
9.4219	9.148264554700326e-12
9.4297	9.143792475535502e-12
9.4375	9.142849575040507e-12
9.4453	9.142316341343847e-12
9.4531	9.141309825554173e-12
9.4609	9.140272598762264e-12
9.4688	9.141631632740898e-12
9.4766	9.145746301023157e-12
9.4844	9.137220436045481e-12
9.4922	9.138224139012356e-12
9.5	9.139615220422884e-12
9.5078	9.133656139527615e-12
9.5156	9.124265226833033e-12
9.5234	9.118739599498972e-12
9.5312	9.109370211640192e-12
9.5391	9.110463442063511e-12
9.5469	9.110431233022488e-12
9.5547	9.10148563211343e-12
9.5625	9.102253313461277e-12
9.5703	9.103399823979923e-12
9.5781	9.104502580740595e-12
9.5859	9.10514466406615e-12
9.5938	9.102644945599321e-12
9.6016	9.103631243859133e-12
9.6094	9.10994569917485e-12
9.6172	9.108771231617453e-12
9.625	9.10715792622637e-12
9.6328	9.097740864541571e-12
9.6406	9.096508528458227e-12
9.6484	9.095248360369922e-12
9.6562	9.089090127636818e-12
9.6641	9.087601911377753e-12
9.6719	9.089098610188664e-12
9.6797	9.085322748443452e-12
9.6875	9.083940533283304e-12
9.6953	9.080532742137209e-12
9.7031	9.070728724145775e-12
9.7109	9.066912133086231e-12
9.7188	9.060912850662973e-12
9.7266	9.054703036498934e-12
9.7344	9.053625520793515e-12
9.7422	9.047404129418617e-12
9.75	9.041576151648226e-12
9.7578	9.040053931694612e-12
9.7656	9.036164722184967e-12
9.7734	9.026422921973038e-12
9.7812	9.022527157242074e-12
9.7891	9.018823292974717e-12
9.7969	9.016835691619711e-12
9.8047	9.01097441628407e-12
9.8125	9.004728132305365e-12
9.8203	9.00499748786646e-12
9.8281	8.999119695273458e-12
9.8359	8.993241374279297e-12
9.8438	8.982616794142186e-12
9.8516	8.976749278552283e-12
9.8594	8.970502867970854e-12
9.8672	8.968409905541159e-12
9.875	8.966672379053448e-12
9.8828	8.960784591713251e-12
9.8906	8.954896620814412e-12
9.8984	8.948635066777122e-12
9.9062	8.942747789248639e-12
9.9141	8.932220006463359e-12
9.9219	8.925973140989868e-12
9.9297	8.923796716770576e-12
9.9375	8.917543592273915e-12
9.9453	8.911660364196326e-12
9.9531	8.905777275138788e-12
9.9609	8.89952819810754e-12
9.9688	8.893467984052796e-12
9.9766	8.88758671362753e-12
9.9844	8.881342264685918e-12
9.9922	8.874374686590778e-12
10	8.868136236537596e-12
10.008	8.861906622840067e-12
10.016	8.85567848857025e-12
10.023	8.850858645184274e-12
10.031	8.844631819267034e-12
10.039	8.83840658031605e-12
10.047	8.831826474529207e-12
10.055	8.828805333822089e-12
10.062	8.819364901910492e-12
10.07	8.817042112297022e-12
10.078	8.81470014084888e-12
10.086	8.812690931592857e-12
10.094	8.806099971356741e-12
10.102	8.79986273913654e-12
10.109	8.799208485185396e-12
10.117	8.799925731855483e-12
10.125	8.793318351951051e-12
10.133	8.782211570901049e-12
10.141	8.775968393320693e-12
10.148	8.771110973485515e-12
10.156	8.764870446141225e-12
10.164	8.762749676161511e-12
10.172	8.756161440628602e-12
10.18	8.749918594326968e-12
10.188	8.746061747380072e-12
10.195	8.741532500463455e-12
10.203	8.730203649341055e-12
10.211	8.72769460596132e-12
10.219	8.728202434330344e-12
10.227	8.724978543280059e-12
10.234	8.723110920195268e-12
10.242	8.71986007481548e-12
10.25	8.72126325376698e-12
10.258	8.71797416771799e-12
10.266	8.71434114327939e-12
10.273	8.707432803239334e-12
10.281	8.70411992933753e-12
10.289	8.700465820608293e-12
10.297	8.69712950059788e-12
10.305	8.691490277259586e-12
10.312	8.694391041549792e-12
10.32	8.690685432993361e-12
10.328	8.687294487325695e-12
10.336	8.683568294536753e-12
10.344	8.680155221293002e-12
10.352	8.671255812393641e-12
10.359	8.667258679740098e-12
10.367	8.66158634099078e-12
10.375	8.6603914994344e-12
10.383	8.654709053316526e-12
10.391	8.65093585973724e-12
10.398	8.646912714731974e-12
10.406	8.643440869084148e-12
10.414	8.637748206723774e-12
10.422	8.62859032471632e-12
10.43	8.6229073342306e-12
10.438	8.62130122177522e-12
10.445	8.617259637588032e-12
10.453	8.611566701900877e-12
10.461	8.60587459220723e-12
10.469	8.600183341569276e-12
10.477	8.59449298276841e-12
10.484	8.590442085728932e-12
10.492	8.581358396347828e-12
10.5	8.57567666305749e-12
10.508	8.573679568889003e-12
10.516	8.567991099008662e-12
10.523	8.563931145800065e-12
10.531	8.558242568520804e-12
10.539	8.552859198475495e-12
10.547	8.547172240197651e-12
10.555	8.54148649904145e-12
10.562	8.533794199425878e-12
10.57	8.531431641978225e-12
10.578	8.525748144936892e-12
10.586	8.520065983988353e-12
10.594	8.514385187936e-12
10.602	8.509004205529659e-12
10.609	8.50492863986909e-12
10.617	8.499249133386477e-12
10.625	8.493571110653105e-12
10.633	8.487303211354014e-12
10.641	8.481629620586024e-12
10.648	8.477549693701645e-12
10.656	8.471876992222795e-12
10.664	8.46620590899662e-12
10.672	8.46082879267877e-12
10.68	8.45516034546461e-12
10.688	8.449493597364191e-12
10.695	8.448600806996485e-12
10.703	8.442927897315793e-12
10.711	8.43321139303897e-12
10.719	8.427551469924352e-12
10.727	8.419879284914095e-12
10.734	8.415795523323084e-12
10.742	8.410143553765149e-12
10.75	8.404493467981303e-12
10.758	8.401696512341457e-12
10.766	8.39604371395276e-12
10.773	8.392234449669233e-12
10.781	8.382334323772308e-12
10.789	8.376694411312596e-12
10.797	8.371056518868525e-12
10.805	8.365702025414756e-12
10.812	8.361614112628139e-12
10.82	8.355979591412891e-12
10.828	8.350906130416971e-12
10.836	8.343322577289802e-12
10.844	8.337697641994284e-12
10.852	8.327909464859878e-12
10.859	8.323831214916283e-12
10.867	8.31822012339494e-12
10.875	8.312611239337198e-12
10.883	8.30727988264913e-12
10.891	8.303871936056395e-12
10.898	8.297868758336542e-12
10.906	8.290350995726992e-12
10.914	8.286664623703705e-12
10.922	8.276709031525903e-12
10.93	8.273024815475493e-12
10.938	8.265538568973214e-12
10.945	8.259571874719599e-12
10.953	8.254264750608615e-12
10.961	8.246803056060439e-12
10.969	8.239082833453532e-12
10.977	8.233789688464216e-12
10.984	8.227585553795626e-12
10.992	8.217753426944246e-12
11	8.21034291762901e-12
11.008	8.202942758665294e-12
11.016	8.197413413862315e-12
11.023	8.191516237332471e-12
11.031	8.184140897928852e-12
11.039	8.176775854893466e-12
11.047	8.171266662039769e-12
11.055	8.163918479121746e-12
11.062	8.157792694891659e-12
11.07	8.148103836770367e-12
11.078	8.14262061475938e-12
11.086	8.135051439853535e-12
11.094	8.12775405544351e-12
11.102	8.120466838127884e-12
11.109	8.114650488053579e-12
11.117	8.107381194499143e-12
11.125	8.099863458825148e-12
11.133	8.092614900616872e-12
11.141	8.082800564041894e-12
11.148	8.078826056181397e-12
11.156	8.071350285280854e-12
11.164	8.064141658591097e-12
11.172	8.056943047631202e-12
11.18	8.049499337051517e-12
11.188	8.042321208242701e-12
11.195	8.034555175269207e-12
11.203	8.023084409996072e-12
11.211	8.014932816044649e-12
11.219	8.00350637848294e-12
11.227	7.992104358555908e-12
11.234	7.982147566550648e-12
11.242	7.970791142497986e-12
11.25	7.9654956908167e-12
11.258	7.958195306541552e-12
11.266	7.951156060484946e-12
11.273	7.947035926079485e-12
11.281	7.937266080819424e-12
11.289	7.93199940397962e-12
11.297	7.924995582742366e-12
11.305	7.917753324270989e-12
11.312	7.912167930701842e-12
11.32	7.906921022420197e-12
11.328	7.899950505666501e-12
11.336	7.89422012976709e-12
11.344	7.888985490192265e-12
11.352	7.879341500659569e-12
11.359	7.873550127790094e-12
11.367	7.866625117590165e-12
11.375	7.859465797483254e-12
11.383	7.852560235130159e-12
11.391	7.845664135933535e-12
11.398	7.841365135799954e-12
11.406	7.834241465540554e-12
11.414	7.827369630535365e-12
11.422	7.820507204594966e-12
11.43	7.810766998086271e-12
11.438	7.803688704421818e-12
11.445	7.798222953316438e-12
11.453	7.791401837348566e-12
11.461	7.785545379751582e-12
11.469	7.780409417511569e-12
11.477	7.773373332383554e-12
11.484	7.767937497284619e-12
11.492	7.761156156992913e-12
11.5	7.751308391635152e-12
11.508	7.74455141529837e-12
11.516	7.737803648182158e-12
11.523	7.732171650718759e-12
11.531	7.726380096721909e-12
11.539	7.719656430078747e-12
11.547	7.71270794844033e-12
11.555	7.706003020794912e-12
11.562	7.70040597317154e-12
11.57	7.690924834054068e-12
11.578	7.684018550176483e-12
11.586	7.677354110573761e-12
11.594	7.669772810534729e-12
11.602	7.66289714735629e-12
11.609	7.657581070480752e-12
11.617	7.650722631399643e-12
11.625	7.642265215354625e-12
11.633	7.63542943894236e-12
11.641	7.625854914825623e-12
11.648	7.620580788233323e-12
11.656	7.614689989079628e-12
11.664	7.608122027727293e-12
11.672	7.601335552960383e-12
11.68	7.594785758304925e-12
11.688	7.588018264824356e-12
11.695	7.58278316264899e-12
11.703	7.574226359544202e-12
11.711	7.564783618350806e-12
11.719	7.55716031062093e-12
11.727	7.548650983473995e-12
11.734	7.541667027315284e-12
11.742	7.534978485344214e-12
11.75	7.526734346946594e-12
11.758	7.520290886276975e-12
11.766	7.511850803471246e-12
11.773	7.50670343403643e-12
11.781	7.500731720214724e-12
11.789	7.4912203676694e-12
11.797	7.483056083977262e-12
11.805	7.474906513523336e-12
11.812	7.467815264902969e-12
11.82	7.46145551292881e-12
11.828	7.45488438591045e-12
11.836	7.446786105294801e-12
11.844	7.438483208994034e-12
11.852	7.431070746043553e-12
11.859	7.422737729683908e-12
11.867	7.41469698092794e-12
11.875	7.408195202173007e-12
11.883	7.40018076974293e-12
11.891	7.39196359920689e-12
11.898	7.385219420465593e-12
11.906	7.377246068451834e-12
11.914	7.369719079221022e-12
11.922	7.363283288589355e-12
11.93	7.354057386080536e-12
11.938	7.345924711445421e-12
11.945	7.339250180662492e-12
11.953	7.331144511984663e-12
11.961	7.323267588233242e-12
11.969	7.315190969201054e-12
11.977	7.309475563801277e-12
11.984	7.302856074299047e-12
11.992	7.296518120596734e-12
12	7.287217298561663e-12
12.008	7.27751071649047e-12
12.016	7.269728941171927e-12
12.023	7.262957601417577e-12
12.031	7.255201558851499e-12
12.039	7.2459840332841865e-12
12.047	7.238047267485299e-12
12.055	7.230334891277601e-12
12.062	7.2236239383211615e-12
12.07	7.214680027838504e-12
12.078	7.208472683621503e-12
12.086	7.198932935870913e-12
12.094	7.189412113059374e-12
12.102	7.1786602170607966e-12
12.109	7.170362901507234e-12
12.117	7.1625602833966796e-12
12.125	7.15311177551787e-12
12.133	7.145339610482629e-12
12.141	7.137788187744547e-12
12.148	7.129977816032478e-12
12.156	7.1222467503089326e-12
12.164	7.114735430738984e-12
12.172	7.1074428506320345e-12
12.18	7.099957385985013e-12
12.188	7.0922799755664775e-12
12.195	7.08577815037814e-12
12.203	7.078330378489569e-12
12.211	7.070691488463316e-12
12.219	7.060212964556379e-12
12.227	7.0509771379401456e-12
12.234	7.04148711870061e-12
12.242	7.032287071185415e-12
12.25	7.023105042366894e-12
12.258	7.0139409852218615e-12
12.266	7.004794852880435e-12
12.273	6.996806654292498e-12
12.281	6.987694005160008e-12
12.289	6.977389649392787e-12
12.297	6.9669045992303815e-12
12.305	6.957848586409807e-12
12.312	6.94993905189332e-12
12.32	6.940916087506079e-12
12.328	6.931910683215731e-12
12.336	6.9229227934855675e-12
12.344	6.913952372926389e-12
12.352	6.90499937629593e-12
12.359	6.894786984763267e-12
12.367	6.8858696312578485e-12
12.375	6.876969566423107e-12
12.383	6.868086745596308e-12
12.391	6.859221124258829e-12
12.398	6.851477779656439e-12
12.406	6.8426442878693055e-12
12.414	6.8338278683783224e-12
12.422	6.823646432876314e-12
12.43	6.813682497000121e-12
12.438	6.804920327841069e-12
12.445	6.797267287149056e-12
12.453	6.788536752881294e-12
12.461	6.7798230283041546e-12
12.469	6.7711260702916906e-12
12.477	6.7624458358561536e-12
12.484	6.7548643155950544e-12
12.492	6.7450435281295645e-12
12.5	6.736412635183389e-12
12.508	6.726629296176648e-12
12.516	6.7180329656857475e-12
12.523	6.710524686902933e-12
12.531	6.701959199543516e-12
12.539	6.693410101538222e-12
12.547	6.684877351100795e-12
12.555	6.675200439422537e-12
12.562	6.667763186714936e-12
12.57	6.659278678985947e-12
12.578	6.649653927300338e-12
12.586	6.641203216252648e-12
12.594	6.632768604350687e-12
12.602	6.622813702344334e-12
12.609	6.615462314063762e-12
12.617	6.605925949018597e-12
12.625	6.597556734941917e-12
12.633	6.589203415548387e-12
12.641	6.580865950614223e-12
12.648	6.572439316363889e-12
12.656	6.562799304902992e-12
12.664	6.55451032650051e-12
12.672	6.544716429390984e-12
12.68	6.535321464856074e-12
12.688	6.527082800103066e-12
12.695	6.518560502101209e-12
12.703	6.509027828382419e-12
12.711	6.499324627085533e-12
12.719	6.488695790356217e-12
12.727	6.479220039114839e-12
12.734	6.472098620179021e-12
12.742	6.46284445373596e-12
12.75	6.4547367619465424e-12
12.758	6.446644317342319e-12
12.766	6.438567081715782e-12
12.773	6.431511946711994e-12
12.781	6.423463125353507e-12
12.789	6.414307727166475e-12
12.797	6.406290469639123e-12
12.805	6.398288233905482e-12
12.812	6.390367043905923e-12
12.82	6.382394035269875e-12
12.828	6.374435938742808e-12
12.836	6.3664927171605955e-12
12.844	6.3585643334748115e-12
12.852	6.3506507507523e-12
12.859	6.342628624681559e-12
12.867	6.3332658071660116e-12
12.875	6.322997851075469e-12
12.883	6.313671960868765e-12
12.891	6.304363998798868e-12
12.898	6.296050089085223e-12
12.906	6.2867758051327236e-12
12.914	6.277519318793137e-12
12.922	6.268280585062729e-12
12.93	6.2590595590784126e-12
12.938	6.2493065890989565e-12
12.945	6.241268582200934e-12
12.953	6.232098766723852e-12
12.961	6.2229464854390705e-12
12.969	6.2138116941641216e-12
12.977	6.204694348854111e-12
12.984	6.196548785297987e-12
12.992	6.187646195966582e-12
13	6.1776697080122036e-12
13.008	6.168983733032645e-12
13.016	6.160132801797474e-12
13.023	6.152062120216177e-12
13.031	6.143061932998774e-12
13.039	6.1340788540026815e-12
13.047	6.1227625556864385e-12
13.055	6.113815889675732e-12
13.062	6.100042381715394e-12
13.07	6.088786588288732e-12
13.078	6.078092729670885e-12
13.086	6.066877775888172e-12
13.094	6.055503102507948e-12
13.102	6.044329203774428e-12
13.109	6.034096195306612e-12
13.117	6.022960767484122e-12
13.125	6.011845629478515e-12
13.133	5.99751494902401e-12
13.141	5.986442132352351e-12
13.148	5.976837282228843e-12
13.156	5.965802112677857e-12
13.164	5.954966367787386e-12
13.172	5.943971086982196e-12
13.18	5.9329957236842156e-12
13.188	5.922040225169803e-12
13.195	5.908956572086293e-12
13.203	5.898040200696006e-12
13.211	5.8871435367724126e-12
13.219	5.8769816634632975e-12
13.227	5.86630251842115e-12
13.234	5.856349102023964e-12
13.242	5.8455280727778024e-12
13.25	5.834726499096423e-12
13.258	5.8210910282521724e-12
13.266	5.8105080891913914e-12
13.273	5.800640026953636e-12
13.281	5.790093210685426e-12
13.289	5.779387401895457e-12
13.297	5.769590137651908e-12
13.305	5.758922085213791e-12
13.312	5.749314430931589e-12
13.32	5.736017730501155e-12
13.328	5.7254059387328404e-12
13.336	5.7149905242242895e-12
13.344	5.704593761680216e-12
13.352	5.694038331236718e-12
13.359	5.684529774205993e-12
13.367	5.675072136602009e-12
13.375	5.6645700689357115e-12
13.383	5.6516097775526316e-12
13.391	5.641323075205483e-12
13.398	5.631718516917788e-12
13.406	5.621466466452793e-12
13.414	5.61123264072608e-12
13.422	5.6010169922485206e-12
13.43	5.590819473666448e-12
13.438	5.5815214187603135e-12
13.445	5.5721883204500435e-12
13.453	5.559576582730469e-12
13.461	5.549449996697761e-12
13.469	5.539341307952721e-12
13.477	5.529250469929893e-12
13.484	5.519996092691184e-12
13.492	5.509938840898854e-12
13.5	5.499899305887503e-12
13.508	5.4898774416003215e-12
13.516	5.475661424223938e-12
13.523	5.4654323936974175e-12
13.531	5.454586948566827e-12
13.539	5.4437597898180554e-12
13.547	5.432950866863646e-12
13.555	5.422160129244207e-12
13.562	5.412185578099874e-12
13.57	5.401429004682661e-12
13.578	5.388413812055693e-12
13.586	5.3787446010116354e-12
13.594	5.368917385882152e-12
13.602	5.35928216379354e-12
13.609	5.350275237282225e-12
13.617	5.3406719568139225e-12
13.625	5.330037663703539e-12
13.633	5.320293954345882e-12
13.641	5.3084730686845686e-12
13.648	5.2997151765669176e-12
13.656	5.2903698843520795e-12
13.664	5.279820956052433e-12
13.672	5.269463741771928e-12
13.68	5.259820486710869e-12
13.688	5.249497553225622e-12
13.695	5.239782920519322e-12
13.703	5.226359670679961e-12
13.711	5.216087471776373e-12
13.719	5.205832331091115e-12
13.727	5.196637528831084e-12
13.734	5.187171281608931e-12
13.742	5.176964735883532e-12
13.75	5.1666013579767524e-12
13.758	5.156428585520914e-12
13.766	5.146272599132496e-12
13.773	5.133927924380056e-12
13.781	5.1238045008662025e-12
13.789	5.113697723971502e-12
13.797	5.1048217221171974e-12
13.805	5.094747684858381e-12
13.812	5.085426457953196e-12
13.82	5.075383520519689e-12
13.828	5.065530228272514e-12
13.836	5.052748752845153e-12
13.844	5.042755823169475e-12
13.852	5.032779178849612e-12
13.859	5.023543646929532e-12
13.867	5.014981793294622e-12
13.875	5.005224381698247e-12
13.883	4.995310085364727e-12
13.891	4.985411858839029e-12
13.898	4.973653040070533e-12
13.906	4.963958640127879e-12
13.914	4.954107291027163e-12
13.922	4.944444550684585e-12
13.93	4.934624888421587e-12
13.938	4.926374248334891e-12
13.945	4.917463362741889e-12
13.953	4.907688653873801e-12
13.961	4.8955152393160235e-12
13.969	4.885945018296577e-12
13.977	4.876390278373508e-12
13.984	4.8675470621889855e-12
13.992	4.8578491009095956e-12
14	4.8483388527765824e-12
14.008	4.8388439214979066e-12
14.016	4.830913214150785e-12
14.023	4.81972670610165e-12
14.031	4.810276010372418e-12
14.039	4.800840467281405e-12
14.047	4.7914200354210825e-12
14.055	4.7820146734803674e-12
14.062	4.773303161754541e-12
14.07	4.763926097402218e-12
14.078	4.754563983687071e-12
14.086	4.746762089388921e-12
14.094	4.73519768630255e-12
14.102	4.7258803854478795e-12
14.109	4.717418106117718e-12
14.117	4.708128591006309e-12
14.125	4.698853785181915e-12
14.133	4.68976511105828e-12
14.141	4.68051955295998e-12
14.148	4.671948953069289e-12
14.156	4.662388172857895e-12
14.164	4.6531846865464256e-12
14.172	4.644166920301895e-12
14.18	4.634992289839348e-12
14.188	4.626003198369853e-12
14.195	4.61767889668531e-12
14.203	4.6085455788390976e-12
14.211	4.598742406261716e-12
14.219	4.5862165164617664e-12
14.227	4.5783244274881746e-12
14.234	4.569890797958468e-12
14.242	4.5609985764551816e-12
14.25	4.552120339009842e-12
14.258	4.543256047682553e-12
14.266	4.534405664619095e-12
14.273	4.52620331833482e-12
14.281	4.51379213115673e-12
14.289	4.504299339759049e-12
14.297	4.496528540337639e-12
14.305	4.487063561891046e-12
14.312	4.4782382784301576e-12
14.32	4.469482340442322e-12
14.328	4.46074000850812e-12
14.336	4.452011245491962e-12
14.344	4.441419514297868e-12
14.352	4.4328888616096825e-12
14.359	4.424817287980545e-12
14.367	4.4161413328013316e-12
14.375	4.40935345098961e-12
14.383	4.400874079906084e-12
14.391	4.392237637592868e-12
14.398	4.3843936863753266e-12
14.406	4.374079615765336e-12
14.414	4.365481759536527e-12
14.422	4.357067274759739e-12
14.43	4.348495680325421e-12
14.438	4.340107294325885e-12
14.445	4.3333520289978655e-12
14.453	4.324307745561659e-12
14.461	4.315106641238767e-12
14.469	4.306088703448115e-12
14.477	4.294533619892195e-12
14.484	4.286133923490198e-12
14.492	4.2769838408400346e-12
14.5	4.268016814475642e-12
14.508	4.259062730679132e-12
14.516	4.2519911926024485e-12
14.523	4.243647030479381e-12
14.531	4.2347298065427696e-12
14.539	4.223446066849333e-12
14.547	4.214554616259352e-12
14.555	4.2056758766503545e-12
14.562	4.197386234750314e-12
14.57	4.188531269060754e-12
14.578	4.18036863642654e-12
14.586	4.174256389615349e-12
14.594	4.166117912504303e-12
14.602	4.1566337795839114e-12
14.609	4.149088105921084e-12
14.617	4.141154969788326e-12
14.625	4.132385542774974e-12
14.633	4.1243071367120884e-12
14.641	4.116410452970085e-12
14.648	4.108917158428044e-12
14.656	4.103077172282885e-12
14.664	4.093689438852713e-12
14.672	4.085839071161852e-12
14.68	4.077831174361547e-12
14.688	4.070004556195017e-12
14.695	4.062573287777972e-12
14.703	4.054768928546852e-12
14.711	4.046976313717937e-12
14.719	4.0390261918094755e-12
14.727	4.029903333857457e-12
14.734	4.024891379805884e-12
14.742	4.016974825712561e-12
14.75	4.0092389939087714e-12
14.758	4.001514722323654e-12
14.766	3.993801979799564e-12
14.773	3.986640400259462e-12
14.781	3.978949290013417e-12
14.789	3.971100739916595e-12
14.797	3.961574801608762e-12
14.805	3.955438043712501e-12
14.812	3.9483256898814376e-12
14.82	3.940015138796975e-12
14.828	3.932391146953763e-12
14.836	3.924778409966799e-12
14.844	3.916502103665808e-12
14.852	3.909080603123216e-12
14.859	3.899496048135992e-12
14.867	3.89125238629731e-12
14.875	3.88538181887175e-12
14.883	3.877835095031911e-12
14.891	3.869793633724595e-12
14.898	3.862113147679179e-12
14.906	3.8545984052345775e-12
14.914	3.847263164689512e-12
14.922	3.838759041035358e-12
14.93	3.8312772238297545e-12
14.938	3.823974756222228e-12
14.945	3.819383310260793e-12
14.953	3.811932238373457e-12
14.961	3.80466025143791e-12
14.969	3.7972306752115215e-12
14.977	3.789980056126805e-12
14.984	3.78223553102718e-12
14.992	3.774836886701905e-12
15	3.7676170753183236e-12
15.008	3.760407800920705e-12
15.016	3.7553940163844395e-12
15.023	3.748704276019573e-12
15.031	3.741524759542427e-12
15.039	3.734187728823494e-12
15.047	3.726189415289914e-12
15.055	3.719041316636851e-12
15.062	3.71239646288182e-12
15.07	3.705099943674757e-12
15.078	3.697981625891841e-12
15.086	3.690873572168874e-12
15.094	3.686123925124886e-12
15.102	3.6790358604058155e-12
15.109	3.672444060013458e-12
15.117	3.665542741642121e-12
15.125	3.658483930552573e-12
15.133	3.651435225703661e-12
15.141	3.6443965996558595e-12
15.148	3.637848284867806e-12
15.156	3.631833164769397e-12
15.164	3.627165844622076e-12
15.172	3.6201654932520627e-12
15.18	3.6125061732225065e-12
15.188	3.6055258148313325e-12
15.195	3.5990290183382457e-12
15.203	3.5922344385625495e-12
15.211	3.5861181306546977e-12
15.219	3.5801782064711203e-12
15.227	3.5742474665943043e-12
15.234	3.570129375727673e-12
15.242	3.5633813793440465e-12
15.25	3.557476823776466e-12
15.258	3.550747958745545e-12
15.266	3.5446953171933785e-12
15.273	3.5384488355279233e-12
15.281	3.531747484196311e-12
15.289	3.5248891112272447e-12
15.297	3.5182068496362643e-12
15.305	3.5131987069742046e-12
15.312	3.5068266911436228e-12
15.32	3.500171432871158e-12
15.328	3.493525594424474e-12
15.336	3.4867228191747654e-12
15.344	3.4800957754015547e-12
15.352	3.4734780756850994e-12
15.359	3.4673211543861463e-12
15.367	3.4600559620229246e-12
15.375	3.4557917425863707e-12
15.383	3.450040185376037e-12
15.391	3.444297366608054e-12
15.398	3.4390099049943637e-12
15.406	3.4332835265733582e-12
15.414	3.427565827523406e-12
15.422	3.421856787532318e-12
15.43	3.416322054306749e-12
15.438	3.4099677532215726e-12
15.445	3.4047256109430123e-12
15.453	3.400705006361879e-12
15.461	3.3950375324124e-12
15.469	3.3893786004880675e-12
15.477	3.3838934238096027e-12
15.484	3.3786878181589186e-12
15.492	3.3730533743887373e-12
15.5	3.366932197533775e-12
15.508	3.361314858561477e-12
15.516	3.355870888112177e-12
15.523	3.3521857222139842e-12
15.531	3.3467567663875283e-12
15.539	3.3411713610139716e-12
15.547	3.3355943062269268e-12
15.555	3.330190137904453e-12
15.562	3.3245633876171907e-12
15.57	3.319010461207765e-12
15.578	3.3136302123231227e-12
15.586	3.308093752361405e-12
15.594	3.3042078603802625e-12
15.602	3.2988513564504415e-12
15.609	3.293760857249615e-12
15.617	3.288419639851881e-12
15.625	3.282430624557921e-12
15.633	3.277089341143072e-12
15.641	3.2716905308678622e-12
15.648	3.2667172492041174e-12
15.656	3.261333606183751e-12
15.664	3.257577871405474e-12
15.672	3.2522259422327767e-12
15.68	3.246865628143739e-12
15.688	3.2411211032386593e-12
15.695	3.2362055158853124e-12
15.703	3.2308845985471113e-12
15.711	3.2255715699825696e-12
15.719	3.220266411992448e-12
15.727	3.2149691064195652e-12
15.734	3.2117342369704163e-12
15.742	3.2064673593827035e-12
15.75	3.2011919855910953e-12
15.758	3.1955825017627718e-12
15.766	3.1903390852425714e-12
15.773	3.185507284966306e-12
15.781	3.1802784545935627e-12
15.789	3.1750735846132327e-12
15.797	3.169860134161472e-12
15.805	3.164670596210252e-12
15.812	3.1615283255791747e-12
15.82	3.1560279989920125e-12
15.828	3.1508599598136358e-12
15.836	3.1456995083508955e-12
15.844	3.1405628372539882e-12
15.852	3.1354175028593063e-12
15.859	3.1314033860923297e-12
15.867	3.126271985068202e-12
15.875	3.1211642717294034e-12
15.883	3.1174226548269933e-12
15.891	3.112329358760881e-12
15.898	3.10765057493232e-12
15.906	3.1025713050150213e-12
15.914	3.0975155931595146e-12
15.922	3.0924511202131794e-12
15.93	3.0881200571526417e-12
15.938	3.083070049882572e-12
15.945	3.0788648684508464e-12
15.953	3.07552003676733e-12
15.961	3.070522595417726e-12
15.969	3.0655163350837755e-12
15.977	3.0605334310999704e-12
15.984	3.056615513245569e-12
15.992	3.052353152644156e-12
16	3.0480812510182197e-12
16.008	3.043575109468182e-12
16.016	3.0393163870770627e-12
16.023	3.0364369826834232e-12
16.031	3.031501007235601e-12
16.039	3.026572168304578e-12
16.047	3.0216664610635774e-12
16.055	3.016751840616715e-12
16.062	3.0122353487041984e-12
16.07	3.007350081267137e-12
16.078	3.002263984730328e-12
16.086	2.9973928688020024e-12
16.094	2.9942220870379095e-12
16.102	2.9893643662039296e-12
16.109	2.984900141353855e-12
16.117	2.9800555819478813e-12
16.125	2.975233925505818e-12
16.133	2.970419195765543e-12
16.141	2.9654360616403038e-12
16.148	2.9610019005909247e-12
16.156	2.9562071450773274e-12
16.164	2.9531225221112095e-12
16.172	2.9483408718300133e-12
16.18	2.9435819607700973e-12
16.188	2.938829859678216e-12
16.195	2.9344310160086665e-12
16.203	2.929548742485774e-12
16.211	2.92483215595564e-12
16.219	2.9201064315314825e-12
16.227	2.915387441875485e-12
16.234	2.9110337728306236e-12
16.242	2.9080400030645315e-12
16.25	2.9033556164098325e-12
16.258	2.898677896622485e-12
16.266	2.893895979045014e-12
16.273	2.8895866932081845e-12
16.281	2.8849281763807047e-12
16.289	2.8802762679148493e-12
16.297	2.8756467685091742e-12
16.305	2.8710080265977046e-12
16.312	2.8684496924940284e-12
16.32	2.863838518918213e-12
16.328	2.859139155645352e-12
16.336	2.8545568357113177e-12
16.344	2.8499652271630433e-12
16.352	2.845380101754718e-12
16.359	2.8411487629941766e-12
16.367	2.836591592482539e-12
16.375	2.8320250967485392e-12
16.383	2.8291969931294257e-12
16.391	2.824658479814017e-12
16.398	2.8204231316779713e-12
16.406	2.815896679406439e-12
16.414	2.811376589208564e-12
16.422	2.8081040881331394e-12
16.43	2.803596255785094e-12
16.438	2.8003345910956078e-12
16.445	2.797418026945924e-12
16.453	2.794651295611427e-12
16.461	2.7913564522706725e-12
16.469	2.7881134945851064e-12
16.477	2.7848754161456567e-12
16.484	2.7819797135314846e-12
16.492	2.778750809329987e-12
16.5	2.775526756534515e-12
16.508	2.7723075455340354e-12
16.516	2.769093166741037e-12
16.523	2.7666851720565233e-12
16.531	2.7634795167786353e-12
16.539	2.760294199877568e-12
16.547	2.757098133519734e-12
16.555	2.7539068534390786e-12
16.562	2.751052532697383e-12
16.57	2.7478702524094093e-12
16.578	2.744692731212409e-12
16.586	2.7415044967230333e-12
16.594	2.7383364775173e-12
16.602	2.735682634595879e-12
16.609	2.7328527263446673e-12
16.617	2.7297133560564545e-12
16.625	2.726563264341474e-12
16.633	2.7234178681531475e-12
16.641	2.720292536919976e-12
16.648	2.717467557788967e-12
16.656	2.7143510169559636e-12
16.664	2.711223767266531e-12
16.672	2.7086071189733572e-12
16.68	2.705504092247285e-12
16.688	2.702390368202985e-12
16.695	2.6996199387444748e-12
16.703	2.6965149152486988e-12
16.711	2.6934297721234698e-12
16.719	2.690333941839037e-12
16.727	2.687257950522651e-12
16.734	2.684492091630916e-12
16.742	2.6819271883098676e-12
16.75	2.6788639474526723e-12
16.758	2.6757900358931216e-12
16.766	2.672735860993974e-12
16.773	2.670004540871278e-12
16.781	2.6669588702637152e-12
16.789	2.6639176970084756e-12
16.797	2.6608658662978602e-12
16.805	2.657833673073097e-12
16.812	2.6556208533644748e-12
16.82	2.6525967030981124e-12
16.828	2.649577008160764e-12
16.836	2.6465617598972825e-12
16.844	2.6435660254840177e-12
16.852	2.6405596332109086e-12
16.859	2.637870567165411e-12
16.867	2.634872504158208e-12
16.875	2.6318638140838847e-12
16.883	2.629385208215335e-12
16.891	2.626399957801e-12
16.898	2.6237295968437514e-12
16.906	2.620782568461465e-12
16.914	2.6178099110485227e-12
16.922	2.6148416090198968e-12
16.93	2.6118776539599206e-12
16.938	2.6089180374730074e-12
16.945	2.6062703392208864e-12
16.953	2.603333800336544e-12
16.961	2.6008934537311115e-12
16.969	2.597980010124411e-12
16.977	2.595041055824265e-12
16.984	2.592411641670477e-12
16.992	2.5894956321924547e-12
17	2.5870590332850644e-12
17.008	2.584625871855306e-12
17.016	2.5821961414402355e-12
17.023	2.5800729367621186e-12
17.031	2.577694001751561e-12
17.039	2.57527405797669e-12
17.047	2.572857520374264e-12
17.055	2.570444382554838e-12
17.062	2.568335670835787e-12
17.07	2.565928890440043e-12
17.078	2.5635254915409198e-12
17.086	2.5611254678067686e-12
17.094	2.5587288129207515e-12
17.102	2.55639420192784e-12
17.109	2.553819011212863e-12
17.117	2.5509636491993477e-12
17.125	2.5480977818017797e-12
17.133	2.5452506900719774e-12
17.141	2.5424077161626844e-12
17.148	2.5403324628878404e-12
17.156	2.5374822883539754e-12
17.164	2.5346799813298795e-12
17.172	2.532347984105079e-12
17.18	2.5295242866354637e-12
17.188	2.5267046620862005e-12
17.195	2.524647862725581e-12
17.203	2.5223003086127367e-12
17.211	2.5199560273023702e-12
17.219	2.517136619829749e-12
17.227	2.514842763744437e-12
17.234	2.5128002519393432e-12
17.242	2.510497916496443e-12
17.25	2.5081698786788875e-12
17.258	2.5058450776185802e-12
17.266	2.503523507318056e-12
17.273	2.5014947788335023e-12
17.281	2.4991792500908386e-12
17.289	2.4968956958860155e-12
17.297	2.494586561789854e-12
17.305	2.4922806294508334e-12
17.312	2.4902655604440954e-12
17.32	2.4880086019659086e-12
17.328	2.4857118020864837e-12
17.336	2.4834181811686046e-12
17.344	2.4811277333483796e-12
17.352	2.4788690044309143e-12
17.359	2.476870204451002e-12
17.367	2.474588820467989e-12
17.375	2.4723105870236558e-12
17.383	2.470035498319578e-12
17.391	2.467791971985929e-12
17.398	2.4658065634746175e-12
17.406	2.463540457619818e-12
17.414	2.461277474197943e-12
17.422	2.459045929503266e-12
17.43	2.4567891477664334e-12
17.438	2.45453547133621e-12
17.445	2.452566047304603e-12
17.453	2.4503181779859537e-12
17.461	2.4481156905065376e-12
17.469	2.4458739547431068e-12
17.477	2.4436352967014642e-12
17.484	2.44170711189047e-12
17.492	2.4394741836927505e-12
17.5	2.437244317096551e-12
17.508	2.4350175065073507e-12
17.516	2.4327937463434036e-12
17.523	2.430850454123621e-12
17.531	2.4286603683146153e-12
17.539	2.42644532163663e-12
17.547	2.424261222411267e-12
17.555	2.422052202675247e-12
17.562	2.4201217862629237e-12
17.57	2.4179184206903007e-12
17.578	2.4157180627829097e-12
17.586	2.413520707069159e-12
17.594	2.4113263480898932e-12
17.602	2.4091765962545844e-12
17.609	2.4072892874144877e-12
17.617	2.4051034508210498e-12
17.625	2.4029205900103925e-12
17.633	2.4007406995833527e-12
17.641	2.3985637741530066e-12
17.648	2.3966613923997624e-12
17.656	2.3944900118612443e-12
17.664	2.3923215808998913e-12
17.672	2.390183618011181e-12
17.68	2.3880485439098146e-12
17.688	2.38588887995161e-12
17.695	2.3840015763376028e-12
17.703	2.3818473987087546e-12
17.711	2.3796961395252684e-12
17.719	2.377164477043828e-12
17.727	2.3750193848495834e-12
17.734	2.3727484099825427e-12
17.742	2.3698578152844674e-12
17.75	2.3673671653490187e-12
17.758	2.3648390623179497e-12
17.766	2.3623281174775563e-12
17.773	2.3600726079050807e-12
17.781	2.3575682652834157e-12
17.789	2.3550674104257857e-12
17.797	2.352556443723996e-12
17.805	2.3497093645930268e-12
17.812	2.3474827669533372e-12
17.82	2.345022805025554e-12
17.828	2.3425391459813386e-12
17.836	2.340045390182734e-12
17.844	2.3375686347678545e-12
17.852	2.335095316724265e-12
17.859	2.3328731454276846e-12
17.867	2.330068559104113e-12
17.875	2.327605380542432e-12
17.883	2.3255233274186307e-12
17.891	2.3231071276050774e-12
17.898	2.3212903246252846e-12
17.906	2.3192165868619912e-12
17.914	2.317145626735878e-12
17.922	2.3147013140913866e-12
17.93	2.31192474661148e-12
17.938	2.3094874281606157e-12
17.945	2.307310606979944e-12
17.953	2.3048796273869964e-12
17.961	2.3024921671557027e-12
17.969	2.300067859565989e-12
17.977	2.2980211945345077e-12
17.984	2.296232602706576e-12
17.992	2.29387076248112e-12
18	2.291832219358078e-12
18.008	2.2897963924815237e-12
18.016	2.2877632770279332e-12
18.023	2.2856140766097257e-12
18.031	2.283214187476402e-12
18.039	2.280870728053837e-12
18.047	2.278477387758169e-12
18.055	2.2760873322153894e-12
18.062	2.2736474248981144e-12
18.07	2.2712637659450743e-12
18.078	2.2688833743647005e-12
18.086	2.266506244255977e-12
18.094	2.26413236973107e-12
18.102	2.2617617449152897e-12
18.109	2.2597099115558277e-12
18.117	2.2573453499089007e-12
18.125	2.2546808052273864e-12
18.133	2.2523229214612873e-12
18.141	2.2499814238961506e-12
18.148	2.247877673697678e-12
18.156	2.2455290582411244e-12
18.164	2.243196785383083e-12
18.172	2.2408545633942254e-12
18.18	2.2385811304089063e-12
18.188	2.2363238979554132e-12
18.195	2.2346035070763365e-12
18.203	2.2326397758528086e-12
18.211	2.2306786320323196e-12
18.219	2.228720071071328e-12
18.227	2.226764088436269e-12
18.234	2.225054715107167e-12
18.242	2.2231035546484373e-12
18.25	2.2205559460585236e-12
18.258	2.2186104366164223e-12
18.266	2.2166674828515853e-12
18.273	2.214644691844461e-12
18.281	2.212706802133056e-12
18.289	2.2104471759790342e-12
18.297	2.2081906073225336e-12
18.305	2.2059370907164923e-12
18.312	2.203318799200219e-12
18.32	2.2007867764935216e-12
18.328	2.1985426817339436e-12
18.336	2.196624651132324e-12
18.344	2.194386377106298e-12
18.352	2.191789845839671e-12
18.359	2.1897706090358466e-12
18.367	2.1875155378820458e-12
18.375	2.1852506299225613e-12
18.383	2.1820877832529308e-12
18.391	2.1795208327435415e-12
18.398	2.1772711373886056e-12
18.406	2.1747106227172086e-12
18.414	2.1725003435598812e-12
18.422	2.169946471261951e-12
18.43	2.1677167230912138e-12
18.438	2.1651694839844483e-12
18.445	2.1622705879528072e-12
18.453	2.1597429009312344e-12
18.461	2.1572057810942877e-12
18.469	2.1547616150352372e-12
18.477	2.1522311975569502e-12
18.484	2.149949538242665e-12
18.492	2.1474254680819243e-12
18.5	2.144904753508996e-12
18.508	2.141825792254044e-12
18.516	2.1393248400425817e-12
18.523	2.1370451859641e-12
18.531	2.134550511573212e-12
18.539	2.132148313758618e-12
18.547	2.12966020655912e-12
18.555	2.1271753989730694e-12
18.562	2.1249101029121097e-12
18.57	2.121884888091895e-12
18.578	2.1194098897011245e-12
18.586	2.116925467540224e-12
18.594	2.114457022541062e-12
18.602	2.111991841886424e-12
18.609	2.109870765968106e-12
18.617	2.10741167176578e-12
18.625	2.1049558251154466e-12
18.633	2.102300674210807e-12
18.641	2.1001930134682326e-12
18.648	2.0979717875340356e-12
18.656	2.0958696398004622e-12
18.664	2.0934293220850413e-12
18.672	2.090992218212987e-12
18.68	2.0886844712877448e-12
18.688	2.086581480329679e-12
18.695	2.0843893047407835e-12
18.703	2.081498392858593e-12
18.711	2.07941679398629e-12
18.719	2.077061213418701e-12
18.727	2.0747087370881814e-12
18.734	2.072241280459104e-12
18.742	2.069894846266264e-12
18.75	2.067551500153983e-12
18.758	2.0649979266180265e-12
18.766	2.061556949721762e-12
18.773	2.059116858929275e-12
18.781	2.056460425620609e-12
18.789	2.0538073730008804e-12
18.797	2.0511576948043923e-12
18.805	2.048511384778278e-12
18.812	2.0460859492078077e-12
18.82	2.0434459838356334e-12
18.828	2.040196323211195e-12
18.836	2.0375633020063027e-12
18.844	2.0349461207856575e-12
18.852	2.032319762733533e-12
18.859	2.0299119849280464e-12
18.867	2.027304390307206e-12
18.875	2.024687615061867e-12
18.883	2.0220866256087698e-12
18.891	2.0187528548210858e-12
18.898	2.0165218057485654e-12
18.906	2.0139305449722036e-12
18.914	2.011342557030657e-12
18.922	2.008757835889681e-12
18.93	2.006176375527285e-12
18.938	2.003598169933697e-12
18.945	2.001234464209196e-12
18.953	1.997953218316275e-12
18.961	1.9953846660477278e-12
18.969	1.992993410620136e-12
18.977	1.9904436721934382e-12
18.984	1.988094153094782e-12
18.992	1.98555047597944e-12
19	1.982997582808963e-12
19.008	1.980460300769628e-12
19.016	1.9779262049595828e-12
19.023	1.974908436829994e-12
19.031	1.9723682217771296e-12
19.039	1.970029494613098e-12
19.047	1.967507941684766e-12
19.055	1.9649895460292582e-12
19.062	1.9626802116025244e-12
19.07	1.960167763287135e-12
19.078	1.9576584555354227e-12
19.086	1.9544844337091206e-12
19.094	1.9519940183860483e-12
19.102	1.9494943561596094e-12
19.109	1.9473992848413575e-12
19.117	1.9449177773034695e-12
19.125	1.942439366411779e-12
19.133	1.9399517062052818e-12
19.141	1.937479476551395e-12
19.148	1.9345587444217487e-12
19.156	1.9320925850810706e-12
19.164	1.9296294942384235e-12
19.172	1.9271694662946505e-12
19.18	1.924700179038915e-12
19.188	1.922455554714222e-12
19.195	1.9202169695643453e-12
19.203	1.9177687173880496e-12
19.211	1.9146962378760515e-12
19.219	1.9122542960389585e-12
19.227	1.9098153784405138e-12
19.234	1.907590107074875e-12
19.242	1.9051568813328703e-12
19.25	1.9027389425560727e-12
19.258	1.9005326398096948e-12
19.266	1.8981206005952343e-12
19.273	1.894828722366916e-12
19.281	1.892189658036764e-12
19.289	1.8895537175569577e-12
19.297	1.8869208948617357e-12
19.305	1.8842911838961236e-12
19.312	1.8818594536465683e-12
19.32	1.8792355957310956e-12
19.328	1.876859811344489e-12
19.336	1.874242072334548e-12
19.344	1.870819281201536e-12
19.352	1.8682201530275533e-12
19.359	1.8658045908830962e-12
19.367	1.8632112391845574e-12
19.375	1.860620939523442e-12
19.383	1.858033685986484e-12
19.391	1.855449472670845e-12
19.398	1.8533038671046895e-12
19.406	1.849942895936811e-12
19.414	1.8473675616387118e-12
19.422	1.844807465599493e-12
19.43	1.8422381558333037e-12
19.438	1.839684066377907e-12
19.445	1.8373097182770635e-12
19.453	1.834761272484811e-12
19.461	1.8322158087078168e-12
19.469	1.829160681134044e-12
19.477	1.8266212944078355e-12
19.484	1.824272115961345e-12
19.492	1.821750514494182e-12
19.5	1.8192196639256092e-12
19.508	1.8166917609876123e-12
19.516	1.8141789901117504e-12
19.523	1.81184255912072e-12
19.531	1.8085796714019424e-12
19.539	1.8060755357726829e-12
19.547	1.8038545272927066e-12
19.555	1.8013561417111954e-12
19.562	1.799044576619126e-12
19.57	1.7965516595309875e-12
19.578	1.7940616338265083e-12
19.586	1.791574493922704e-12
19.594	1.7883601621640685e-12
19.602	1.7858911230917315e-12
19.609	1.7814035349888837e-12
19.617	1.7771494409160146e-12
19.625	1.7728484733884254e-12
19.633	1.7683173418223846e-12
19.641	1.7637020524473427e-12
19.648	1.7593404504191828e-12
19.656	1.7550210009155602e-12
19.664	1.7488515988520154e-12
19.672	1.7452214553146097e-12
19.68	1.7416797992988542e-12
19.688	1.7388162521184276e-12
19.695	1.736266952442626e-12
19.703	1.7340963580740251e-12
19.711	1.7331305385043037e-12
19.719	1.732753483342081e-12
19.727	1.736991987043971e-12
19.734	1.7398986018209417e-12
19.742	1.743462449870783e-12
19.75	1.7484294329376602e-12
19.758	1.7556323400132294e-12
19.766	1.7649971884122678e-12
19.773	1.7774855898855449e-12
19.781	1.7926293106484685e-12
19.789	1.811723043452893e-12
19.797	1.8102590988282866e-12
19.805	1.8087969278757019e-12
19.812	1.8075189810058294e-12
19.82	1.806060127973234e-12
19.828	1.8047870544703485e-12
19.836	1.8033315810985099e-12
19.844	1.8018778676701928e-12
19.852	1.8005979906826532e-12
19.859	1.799328846763884e-12
19.867	1.7978800389343243e-12
19.875	1.792824220668989e-12
19.883	1.7949876679156677e-12
19.891	1.7893914839738326e-12
19.898	1.7878580111347373e-12
19.906	1.786329757152918e-12
19.914	1.7845290483005143e-12
19.922	1.7828219730373841e-12
19.93	1.7811170209404325e-12
19.938	1.7794141885288111e-12
19.945	1.777891738364096e-12
19.953	1.7761928931678969e-12
19.961	1.7744961576618583e-12
19.969	1.772790147756241e-12
19.977	1.7712113581054358e-12
19.984	1.7696979630036793e-12
19.992	1.768009325926756e-12
20	1.766322781823204e-12
20.008	1.764638327273273e-12
20.016	1.7629559588641186e-12
20.023	1.7811254309929618e-12
20.031	1.7980938527191968e-12
20.039	1.8142455256500934e-12
20.047	1.8458074762759224e-12
20.055	1.8597013742707803e-12
20.062	1.873496056492938e-12
20.07	1.8864070249088895e-12
20.078	1.898865499794121e-12
20.086	1.9108819891032537e-12
20.094	1.9224971293426274e-12
20.102	1.933811071344211e-12
20.109	1.9572409203766177e-12
20.117	1.9676671604786148e-12
20.125	1.9780333955467085e-12
20.133	1.988183396748518e-12
20.141	1.998248002147976e-12
20.148	2.008234077291008e-12
20.156	2.017748883567023e-12
20.164	2.0269957148550936e-12
20.172	2.04604194315682e-12
20.18	2.0543313991511445e-12
20.188	2.0621849215454494e-12
20.195	2.0704664876240942e-12
20.203	2.0781143757626597e-12
20.211	2.085616035831647e-12
20.219	2.0927901135155892e-12
20.227	2.099641345047463e-12
20.234	2.1137295135701967e-12
20.242	2.11946507921227e-12
20.25	2.1249855963807574e-12
20.258	2.130204226429068e-12
20.266	2.1346790882908556e-12
20.273	2.1395171189210207e-12
20.281	2.1438526181402323e-12
20.289	2.1478111919568437e-12
20.297	2.1559606322173443e-12
20.305	2.158987714064408e-12
20.312	2.1619504203764056e-12
20.32	2.1645993902612254e-12
20.328	2.1668880147524862e-12
20.336	2.168300100652994e-12
20.344	2.17005007296564e-12
20.352	2.1715328207221972e-12
20.359	2.172877643516765e-12
20.367	2.1756317271317207e-12
20.375	2.17614878009032e-12
20.383	2.1766620799562418e-12
20.391	2.1770011709260717e-12
20.398	2.177380422652883e-12
20.406	2.176778754514149e-12
20.414	2.176601196376232e-12
20.422	2.1763374302527416e-12
20.43	2.1765801533443083e-12
20.438	2.1759752818728368e-12
20.445	2.17558294373039e-12
20.453	2.1748088004756634e-12
20.461	2.174118999002076e-12
20.469	2.1732609656943976e-12
20.477	2.171731233658962e-12
20.484	2.170918786563398e-12
20.492	2.1698949397963877e-12
20.5	2.106241457437338e-12
20.508	2.167682103707866e-12
20.516	2.1040766321054186e-12
20.523	2.103157521424622e-12
20.531	2.102034266548987e-12
20.539	2.1008261876662123e-12
20.547	2.099104841567144e-12
20.555	2.0977282448419065e-12
20.562	2.096642633535827e-12
20.57	2.1572111525461283e-12
20.578	2.094067108104649e-12
20.586	2.0926959552669157e-12
20.594	2.1531803409074366e-12
20.602	2.1517567487976064e-12
20.609	2.1505433733809036e-12
20.617	2.0870881949094028e-12
20.625	2.085129366035649e-12
20.633	2.083682661066941e-12
20.641	2.082152678065939e-12
20.648	2.080910793476455e-12
20.656	2.079383995986911e-12
20.664	2.0777742542272277e-12
20.672	2.1372909646848637e-12
20.68	2.074644923389255e-12
20.688	2.0724492487055093e-12
20.695	2.0704562575109836e-12
20.703	2.068856445907007e-12
20.711	2.0671741426216292e-12
20.719	2.065493816789952e-12
20.727	2.063815465336715e-12
20.734	2.062338003762467e-12
20.742	2.0605792432611026e-12
20.75	2.0581500245969935e-12
20.758	2.056395894142086e-12
20.766	2.0541399848539445e-12
20.773	2.0525040219007137e-12
20.781	2.050672391321191e-12
20.789	2.0488429408314086e-12
20.797	2.047015667015454e-12
20.805	2.0451905664640438e-12
20.812	2.042727061711736e-12
20.82	2.0409065873908874e-12
20.828	2.039004670756272e-12
20.836	2.0366036178858546e-12
20.844	2.034622999733713e-12
20.852	2.032728216607269e-12
20.859	2.0309469722753872e-12
20.867	2.029056485631449e-12
20.875	2.026084532143005e-12
20.883	2.0241158496870294e-12
20.891	2.0220662091127123e-12
20.898	2.0202955739945644e-12
20.906	2.0177511187585525e-12
20.914	2.015708676250335e-12
20.922	2.0135854941888396e-12
20.93	2.0115479103448704e-12
20.938	2.0083494794198398e-12
20.945	2.0064257998060766e-12
20.953	2.0042297007548686e-12
20.961	2.0021191574550847e-12
20.969	1.999928113336668e-12
20.977	1.997656671676981e-12
20.984	1.956896788920078e-12
20.992	1.9928970382149987e-12
21	1.9524802463491527e-12
21.008	1.948966309693352e-12
21.016	1.9466381574494856e-12
21.023	1.944497591824406e-12
21.031	1.9421743682400657e-12
21.039	1.9397693391132053e-12
21.047	1.937366960588558e-12
21.055	1.9345453632756775e-12
21.062	1.9323318670197035e-12
21.07	1.9284184613401174e-12
21.078	1.925942494320345e-12
21.086	1.9234691968657844e-12
21.094	1.920914211835761e-12
21.102	1.918361922109506e-12
21.109	1.9159938431497825e-12
21.117	1.9134466190507346e-12
21.125	1.910480531553732e-12
21.133	1.906251941705943e-12
21.141	1.9036287646138093e-12
21.148	1.901103699518829e-12
21.156	1.8984012376137102e-12
21.164	1.895701474990189e-12
21.172	1.8930044061580113e-12
21.18	1.890310025633255e-12
21.188	1.887533997144231e-12
21.195	1.8829977533608234e-12
21.203	1.880226839276398e-12
21.211	1.877458599400561e-12
21.219	1.8746930279563884e-12
21.227	1.871930119172283e-12
21.234	1.869345925855995e-12
21.242	1.866587999148159e-12
21.25	1.863748303686226e-12
21.258	1.8592221217965745e-12
21.266	1.856134161658778e-12
21.273	1.853561088770576e-12
21.281	1.850731546376638e-12
21.289	1.8479046182810672e-12
21.297	1.8451648168521144e-12
21.305	1.842343101455353e-12
21.312	1.839696614263022e-12
21.32	1.836964286116729e-12
21.328	1.8324586186393204e-12
21.336	1.8296468674120002e-12
21.344	1.826583823461561e-12
21.352	1.823861824201374e-12
21.359	1.8212282806355437e-12
21.367	1.8185110783959112e-12
21.375	1.815796425354216e-12
21.383	1.8129996772853224e-12
21.391	1.8086812219826584e-12
21.398	1.8061429823152712e-12
21.406	1.8034381485873502e-12
21.414	1.8004816420976081e-12
21.422	1.7977818387830235e-12
21.43	1.7950845426201418e-12
21.438	1.7924744844821326e-12
21.445	1.7899491087847178e-12
21.453	1.7857329377231366e-12
21.461	1.7831300964715053e-12
21.469	1.7805297311685754e-12
21.477	1.777931836505231e-12
21.484	1.775247220579211e-12
21.492	1.772653955447138e-12
21.5	1.7700631451765108e-12
21.508	1.7674747844752825e-12
21.516	1.7635312610335055e-12
21.523	1.7611114507082833e-12
21.531	1.7586150193885279e-12
21.539	1.7561210079392692e-12
21.547	1.753629411407333e-12
21.555	1.7508856061265812e-12
21.562	1.7485610185043927e-12
21.57	1.7460763623064176e-12
21.578	1.7422356328591936e-12
21.586	1.7398407726682706e-12
21.594	1.7373633610550327e-12
21.602	1.734973244998966e-12
21.609	1.7326609353717406e-12
21.617	1.6709776553344864e-12
21.625	1.6685111011135337e-12
21.633	1.6661435414815382e-12
21.641	1.6637870457457944e-12
21.648	1.660390259212122e-12
21.656	1.6580556859330992e-12
21.664	1.6557233671345684e-12
21.672	1.65340209408471e-12
21.68	1.6510918602994714e-12
21.688	1.6487838647917436e-12
21.695	1.6466386852457624e-12
21.703	1.6442645312749666e-12
21.711	1.6408369904765222e-12
21.719	1.6385641179603468e-12
21.727	1.6362934561874779e-12
21.734	1.6341753700210476e-12
21.742	1.6319264475892434e-12
21.75	1.6296709235013802e-12
21.758	1.627435183099052e-12
21.766	1.6252016273070565e-12
21.773	1.621966805574146e-12
21.781	1.619746255840841e-12
21.789	1.6175366746649855e-12
21.797	1.6153204583504033e-12
21.805	1.6131152003977973e-12
21.812	1.6110598094898474e-12
21.82	1.6088586011826212e-12
21.828	1.6066595397577332e-12
21.836	1.6034156919656781e-12
21.844	1.6011946127201064e-12
21.852	1.599010867719764e-12
21.859	1.5969753560833208e-12
21.867	1.5948044069063958e-12
21.875	1.5926355754415656e-12
21.883	1.5904776538280448e-12
21.891	1.5883218399337103e-12
21.898	1.585292434694919e-12
21.906	1.5831670795908792e-12
21.914	1.5810174171149386e-12
21.922	1.5789050370469536e-12
21.93	1.576803532673606e-12
21.938	1.5747216922159485e-12
21.945	1.5727852451737506e-12
21.953	1.570716081974088e-12
21.961	1.5686665585015027e-12
21.969	1.5657133299380824e-12
21.977	1.563694414217642e-12
21.984	1.5618108107313298e-12
21.992	1.5597957161615273e-12
22.999999999999996	1.2451795841209833e-12
23.884192216218374	1.1764938819844584e-12
24.802375557446364	1.1127995336152444e-12
25.755856749255898	1.0537338199662097e-12
26.74599275185275	9.989603805921772e-13
27.774192691253674	9.481672981842092e-13
28.841919864703925	9.01065322299785e-13
29.950693823189393	8.573862221735666e-13
31.10209253400695	8.168812592285397e-13
32.297754626470976	7.793197705889597e-13
33.5393817239517	7.444878555286715e-13
34.82874086556454	7.121871573745337e-13
36.16766702095667	6.822337339282819e-13
37.55806570177006	6.544570099742346e-13
39.001915673497166	6.286988059077182e-13
40.501271771588996	6.048124369525469e-13
42.05826782582309	5.826618778378983e-13
43.67511969709354	5.621209881776752e-13
45.35412843094467	5.430727941411452e-13
47.097683532336404	5.254088223241931e-13
48.908266366302	5.090284820278005e-13
50.788453689337615	4.938384924260217e-13
52.74092131654978	4.797523513613596e-13
54.768447929779306	4.666898427425045e-13
56.87391903212161	4.5457657973921637e-13
59.060331054471	4.433435811729973e-13
61.330795619933774	4.329268786912274e-13
63.68854397217836	4.232671524877519e-13
66.13693157402543	4.1430939349545893e-13
68.67944288282197	4.06002590127147e-13
71.31969630939614	3.9829943778076563e-13
74.06144936764946	3.9115606945475947e-13
76.90860402211585	3.8453180593945216e-13
79.86521224109745	3.783889241618908e-13
82.93548176328036	3.7269244236494897e-13
86.12378208603748	3.6740992089734997e-13
89.43465068394016	3.6251127748017537e-13
92.87279946632931	3.5796861589785807e-13
96.44312148313534	3.5375606713811125e-13
100.1506978884915	3.498496420761341e-13
104.00080517204985	3.462270948641797e-13
107.99892266829202	3.4286779624853006e-13
112.15074035452133	3.397526160924605e-13
116.46216694863432	3.3686381443619775e-13
120.93933831819551	3.3418494047349405e-13
125.5886262127846	3.3170073886951964e-13
130.41664733204126	3.2939706288658507e-13
135.43027274231466	3.2726079382297164e-13
140.6366376553184	3.252797663060991e-13
146.04315158270782	3.2344269901459967e-13
151.65750888103088	3.2173913043478266e-13
157.4876997020603	3.2015935928564264e-13
163.54202136409086	3.1869438927315064e-13
169.82909016038425	3.1733587785922287e-13
176.3578536215695	3.160760887536201e-13
183.13760324944653	3.149078478582368e-13
190.17798774031823	3.138245024128951e-13
197.4890267166688	3.128198831099921e-13
205.0811249867306	3.1188826896225645e-13
212.96508735223387	3.1102435472354613e-13
221.15213398541286	3.102232206771595e-13
229.65391639715136	3.0948030461961433e-13
238.48253401899598	3.087913758803505e-13
247.65055142263208	3.0815251122940745e-13
257.1710162013312	3.0756007253587757e-13
267.0574775388176	3.0701068604990863e-13
277.32400549198	3.065012231902717e-13
287.9852110148718	3.060287827280866e-13
299.05626675249596	3.0559067426524637e-13
310.5529286339695	3.0518440291345647e-13
322.49155829579456	3.0480765508663943e-13
334.88914636715435	3.0445828532579854e-13
347.76333665036543	3.041343040813113e-13
361.1324512309038	3.0383386638307765e-13
375.0155165527398	3.03555261334002e-13
389.4322904960896	3.03296902366979e-13
404.4032904961216	3.0305731820989826e-13
419.9498227426337	3.0283514450721834e-13
436.0940125022565	3.026291160503956e-13
452.85883560634056	3.0243805957292443e-13
470.2681511493338	3.0226088706895764e-13
488.346735444188	3.020965895974595e-13
507.12031728311865	3.019442315366074e-13
526.6156145538981	3.0180294525572354e-13
546.8603722637943	3.016719261743939e-13
567.8834020252696	3.0155042818063906e-13
589.7146230596334	3.0143775938204406e-13
612.3851047770021	3.0133327816565076e-13
635.9271109931716	3.0123638954417657e-13
660.3741458463195	3.0114654176775113e-13
685.7610014788922	3.0106322318187617e-13
712.1238075525338	3.0098595931371624e-13
739.5000826665225	3.0091431017012665e-13
767.9287877528958	3.008478677320326e-13
797.4503815242498	3.007862536308904e-13
828.1068780531244	3.00729116993999e-13
859.9419065649275	3.0067613244639147e-13
893.0007735294796	3.006269982579284e-13
927.3305271395559	3.005814346250403e-13
962.9800242681854	3.0053918207733584e-13
999.999999999999	3.0050000000000003e-13