0.0078125	6.411357894473775e-7
0.015625	1.6028394736184438e-7
0.023438	7.123427057730002e-8
0.03125	4.0070986840461094e-8
0.039062	3.067572744872624e-8
0.046875	4.360456822008978e-8
0.054688	5.482370414262023e-8
0.0625	5.4910826040761785e-8
0.070312	4.541897956071554e-8
0.078125	3.8537796347680236e-8
0.085938	3.7317191094478856e-8
0.09375	4.0671282359113235e-8
0.10156	4.85679632233379e-8
0.10938	5.756092680347738e-8
0.11719	6.702623135190068e-8
0.125	7.425630401756891e-8
0.13281	8.651355552823732e-8
0.14062	8.774461034941643e-8
0.14844	8.483930964492912e-8
0.15625	8.863193659915183e-8
0.16406	9.348045350380938e-8
0.17188	1.0059529791043609e-7
0.17969	1.1295152450431745e-7
0.1875	1.2356838784729776e-7
0.19531	1.4127891885712394e-7
0.20312	1.4518649975532225e-7
0.21094	1.4806741357371494e-7
0.21875	1.410282181525064e-7
0.22656	1.3793143274193053e-7
0.23438	1.3188630635899333e-7
0.24219	1.2498759807487965e-7
0.25	1.1730035304365609e-7
0.25781	1.097691628675474e-7
0.26562	1.0116915273137889e-7
0.27344	9.335245256972642e-8
0.28125	8.537044098013078e-8
0.28906	7.967548456065007e-8
0.29688	7.407644275732231e-8
0.30469	6.834005932500378e-8
0.3125	6.307789737772618e-8
0.32031	5.766820707104825e-8
0.32812	5.2984841034539906e-8
0.33594	4.920135696337794e-8
0.34375	4.534931990087655e-8
0.35156	4.192153627497211e-8
0.35938	3.936884245757044e-8
0.36719	3.651605074849861e-8
0.375	3.3635950254712265e-8
0.38281	3.127135628261838e-8
0.39062	2.8701297755069315e-8
0.39844	2.673416032667165e-8
0.40625	2.473419904716542e-8
0.41406	2.3088957331199602e-8
0.42188	2.1546620831163877e-8
0.42969	2.0291480140933686e-8
0.4375	1.9333109304995008e-8
0.44531	1.828463716462219e-8
0.45312	1.7156139854259256e-8
0.46094	1.6252970647523472e-8
0.46875	1.542742238053385e-8
0.47656	1.4646595526541649e-8
0.48438	1.390773752801714e-8
0.49219	1.3207989214720647e-8
0.5	1.254542840825157e-8
0.50781	1.20956812306997e-8
0.51562	1.1427091037321802e-8
0.52344	1.0902818683115757e-8
0.53125	1.0404998250517001e-8
0.53906	9.931238132520895e-9
0.54688	9.541600146562334e-9
0.55469	9.12413739224398e-9
0.5625	8.725763343141005e-9
0.57031	8.34610395223484e-9
0.57812	8.019644451093998e-9
0.58594	7.687212510230374e-9
0.59375	7.411809349102634e-9
0.60156	7.11637150920425e-9
0.60938	6.833515701847864e-9
0.61719	6.5627924276507815e-9
0.625	6.303341763849322e-9
0.63281	6.028485954224579e-9
0.64062	5.751308648199725e-9
0.64844	5.551505519018358e-9
0.65625	5.32816875329062e-9
0.66406	5.113743686176182e-9
0.67188	4.907615415282418e-9
0.67969	4.709705097659821e-9
0.6875	4.502823308330941e-9
0.69531	4.327298831172512e-9
0.70312	4.158421318921496e-9
0.71094	3.9639954417365006e-9
0.71875	3.837341970853432e-9
0.72656	3.6805082145433568e-9
0.73438	3.5293285841077216e-9
0.74219	3.372882437776803e-9
0.75	3.2221701925533706e-9
0.75781	3.0932417386793407e-9
0.76562	2.9595337283733633e-9
0.77344	2.8008889297496445e-9
0.78125	2.6799916281806353e-9
0.78906	2.5688126532597694e-9
0.79688	2.490850912148146e-9
0.80469	2.3889251240126115e-9
0.8125	2.2904120708694442e-9
0.82031	2.1996529707889555e-9
0.82812	2.111905404121124e-9
0.83594	2.0074274445880385e-9
0.84375	1.9274678740536077e-9
0.85156	1.8450327316560004e-9
0.85938	1.773744573396598e-9
0.86719	1.725218069041332e-9
0.875	1.6551825779021155e-9
0.88281	1.5873667513564714e-9
0.89062	1.5216547615332187e-9
0.89844	1.44521492910206e-9
0.90625	1.3915915377357482e-9
0.91406	1.3361309061198644e-9
0.92188	1.282349531282705e-9
0.92969	1.2358519817867864e-9
0.9375	1.2024641838177537e-9
0.94531	1.156502841589789e-9
0.95312	1.111878459166411e-9
0.96094	1.0642528571574555e-9
0.96875	1.025155618348266e-9
0.97656	9.871574013698154e-10
0.98438	9.502368137800267e-10
0.99219	9.161697450048437e-10
1	8.830069944475384e-10
1.0078	8.610526009746186e-10
1.0156	8.301584494667744e-10
1.0234	7.984408793948655e-10
1.0312	7.632665599685754e-10
1.0391	7.367444619731502e-10
1.0469	7.096237369079692e-10
1.0547	6.832214994870475e-10
1.0625	6.575149714712896e-10
1.0703	6.338066400239479e-10
1.0781	6.180608083419996e-10
1.0859	5.958883696760929e-10
1.0938	5.668596454182071e-10
1.1016	5.473837757725446e-10
1.1094	5.274691234237486e-10
1.1172	5.08056160095064e-10
1.125	4.891298922053877e-10
1.1328	4.698597412531715e-10
1.1406	4.5107360866843415e-10
1.1484	4.337962709016555e-10
1.1562	4.1785153571170695e-10
1.1641	4.0195116668420214e-10
1.1719	3.8590655271684686e-10
1.1797	3.7169435070801385e-10
1.1875	3.578197688488856e-10
1.1953	3.442777310137677e-10
1.2031	3.305360254504771e-10
1.2109	3.1711685363804597e-10
1.2188	3.019697220218058e-10
1.2266	2.951267370803324e-10
1.2344	2.837743979064149e-10
1.2422	2.726821276112345e-10
1.25	2.628595680229729e-10
1.2578	2.53261639488044e-10
1.2656	2.4387737868601393e-10
1.2734	2.347061403612048e-10
1.2812	2.2442001608287152e-10
1.2891	2.1629856976080357e-10
1.2969	2.1180170312743334e-10
1.3047	2.0415656954792669e-10
1.3125	1.966794327173411e-10
1.3203	1.9008948404588148e-10
1.3281	1.836386743887858e-10
1.3359	1.7732905671631442e-10
1.3438	1.7175732208297694e-10
1.3516	1.6568866315010064e-10
1.3594	1.60765115063265e-10
1.3672	1.5840941198495149e-10
1.375	1.542614804905982e-10
1.3828	1.5020156350262732e-10
1.3906	1.4621597829020384e-10
1.3984	1.427852818455972e-10
1.4062	1.3941631794435784e-10
1.4141	1.3591125076136925e-10
1.4219	1.3312178299832028e-10
1.4297	1.3038398165978563e-10
1.4375	1.2886214197698793e-10
1.4453	1.2659530056339115e-10
1.4531	1.2436927040822202e-10
1.4609	1.2218312896741343e-10
1.4688	1.2027779714059218e-10
1.4766	1.1895939656499345e-10
1.4844	1.1744275045406082e-10
1.4922	1.1594503672138357e-10
1.5	1.1447694064714681e-10
1.5078	1.1329560286425709e-10
1.5156	1.1235996166303603e-10
1.5234	1.1121231292727567e-10
1.5312	1.1008215800138535e-10
1.5391	1.0915943644308038e-10
1.5469	1.080613732599224e-10
1.5547	1.0719516048764108e-10
1.5625	1.0634038776695626e-10
1.5703	1.0550184691734656e-10
1.5781	1.0466927202858847e-10
1.5859	1.0381333295823315e-10
1.5938	1.0320670200955561e-10
1.6016	1.029738160561254e-10
1.6094	1.0256256421828423e-10
1.6172	1.0197653120555412e-10
1.625	1.0156772127532885e-10
1.6328	1.0116338510790579e-10
1.6406	1.0076342884717936e-10
1.6484	1.0036776141051462e-10
1.6562	9.96773087765389e-11
1.6641	9.926981146914679e-11
1.6719	9.909021765493738e-11
1.6797	9.868388409912862e-11
1.6875	9.828222063706279e-11
1.6953	9.788116083697294e-11
1.7031	9.733593566732847e-11
1.7109	9.67914559716386e-11
1.7188	9.624808094803016e-11
1.7266	9.5527921203778e-11
1.7344	9.513386284384474e-11
1.7422	9.4601017661941e-11
1.75	9.407645740030466e-11
1.7578	9.355640748452236e-11
1.7656	9.304082050364536e-11
1.7734	9.270825466325626e-11
1.7812	9.237889055997373e-11
1.7891	9.203897572195102e-11
1.7969	9.171260791918449e-11
1.8047	9.136949785734421e-11
1.8125	9.102998326486878e-11
1.8203	9.069399379207914e-11
1.8281	9.036146096831127e-11
1.8359	9.002918151095974e-11
1.8438	8.956049979119987e-11
1.8516	8.910208198404606e-11
1.8594	8.88045197297075e-11
1.8672	8.835137379413182e-11
1.875	8.791947134463554e-11
1.8828	8.76276901016946e-11
1.8906	8.733846347694105e-11
1.8984	8.704890984054062e-11
1.9062	8.676469807024147e-11
1.9141	8.647111109805039e-11
1.9219	8.642066674190227e-11
1.9297	8.613001476873543e-11
1.9375	8.600096637265959e-11
1.9453	8.567168226283496e-11
1.9531	8.553437232751695e-11
1.9609	8.539818265676422e-11
1.9688	8.525190278535229e-11
1.9766	8.511296610628826e-11
1.9844	8.49751589872812e-11
1.9922	8.511167089972515e-11
2	8.485176536738077e-11
2.0078	8.459143459058933e-11
2.0156	8.418540575691486e-11
2.0234	8.39216244257141e-11
2.0312	8.36599212187387e-11
2.0391	8.339208479681947e-11
2.0469	8.31345005890179e-11
2.0547	8.307846382687029e-11
2.0625	8.281600275186562e-11
2.0703	8.255565916257455e-11
2.0781	8.22953104941254e-11
2.0859	8.185094091710317e-11
2.0938	8.158301981261787e-11
2.1016	8.13230732786029e-11
2.1094	8.106728856688443e-11
2.1172	8.094979491851421e-11
2.125	8.068877736258508e-11
2.1328	8.042998166089774e-11
2.1406	8.017146727801683e-11
2.1484	7.991703346251186e-11
2.1562	7.944830967294603e-11
2.1641	7.918580883669005e-11
2.1719	7.893103516547235e-11
2.1797	7.876691553897026e-11
2.1875	7.851016087993886e-11
2.1953	7.82556611325587e-11
2.2031	7.800163505617945e-11
2.2109	7.774983175066437e-11
2.2188	7.749323090152056e-11
2.2266	7.715621100307365e-11
2.2344	7.667556063880677e-11
2.2422	7.63943169987982e-11
2.25	7.605836919151192e-11
2.2578	7.572800864948157e-11
2.2656	7.539827822312827e-11
2.2734	7.507240383081372e-11
2.2812	7.474873631457166e-11
2.2891	7.442075432362057e-11
2.2969	7.410149438197768e-11
2.3047	7.363011460632946e-11
2.3125	7.334103440205145e-11
2.3203	7.302631683103125e-11
2.3281	7.27137356431249e-11
2.3359	7.240327223855772e-11
2.3438	7.209023103006307e-11
2.3516	7.169478044136112e-11
2.3594	7.122152883598228e-11
2.3672	7.075294765674384e-11
2.375	7.014250123246799e-11
2.3828	6.968403553173929e-11
2.3906	6.923005012304034e-11
2.3984	6.878048681859553e-11
2.4062	6.833528837221312e-11
2.4141	6.781220718461297e-11
2.4219	6.730134227436645e-11
2.4297	6.679416838379145e-11
2.4375	6.60764277818456e-11
2.4453	6.552560157157467e-11
2.4531	6.49597237228477e-11
2.4609	6.439934804922135e-11
2.4688	6.384058266516892e-11
2.4766	6.329104989946016e-11
2.4844	6.274814613105344e-11
2.4922	6.22117863072481e-11
2.5	6.157127517771442e-11
2.5078	6.104818766099445e-11
2.5156	6.050756783014048e-11
2.5234	5.993638704192727e-11
2.5312	5.937043652708228e-11
2.5391	5.880632621992693e-11
2.5469	5.825198921362119e-11
2.5547	5.770397179626214e-11
2.5625	5.702275206767539e-11
2.5703	5.648882355778746e-11
2.5781	5.5960974209027545e-11
2.5859	5.543783583565804e-11
2.5938	5.4977028293025e-11
2.6016	5.4466873360754776e-11
2.6094	5.39612268245829e-11
2.6172	5.351499850853013e-11
2.625	5.307409500733329e-11
2.6328	5.2582610375944465e-11
2.6406	5.2151101413500374e-11
2.6484	5.1723474995775976e-11
2.6562	5.130093945981447e-11
2.6641	5.0949662093928654e-11
2.6719	5.053692091707227e-11
2.6797	5.0126609838602684e-11
2.6875	4.972117075286915e-11
2.6953	4.933410234829371e-11
2.7031	4.899095935961876e-11
2.7109	4.865087276375984e-11
2.7188	4.8310252728805653e-11
2.7266	4.797620657707381e-11
2.7344	4.771972706998851e-11
2.7422	4.7392409915630194e-11
2.75	4.706796682834039e-11
2.7578	4.676534402071651e-11
2.7656	4.650192538343503e-11
2.7734	4.624072616063437e-11
2.7812	4.592688200867524e-11
2.7891	4.5613646640864864e-11
2.7969	4.53595865494453e-11
2.8047	4.517884706863918e-11
2.8125	4.49286025511455e-11
2.8203	4.4749605888184664e-11
2.8281	4.450310429062192e-11
2.8359	4.425863386526061e-11
2.8438	4.4013076823403276e-11
2.8516	4.3772627615149295e-11
2.8594	4.3534143446359646e-11
2.8672	4.3297602963183245e-11
2.875	4.3127272072326294e-11
2.8828	4.295697171151899e-11
2.8906	4.272545416484927e-11
2.8984	4.2495803240339914e-11
2.9062	4.226799892547041e-11
2.9141	4.203913610406722e-11
2.9219	4.181498908278658e-11
2.9297	4.159262997665751e-11
2.9375	4.137203982097321e-11
2.9453	4.121220538796322e-11
2.9531	4.105236870011108e-11
2.9609	4.08813115069787e-11
2.9688	4.070767674521516e-11
2.9766	4.053899215174454e-11
2.9844	4.0371464328876074e-11
2.9922	4.02050822423086e-11
3	4.0038845804817556e-11
3.0078	3.987472881581664e-11
3.0156	3.976151437076886e-11
3.0234	3.9605120615775666e-11
3.0312	3.9443968917158894e-11
3.0391	3.931768086931117e-11
3.0469	3.9195537214809945e-11
3.0547	3.907396909530027e-11
3.0625	3.895297342279281e-11
3.0703	3.883347678247255e-11
3.0781	3.8754206026577604e-11
3.0859	3.863461820241507e-11
3.0938	3.847580719812519e-11
3.1016	3.83567124774789e-11
3.1094	3.8238184557824814e-11
3.1172	3.8121111547350214e-11
3.125	3.8003701482610775e-11
3.1328	3.788772777439837e-11
3.1406	3.780371195195569e-11
3.1484	3.768860415688041e-11
3.1562	3.7573174135585096e-11
3.1641	3.741488325443605e-11
3.1719	3.733141066999229e-11
3.1797	3.7247195752540516e-11
3.1875	3.7164769878564294e-11
3.1953	3.7081608880971057e-11
3.2031	3.7021615974499897e-11
3.2109	3.6938508223758374e-11
3.2188	3.68540407923497e-11
3.2266	3.677117953362376e-11
3.2344	3.6613260829303486e-11
3.2422	3.653041201763009e-11
3.25	3.644848918925023e-11
3.2578	3.6367477692995817e-11
3.2656	3.630057646503649e-11
3.2734	3.621816196310757e-11
3.2812	3.613666193438293e-11
3.2891	3.6026488162058155e-11
3.2969	3.591826683899787e-11
3.3047	3.575944528768613e-11
3.3125	3.565257398034881e-11
3.3203	3.5546206196356305e-11
3.3281	3.54403389214371e-11
3.3359	3.5311500518753925e-11
3.3438	3.517331037238212e-11
3.3516	3.503809703246537e-11
3.3594	3.490373602631902e-11
3.3672	3.477021992934879e-11
3.375	3.4637541399224846e-11
3.3828	3.445382465159168e-11
3.3906	3.4323079366021435e-11
3.3984	3.414175985672074e-11
3.4062	3.398557359956308e-11
3.4141	3.382847486078005e-11
3.4219	3.367443098129572e-11
3.4297	3.352143690975588e-11
3.4375	3.3343308279660163e-11
3.4453	3.316642682548338e-11
3.4531	3.296888755723459e-11
3.4609	3.274814848766782e-11
3.4688	3.257399497200218e-11
3.4766	3.2402929000999683e-11
3.4844	3.220535189370787e-11
3.4922	3.200912881832405e-11
3.5	3.184178643890286e-11
3.5078	3.167559499460707e-11
3.5156	3.148320593008742e-11
3.5234	3.1240191980313975e-11
3.5312	3.102993902430928e-11
3.5391	3.081932384935173e-11
3.5469	3.0612494321377746e-11
3.5547	3.0407015062076955e-11
3.5625	3.0202873134242044e-11
3.5703	3.0000713855135425e-11
3.5781	2.9799863804666276e-11
3.5859	2.954585529690961e-11
3.5938	2.9363094727566694e-11
3.6016	2.9168146061404806e-11
3.6094	2.897444871503195e-11
3.6172	2.87819908502832e-11
3.625	2.8590760750076924e-11
3.6328	2.8401395376242172e-11
3.6406	2.821323220045426e-11
3.6484	2.802625990547578e-11
3.6562	2.7795291600514432e-11
3.6641	2.7631154299418308e-11
3.6719	2.7449672671596083e-11
3.6797	2.726932993559326e-11
3.6875	2.7090755950411554e-11
3.6953	2.69126580493776e-11
3.7031	2.673630561015776e-11
3.7109	2.6561047887392492e-11
3.7188	2.634728404902929e-11
3.7266	2.6174901631885865e-11
3.7344	2.6004214822116778e-11
3.7422	2.5859892795743734e-11
3.75	2.5691880978493783e-11
3.7578	2.5524897406975904e-11
3.7656	2.5359561814039716e-11
3.7734	2.5194605372271457e-11
3.7812	2.499990777983832e-11
3.7891	2.483693730905281e-11
3.7969	2.4676265931016545e-11
3.8047	2.4516562453115412e-11
3.8125	2.4387100641167308e-11
3.8203	2.4230500620783987e-11
3.8281	2.4074838723265804e-11
3.8359	2.3920106446281246e-11
3.8438	2.3739071829505927e-11
3.8516	2.358684499277356e-11
3.8594	2.3436137052988487e-11
3.8672	2.3286320822697865e-11
3.875	2.313738827371617e-11
3.8828	2.302062240765806e-11
3.8906	2.2874607427295394e-11
3.8984	2.2728838108825917e-11
3.9062	2.2563165400822033e-11
3.9141	2.2418587505527076e-11
3.9219	2.227660699706198e-11
3.9297	2.2135450581415463e-11
3.9375	2.2011488292221678e-11
3.9453	2.1887667454993558e-11
3.9531	2.1798967566643057e-11
3.9609	2.1677150390616934e-11
3.9688	2.155497546730871e-11
3.9766	2.1433420356832127e-11
3.9844	2.1314378641351705e-11
3.9922	2.1196044696675218e-11
4	2.1079007198171274e-11
4.0078	2.0962069993365272e-11
4.0156	2.0846415070492238e-11
4.0234	2.0765075672099163e-11
4.0312	2.0650704760416672e-11
4.0391	2.053657547287916e-11
4.0469	2.0424134132408876e-11
4.0547	2.03117664943952e-11
4.0625	2.0200637160266633e-11
4.0703	2.0090155198195416e-11
4.0781	1.9980895867334375e-11
4.0859	1.9871691689452406e-11
4.0938	1.9762153783769696e-11
4.1016	1.969166769894805e-11
4.1094	1.9584845436598323e-11
4.1172	1.9478637920997636e-11
4.125	1.9373612156502247e-11
4.1328	1.9269188871397295e-11
4.1406	1.9164793759785474e-11
4.1484	1.90615622433925e-11
4.1562	1.8958918885693056e-11
4.1641	1.8874617833651554e-11
4.1719	1.880804787194049e-11
4.1797	1.8722201538693643e-11
4.1875	1.8636290723194804e-11
4.1953	1.8567057087253978e-11
4.2031	1.848264233354275e-11
4.2109	1.8414233637263384e-11
4.2188	1.8345334309475155e-11
4.2266	1.8295826893754963e-11
4.2344	1.8228485115818685e-11
4.2422	1.817950452203067e-11
4.25	1.811283628071549e-11
4.2578	1.8046534098742835e-11
4.2656	1.798059530108387e-11
4.2734	1.7915017237100402e-11
4.2812	1.7849797280278432e-11
4.2891	1.7784103529254492e-11
4.2969	1.7736583545149735e-11
4.3047	1.7672365359151166e-11
4.3125	1.762481727147314e-11
4.3203	1.7561233966958536e-11
4.3281	1.7511573436328296e-11
4.3359	1.746162597497305e-11
4.3438	1.7411112702963265e-11
4.3516	1.7361639143397544e-11
4.3594	1.732778395350928e-11
4.3672	1.7278708142575572e-11
4.375	1.7229862454659077e-11
4.3828	1.718377542751575e-11
4.3906	1.7135374657449484e-11
4.3984	1.7087199607484332e-11
4.4062	1.7039248812560546e-11
4.4141	1.699075095374323e-11
4.4219	1.6957108958414002e-11
4.4297	1.6920603651649307e-11
4.4375	1.6873434518091572e-11
4.4453	1.683770937135842e-11
4.4531	1.6801612746123762e-11
4.4609	1.6755967424898757e-11
4.4688	1.6719886713390526e-11
4.4766	1.6684190917762414e-11
4.4844	1.6660996014792038e-11
4.4922	1.662547368835887e-11
4.5	1.659053916242546e-11
4.5078	1.6555246591080978e-11
4.5156	1.652053642688508e-11
4.5234	1.6485471881055825e-11
4.5312	1.6439415344219016e-11
4.5391	1.6404369941853425e-11
4.5469	1.6379784558269172e-11
4.5547	1.6345636217968914e-11
4.5625	1.6311142346871446e-11
4.5703	1.6276760726922443e-11
4.5781	1.624249092075298e-11
4.5859	1.620878000763034e-11
4.5938	1.6174026235609016e-11
4.6016	1.612811599102419e-11
4.6094	1.6094345556381287e-11
4.6172	1.606947225686038e-11
4.625	1.6035879101287868e-11
4.6328	1.6002394642194065e-11
4.6406	1.5969018453982207e-11
4.6484	1.593575011245486e-11
4.6562	1.590258919481993e-11
4.6641	1.58688547897776e-11
4.6719	1.5834634234571434e-11
4.6797	1.5831406329054195e-11
4.6875	1.5809475580341794e-11
4.6953	1.5787961805767236e-11
4.7031	1.5766443235567357e-11
4.7109	1.5744920623572074e-11
4.7188	1.572272830249234e-11
4.7266	1.5701611196946596e-11
4.7344	1.568008072290222e-11
4.7422	1.5660169482934157e-11
4.75	1.5638629005169905e-11
4.7578	1.5616687916435175e-11
4.7656	1.559515074114388e-11
4.7734	1.5574011928181207e-11
4.7812	1.5552476532570898e-11
4.7891	1.553029542348213e-11
4.7969	1.550915903347794e-11
4.8047	1.5501232150904038e-11
4.8125	1.5479642767981252e-11
4.8203	1.5442674976023795e-11
4.8281	1.542117562102105e-11
4.8359	1.541110588315903e-11
4.8438	1.5400283723395058e-11
4.8516	1.5389984433228797e-11
4.8594	1.5379572690265333e-11
4.8672	1.539135141428837e-11
4.875	1.5380963029005873e-11
4.8828	1.5370097784049243e-11
4.8906	1.53423242663903e-11
4.8984	1.5331348517002355e-11
4.9062	1.5320633461937177e-11
4.9141	1.5309192344571886e-11
4.9219	1.5298274607769605e-11
4.9297	1.52872575298951e-11
4.9375	1.5295212026529715e-11
4.9453	1.52838955081523e-11
4.9531	1.526480573469941e-11
4.9609	1.5246052926783086e-11
4.9688	1.523738540288688e-11
4.9766	1.5229548255915225e-11
4.9844	1.5221240154395816e-11
4.9922	1.521314810869248e-11
5	1.5232250816544503e-11
5.0078	1.5223755509257518e-11
5.0156	1.5215140398881894e-11
5.0234	1.520673877929756e-11
5.0312	1.518536412662299e-11
5.0391	1.5175867278065195e-11
5.0469	1.5167187465019475e-11
5.0547	1.5158393276422502e-11
5.0625	1.5173325310622293e-11
5.0703	1.5164175876969708e-11
5.0781	1.5154918799206346e-11
5.0859	1.5145872457637162e-11
5.0938	1.5136124240784852e-11
5.1016	1.5112143209848057e-11
5.1094	1.5102549770371156e-11
5.1172	1.5093166754105792e-11
5.125	1.5104939907214666e-11
5.1328	1.509493444042745e-11
5.1406	1.5085139878771113e-11
5.1484	1.5075552880302642e-11
5.1562	1.5076710244913454e-11
5.1641	1.5077363111434086e-11
5.1719	1.5078678034366676e-11
5.1797	1.506291653090707e-11
5.1875	1.509268944878924e-11
5.1953	1.509298857119695e-11
5.2031	1.509308121617926e-11
5.2109	1.5093258741989446e-11
5.2188	1.5092940592734628e-11
5.2266	1.5092997531882424e-11
5.2344	1.5085489695823184e-11
5.2422	1.50854724638056e-11
5.25	1.5066488766921847e-11
5.2578	1.509124319612392e-11
5.2656	1.5083131832981642e-11
5.2734	1.507491422427308e-11
5.2812	1.506686576826337e-11
5.2891	1.505814206387075e-11
5.2969	1.504988476843476e-11
5.3047	1.5041794304462897e-11
5.3125	1.5033332171825184e-11
5.3203	1.5034628042214983e-11
5.3281	1.502591698319804e-11
5.3359	1.5027911115907525e-11
5.3438	1.5029389537548324e-11
5.3516	1.503147646874519e-11
5.3594	1.5033607127993782e-11
5.3672	1.5035265774634524e-11
5.375	1.5026487649787252e-11
5.3828	1.5036943316843905e-11
5.3906	1.5012704758180497e-11
5.3984	1.5003380525518283e-11
5.4062	1.4993970786897336e-11
5.4141	1.4983923384232628e-11
5.4219	1.4974347880076974e-11
5.4297	1.4964937574925276e-11
5.4375	1.495544462734426e-11
5.4453	1.4963194387644166e-11
5.4531	1.4953452383788475e-11
5.4609	1.4927449770834402e-11
5.4688	1.49168484661955e-11
5.4766	1.490695933370194e-11
5.4844	1.4907227127909315e-11
5.4922	1.490731199849928e-11
5.5	1.490721652649469e-11
5.5078	1.493194492374497e-11
5.5156	1.4931588245133895e-11
5.5234	1.493105740703607e-11
5.5312	1.4930584417603294e-11
5.5391	1.491135615902001e-11
5.5469	1.491064300611243e-11
5.5547	1.4909761876091212e-11
5.5625	1.4908715117349194e-11
5.5703	1.4907728569297128e-11
5.5781	1.4928347425993284e-11
5.5859	1.4926916822452442e-11
5.5938	1.4925014203993836e-11
5.6016	1.4923487909187562e-11
5.6094	1.4902249218563805e-11
5.6172	1.490051933055949e-11
5.625	1.4898636902970628e-11
5.6328	1.489681797520096e-11
5.6406	1.4913773033709446e-11
5.6484	1.4911553320127293e-11
5.6562	1.490918796860234e-11
5.6641	1.490636174126866e-11
5.6719	1.490391881545716e-11
5.6797	1.4880631374648508e-11
5.6875	1.4878016282480945e-11
5.6953	1.4875262263535445e-11
5.7031	1.488908199224007e-11
5.7109	1.4885968146212596e-11
5.7188	1.4882402816751534e-11
5.7266	1.4879225968449445e-11
5.7344	1.487611755930959e-11
5.7422	1.4872877872297983e-11
5.75	1.4847584401255712e-11
5.7578	1.484420103587868e-11
5.7656	1.485496434059616e-11
5.7734	1.48512554530994e-11
5.7812	1.4847423714765376e-11
5.7891	1.484315043619318e-11
5.7969	1.4839269310845258e-11
5.8047	1.4835458836800926e-11
5.8125	1.4831528237343446e-11
5.8203	1.480427065892504e-11
5.8281	1.4812429275186868e-11
5.8359	1.4808016207413374e-11
5.8438	1.4803170057691477e-11
5.8516	1.4798718764929122e-11
5.8594	1.47941563935088e-11
5.8672	1.478966750477081e-11
5.875	1.4779421420219094e-11
5.8828	1.4769121001779887e-11
5.8906	1.4769234459232984e-11
5.8984	1.474027150629755e-11
5.9062	1.47296712180285e-11
5.9141	1.471870179239004e-11
5.9219	1.4708003426459793e-11
5.9297	1.469743368347081e-11
5.9375	1.468699095704266e-11
5.9453	1.4676323741977318e-11
5.9531	1.4665783548621048e-11
5.9609	1.466386210374017e-11
5.9688	1.463353704118023e-11
5.9766	1.4622731655402057e-11
5.9844	1.4620438532500752e-11
5.9922	1.460950696713969e-11
6	1.4598702286797652e-11
6.0078	1.4596292183499125e-11
6.0156	1.459392757525147e-11
6.0234	1.460679887297268e-11
6.0312	1.460394839964209e-11
6.0391	1.4580660601550802e-11
6.0469	1.4577676351770946e-11
6.0547	1.4574741110107647e-11
6.0625	1.4563539701978704e-11
6.0703	1.4560578483200405e-11
6.0781	1.4549266111919269e-11
6.0859	1.4537917477570257e-11
6.0938	1.4528458635292625e-11
6.1016	1.4519580800352394e-11
6.1094	1.4495562135286529e-11
6.1172	1.4486481005678158e-11
6.125	1.446947119925977e-11
6.1328	1.4452630763969866e-11
6.1406	1.4435801737611543e-11
6.1484	1.4423187390860199e-11
6.1562	1.4414115306990884e-11
6.1641	1.439665372083865e-11
6.1719	1.4379827757505614e-11
6.1797	1.4347383905526012e-11
6.1875	1.4330643745311496e-11
6.1953	1.431376402363901e-11
6.2031	1.429704977811574e-11
6.2109	1.4283669421315047e-11
6.2188	1.4266359220259267e-11
6.2266	1.4249673198431126e-11
6.2344	1.4232851435944386e-11
6.2422	1.4210543872792515e-11
6.25	1.4188142786453585e-11
6.2578	1.4155603592496047e-11
6.2656	1.4133348031561623e-11
6.2734	1.4111147464374341e-11
6.2812	1.4091488345525526e-11
6.2891	1.4068941408017893e-11
6.2969	1.4046897664997853e-11
6.3047	1.4024908269664119e-11
6.3125	1.4002973052812495e-11
6.3203	1.3981091845772446e-11
6.3281	1.3948798489369414e-11
6.3359	1.3927059977915643e-11
6.3438	1.3906788234450826e-11
6.3516	1.3885009288031006e-11
6.3594	1.3863425812516158e-11
6.3672	1.3841895204596143e-11
6.375	1.3820276756657982e-11
6.3828	1.3798851860755863e-11
6.3906	1.3777479339533655e-11
6.3984	1.3745440685081511e-11
6.4062	1.3725457085248502e-11
6.4141	1.3703706373904272e-11
6.4219	1.3682574507536869e-11
6.4297	1.366135665495121e-11
6.4375	1.3640190965166178e-11
6.4453	1.3619213771941393e-11
6.4531	1.3598151465508125e-11
6.4609	1.3577276433758788e-11
6.4688	1.3546027938397794e-11
6.4766	1.3525018351912979e-11
6.4844	1.3504195049213062e-11
6.4922	1.3477796319030459e-11
6.5	1.3451616249420395e-11
6.5078	1.34253868693349e-11
6.5156	1.3399374634163454e-11
6.5234	1.3373313098243147e-11
6.5312	1.3347995567660843e-11
6.5391	1.331642198793937e-11
6.5469	1.3290624290408781e-11
6.5547	1.3264908977482512e-11
6.5625	1.3239275684146405e-11
6.5703	1.3213724047449841e-11
6.5781	1.3188253706491581e-11
6.5859	1.3162864302405737e-11
6.5938	1.3137156999296032e-11
6.6016	1.3112316093240233e-11
6.6094	1.3081771221074374e-11
6.6172	1.305658910348201e-11
6.625	1.3031614607123071e-11
6.6328	1.3006718875059269e-11
6.6406	1.2981901562600054e-11
6.6484	1.2957162326979854e-11
6.6562	1.2932374451321246e-11
6.6641	1.2907529341001725e-11
6.6719	1.2883023485868731e-11
6.6797	1.2858594350432007e-11
6.6875	1.2828616467829643e-11
6.6953	1.2804355331225925e-11
6.7031	1.2780045518894966e-11
6.7109	1.2755935727837721e-11
6.7188	1.272595637194313e-11
6.7266	1.2696336650544571e-11
6.7344	1.266694306680341e-11
6.7422	1.2637651439682002e-11
6.75	1.2608461298186588e-11
6.7578	1.2579372174039986e-11
6.7656	1.255575055831363e-11
6.7734	1.2532202036278111e-11
6.7812	1.2508847579777897e-11
6.7891	1.2484955217864016e-11
6.7969	1.2461625210023984e-11
6.8047	1.2438367046593469e-11
6.8125	1.2415180420678274e-11
6.8203	1.23920650270567e-11
6.8281	1.2363530592428493e-11
6.8359	1.2340452548788911e-11
6.8438	1.2317204188304974e-11
6.8516	1.2294150019057742e-11
6.8594	1.2271284882695272e-11
6.8672	1.2248607526394998e-11
6.875	1.2225881790669686e-11
6.8828	1.2203342612385223e-11
6.8906	1.218087192783073e-11
6.8984	1.2152875489138306e-11
6.9062	1.2125439591369463e-11
6.9141	1.2097746544482664e-11
6.9219	1.2070149678298376e-11
6.9297	1.2042992894615806e-11
6.9375	1.2015927658527417e-11
6.9453	1.198895355900987e-11
6.9531	1.1962070187343949e-11
6.9609	1.1935277137099107e-11
6.9688	1.1907775318933138e-11
6.9766	1.1881163867471769e-11
6.9844	1.1854300351336956e-11
6.9922	1.1827867477600178e-11
7	1.1801522915945148e-11
7.0078	1.1775266273409308e-11
7.0156	1.1749097159213376e-11
7.0234	1.1723015184746831e-11
7.0312	1.1697019963553446e-11
7.0391	1.1670779505622824e-11
7.0469	1.1644175693167819e-11
7.0547	1.1618441257826666e-11
7.0625	1.1592792040636488e-11
7.0703	1.1567227665751954e-11
7.0781	1.1541747759397501e-11
7.0859	1.1516351949853644e-11
7.0938	1.1490715895556029e-11
7.1016	1.1465488238964773e-11
7.1094	1.1440014259845924e-11
7.1172	1.1414624339670918e-11
7.125	1.1389645999906375e-11
7.1328	1.136474955974772e-11
7.1406	1.1339934661539918e-11
7.1484	1.1315200949578149e-11
7.1562	1.1290548070095058e-11
7.1641	1.1265661161482937e-11
7.1719	1.1240738428685096e-11
7.1797	1.121632790085137e-11
7.1875	1.1191674577226205e-11
7.1953	1.116742326150883e-11
7.2031	1.1143250685983742e-11
7.2109	1.111915651014355e-11
7.2188	1.1094833001748631e-11
7.2266	1.1070895605383448e-11
7.2344	1.1047035593881808e-11
7.2422	1.1022935249172185e-11
7.25	1.0999229692143869e-11
7.2578	1.0975284492484827e-11
7.2656	1.095173206264082e-11
7.2734	1.092825536509409e-11
7.2812	1.0904854075505015e-11
7.2891	1.0881229303455441e-11
7.2969	1.0857978820132578e-11
7.3047	1.0834490783133182e-11
7.3125	1.0811389530038681e-11
7.3203	1.0788362082836663e-11
7.3281	1.0765098112970878e-11
7.3359	1.0742217995924327e-11
7.3438	1.0719118816551986e-11
7.3516	1.0696385051821035e-11
7.3594	1.0673723533215518e-11
7.3672	1.0650724964479692e-11
7.375	1.0628207887004367e-11
7.3828	1.0605762140355629e-11
7.3906	1.0583387423563735e-11
7.3984	1.0561083437244654e-11
7.4062	1.0538546352572062e-11
7.4141	1.0516099889538203e-11
7.4219	1.0489977035396358e-11
7.4297	1.0467661252987157e-11
7.4375	1.0441701490474931e-11
7.4453	1.0415825937781037e-11
7.4531	1.0389934168922747e-11
7.4609	1.0364226129350047e-11
7.4688	1.0338324379833402e-11
7.4766	1.0312584120535358e-11
7.4844	1.0287125734403123e-11
7.4922	1.02576806665007e-11
7.5	1.0232392967037277e-11
7.5078	1.0207186625057896e-11
7.5156	1.0182160050627624e-11
7.5234	1.015711522489325e-11
7.5312	1.0127917698409482e-11
7.5391	1.0102772288184215e-11
7.5469	1.0078073587398419e-11
7.5547	1.0053355882900914e-11
7.5625	1.0020792117564497e-11
7.5703	9.992140354970073e-12
7.5781	9.963578844809136e-12
7.5859	9.935107196877653e-12
7.5938	9.906464108546894e-12
7.6016	9.878172034565608e-12
7.6094	9.850065802828724e-12
7.6172	9.826412634615079e-12
7.625	9.79508614289019e-12
7.6328	9.771305315059033e-12
7.6406	9.743542884606069e-12
7.6484	9.720015275564408e-12
7.6562	9.69646560042536e-12
7.6641	9.672833866494674e-12
7.6719	9.645401463391904e-12
7.6797	9.618054238129794e-12
7.6875	9.592324116295983e-12
7.6953	9.56523993348893e-12
7.7031	9.53823961618877e-12
7.7109	9.515329141331669e-12
7.7188	9.49224441284332e-12
7.7266	9.469477884921866e-12
7.7344	9.446782466285208e-12
7.7422	9.424157864383505e-12
7.75	9.39488555112129e-12
7.7578	9.37241264711262e-12
7.7656	9.350764421225033e-12
7.7734	9.328524023099776e-12
7.7812	9.306258631079074e-12
7.7891	9.287390684824765e-12
7.7969	9.265258179169226e-12
7.8047	9.243287729090258e-12
7.8125	9.218676542219085e-12
7.8203	9.200296219848466e-12
7.8281	9.178434453694825e-12
7.8359	9.161006795977154e-12
7.8438	9.142562799841944e-12
7.8516	9.120983159449886e-12
7.8594	9.099469849876356e-12
7.8672	9.07802260256326e-12
7.875	9.056641150295877e-12
7.8828	9.036152802133012e-12
7.8906	9.018296832878858e-12
7.8984	9.000493738046667e-12
7.9062	8.98365731343071e-12
7.9141	8.965730961589904e-12
7.9219	8.948084115958894e-12
7.9297	8.930489319341509e-12
7.9375	8.9129463672488e-12
7.9453	8.89635999470708e-12
7.9531	8.878918348038162e-12
7.9609	8.861527943635387e-12
7.9688	8.843966611960843e-12
7.9766	8.827486729403663e-12
7.9844	8.810247922633347e-12
7.9922	8.793059563950255e-12
8	8.775921456702802e-12
8.0078	8.759635035321916e-12
8.0156	8.742595285437071e-12
8.0234	8.725605207300088e-12
8.0312	8.708664608037468e-12
8.0391	8.691557059584096e-12
8.0469	8.675597451506481e-12
8.0547	8.658803059364589e-12
8.0625	8.64205738643492e-12
8.0703	8.62614935385559e-12
8.0781	8.60949903233188e-12
8.0859	8.592896872369976e-12
8.0938	8.57613076595184e-12
8.1016	8.559624984822254e-12
8.1094	8.543166808879121e-12
8.1172	8.526756055230812e-12
8.125	8.51117099075953e-12
8.1328	8.49562992942687e-12
8.1406	8.479357377830009e-12
8.1484	8.463131534228557e-12
8.1562	8.446952220035386e-12
8.1641	8.430612724827245e-12
8.1719	8.414526527934891e-12
8.1797	8.39848632753469e-12
8.1875	8.382491948431914e-12
8.1953	8.367308227304702e-12
8.2031	8.3521670014858e-12
8.2109	8.336306143543022e-12
8.2188	8.32028794930818e-12
8.2266	8.307806537522997e-12
8.2344	8.29535616510302e-12
8.2422	8.27966298563612e-12
8.25	8.264014296687649e-12
8.2578	8.248409930240896e-12
8.2656	8.234268823313018e-12
8.2734	8.218749926438436e-12
8.2812	8.203274860305722e-12
8.2891	8.187645904329269e-12
8.2969	8.172258562400057e-12
8.3047	8.15691455673631e-12
8.3125	8.141613724756745e-12
8.3203	8.126355904641789e-12
8.3281	8.111798679846403e-12
8.3359	8.09736368550616e-12
8.3438	8.082037601524443e-12
8.3516	8.06694816832596e-12
8.3594	8.051900954423002e-12
8.3672	8.036895802459732e-12
8.375	8.021932555812719e-12
8.3828	8.007011058586867e-12
8.3906	7.992779026166532e-12
8.3984	7.977939360132207e-12
8.4062	7.966851410716698e-12
8.4141	7.954956359377655e-12
8.4219	7.943279356107034e-12
8.4297	7.93163076055571e-12
8.4375	7.920010476446825e-12
8.4453	7.908418407921186e-12
8.4531	7.90043415812561e-12
8.4609	7.888890271068357e-12
8.4688	7.877188307581813e-12
8.4766	7.865621678799111e-12
8.4844	7.854713749531712e-12
8.4922	7.8432018649471e-12
8.5	7.831796382371555e-12
8.5078	7.820418388857177e-12
8.5156	7.812426447107758e-12
8.5234	7.801095737588753e-12
8.5312	7.789792264367492e-12
8.5391	7.778256177179603e-12
8.5469	7.767007503676712e-12
8.5547	7.756171949854547e-12
8.5625	7.744899200921786e-12
8.5703	7.733730466325686e-12
8.5781	7.722588426777126e-12
8.5859	7.714611083315871e-12
8.5938	7.703336013392687e-12
8.6016	7.692190906659463e-12
8.6094	7.68114851498801e-12
8.6172	7.670056541566244e-12
8.625	7.659293841704437e-12
8.6328	7.648329679222872e-12
8.6406	7.637316172531864e-12
8.6484	7.629411314588926e-12
8.6562	7.618443558107515e-12
8.6641	7.607401132965353e-12
8.6719	7.59648574199161e-12
8.6797	7.585596279620711e-12
8.6875	7.574807013691966e-12
8.6953	7.56411737582335e-12
8.7031	7.553304706958556e-12
8.7109	7.545398100145374e-12
8.7188	7.534531180944399e-12
8.7266	7.523789095913167e-12
8.7344	7.51307236612051e-12
8.7422	7.502380908262188e-12
8.75	7.491787691865866e-12
8.7578	7.481146372998575e-12
8.7656	7.470602818230817e-12
8.7734	7.462696426222798e-12
8.7812	7.452124048637978e-12
8.7891	7.441407133005799e-12
8.7969	7.430884658791674e-12
8.8047	7.420386819219311e-12
8.8125	7.409913534008189e-12
8.8203	7.39946472321247e-12
8.8281	7.38911178835084e-12
8.8359	7.381278937653287e-12
8.8438	7.370588485595617e-12
8.8516	7.360231884654736e-12
8.8594	7.349899377805999e-12
8.8672	7.339590887021541e-12
8.875	7.329306334596754e-12
8.8828	7.319045643148664e-12
8.8906	7.30880873561432e-12
8.8984	7.301399290624176e-12
8.9062	7.31215358991485e-12
8.9141	7.310744700113264e-12
8.9219	7.309752078689684e-12
8.9297	7.30534939953079e-12
8.9375	7.297979548333789e-12
8.9453	7.287802116518179e-12
8.9531	7.27764817115365e-12
8.9609	7.267517636824256e-12
8.9688	7.259366180959507e-12
8.9766	7.24927819484238e-12
8.9844	7.23873728850108e-12
8.9922	7.22869661570353e-12
9	7.218678990244874e-12
9.0078	7.208616742415036e-12
9.0156	7.198645131407833e-12
9.0234	7.188696347391787e-12
9.0312	7.180718177540715e-12
9.0391	7.1706521354921935e-12
9.0469	7.160767731371763e-12
9.0547	7.150371927161781e-12
9.0625	7.143130899051473e-12
9.0703	7.1333096662101226e-12
9.0781	7.123510780281665e-12
9.0859	7.113734170510608e-12
9.0938	7.110885806071971e-12
9.1016	7.1037722442118326e-12
9.1094	7.096669000487775e-12
9.1172	7.0895760608927246e-12
9.125	7.081774711504784e-12
9.1328	7.074704074291733e-12
9.1406	7.067643693098714e-12
9.1484	7.0605935538603376e-12
9.1562	7.057758636667028e-12
9.1641	7.050500430954275e-12
9.1719	7.043471290993055e-12
9.1797	7.0364523696984926e-12
9.1875	7.029443652760767e-12
9.1953	7.02244512585327e-12
9.2031	7.0145642634308855e-12
9.2109	7.007588207327875e-12
9.2188	7.000470414676482e-12
9.2266	6.997438262635914e-12
9.2344	6.990420398914205e-12
9.2422	6.983475924768121e-12
9.25	6.976541563119414e-12
9.2578	6.969617299420377e-12
9.2656	6.962703119111141e-12
9.2734	6.954738705676423e-12
9.2812	6.9478471599872516e-12
9.2891	6.944477904267531e-12
9.2969	6.9375980242953596e-12
9.3047	6.930728174737004e-12
9.3125	6.923806732680134e-12
9.3203	6.916957044974298e-12
9.3281	6.910117343033367e-12
9.3359	6.905306072602999e-12
9.3438	6.897174580806451e-12
9.3516	6.89383221883257e-12
9.3594	6.8869617438954585e-12
9.3672	6.8821603750167775e-12
9.375	6.877359009358546e-12
9.3828	6.872557685417697e-12
9.3906	6.8678165117259735e-12
9.3984	6.863015228049115e-12
9.4062	6.8582141001252525e-12
9.4141	6.853207967882427e-12
9.4219	6.848407640436705e-12
9.4297	6.843607578168723e-12
9.4375	6.838807817219785e-12
9.4453	6.8340083934059716e-12
9.4531	6.8292681698338174e-12
9.4609	6.824469373919763e-12
9.4688	6.819585498300775e-12
9.4766	6.817763900358398e-12
9.4844	6.809524629851956e-12
9.4922	6.804729083588896e-12
9.5	6.7999341125154245e-12
9.5078	6.795197523654965e-12
9.5156	6.790403654101448e-12
9.5234	6.785610459381459e-12
9.5312	6.7808753011764756e-12
9.5391	6.775998518028693e-12
9.5469	6.773944550657216e-12
9.5547	6.765563836071092e-12
9.5625	6.76077659992087e-12
9.5703	6.756046826747201e-12
9.5781	6.751261192415741e-12
9.5859	6.746532794522942e-12
9.5938	6.741608342853694e-12
9.6016	6.7368816578801826e-12
9.6094	6.7346142794842505e-12
9.6172	6.729882830555192e-12
9.625	6.725096607481597e-12
9.6328	6.716651234943944e-12
9.6406	6.711876516448569e-12
9.6484	6.7071581355946064e-12
9.6562	6.702385593344625e-12
9.6641	6.697530558781275e-12
9.6719	6.695060754281293e-12
9.6797	6.690340817995781e-12
9.6875	6.68562191082435e-12
9.6953	6.6808497144268255e-12
9.7031	6.6723372711638755e-12
9.7109	6.667577158127539e-12
9.7188	6.662735278956158e-12
9.7266	6.657978016166249e-12
9.7344	6.655369870873924e-12
9.7422	6.650610149606692e-12
9.75	6.645905342543742e-12
9.7578	6.641201792185595e-12
9.7656	6.636446372864016e-12
9.7734	6.62782090217815e-12
9.7812	6.623131140484208e-12
9.7891	6.618307482677282e-12
9.7969	6.617779197107948e-12
9.8047	6.6112983740158515e-12
9.8125	6.608860320364891e-12
9.8203	6.6064640586675e-12
9.8281	6.604057177102092e-12
9.8359	6.601639771429758e-12
9.8438	6.595090015169078e-12
9.8516	6.590906442413237e-12
9.8594	6.588474193036737e-12
9.8672	6.588189615780115e-12
9.875	6.583989072052488e-12
9.8828	6.581525308608232e-12
9.8906	6.579102564294347e-12
9.8984	6.576618876285959e-12
9.9062	6.5741761057148535e-12
9.9141	6.567395316124078e-12
9.9219	6.564894082280952e-12
9.9297	6.564344158171496e-12
9.9375	6.560113815431415e-12
9.9453	6.5559330801876035e-12
9.9531	6.551751715972459e-12
9.9609	6.5475199857414136e-12
9.9688	6.543206313837269e-12
9.9766	6.5390235761632124e-12
9.9844	6.534889743442663e-12
9.9922	6.53144504238511e-12
10	6.5272098159038e-12
10.008	6.5227627613712906e-12
10.016	6.5183161049683265e-12
10.023	6.5151697261007446e-12
10.031	6.510722032809713e-12
10.039	6.506274830306729e-12
10.047	6.5018765726991464e-12
10.055	6.500569302268829e-12
10.062	6.494660833487706e-12
10.07	6.4902128960693154e-12
10.078	6.485765600532594e-12
10.086	6.4813189749011975e-12
10.094	6.476873046952154e-12
10.102	6.472427844217852e-12
10.109	6.469263105790621e-12
10.117	6.467801055379359e-12
10.125	6.463348932944442e-12
10.133	6.456023145894842e-12
10.141	6.451579860355593e-12
10.148	6.44840814906392e-12
10.156	6.4439647924355055e-12
10.164	6.439569060438535e-12
10.172	6.435127502668237e-12
10.18	6.4306869399069e-12
10.188	6.4289807581788755e-12
10.195	6.425842182280864e-12
10.203	6.418398861881207e-12
10.211	6.413961234686224e-12
10.219	6.409570623758987e-12
10.227	6.405135146102221e-12
10.234	6.4019517660148564e-12
10.242	6.397562374264907e-12
10.25	6.395673841156946e-12
10.258	6.3912350535380475e-12
10.266	6.386842773573344e-12
10.273	6.3805800257772075e-12
10.281	6.3761506350284534e-12
10.289	6.3717225730513456e-12
10.297	6.367340679731051e-12
10.305	6.3629152332362e-12
10.312	6.362088399220778e-12
10.32	6.357658270065828e-12
10.328	6.353273981436494e-12
10.336	6.348890960966092e-12
10.344	6.344465063323397e-12
10.352	6.336911534770682e-12
10.359	6.332091135093228e-12
10.367	6.326055168226743e-12
10.375	6.323838455974357e-12
10.383	6.319428491299408e-12
10.391	6.31506369443213e-12
10.398	6.311870709532603e-12
10.406	6.307507073440808e-12
10.414	6.30314488502696e-12
10.422	6.295502332977533e-12
10.43	6.291107802264191e-12
10.438	6.288735115913111e-12
10.445	6.2855425779947005e-12
10.453	6.281189419508284e-12
10.461	6.276795139315349e-12
10.469	6.272445216145991e-12
10.477	6.26809688841714e-12
10.484	6.264945148002473e-12
10.492	6.257214494769197e-12
10.5	6.252877288230833e-12
10.508	6.250310122623652e-12
10.516	6.245972073874458e-12
10.523	6.242780152201343e-12
10.531	6.238443886476531e-12
10.539	6.234109354649703e-12
10.547	6.229776574233462e-12
10.555	6.225445562579541e-12
10.562	6.22084419096916e-12
10.57	6.2201555683023055e-12
10.578	6.2178427505751265e-12
10.586	6.213959739944058e-12
10.594	6.210076486110021e-12
10.602	6.206193016360018e-12
10.609	6.203519491196347e-12
10.617	6.199674686794694e-12
10.625	6.1957889263379e-12
10.633	6.193362057234172e-12
10.641	6.1894726424087715e-12
10.648	6.1867450706275476e-12
10.656	6.182894238378183e-12
10.664	6.179003080508902e-12
10.672	6.175152012065109e-12
10.68	6.171300816798102e-12
10.688	6.167449520594643e-12
10.695	6.167971761923339e-12
10.703	6.164111149915142e-12
10.711	6.158073977869042e-12
10.719	6.154218529671761e-12
10.727	6.150323722919053e-12
10.734	6.147613751239179e-12
10.742	6.143757006767589e-12
10.75	6.139900373778682e-12
10.758	6.139087723263665e-12
10.766	6.135224257724297e-12
10.773	6.132499335431935e-12
10.781	6.126348181319123e-12
10.789	6.1224891857385504e-12
10.797	6.118630451203849e-12
10.805	6.114772000579028e-12
10.812	6.112044303538093e-12
10.82	6.108184939604719e-12
10.828	6.107154395300257e-12
10.836	6.10332732726641e-12
10.844	6.099462466111508e-12
10.852	6.093244783330207e-12
10.859	6.090469973103678e-12
10.867	6.086648269784648e-12
10.875	6.082789173996373e-12
10.883	6.078930589329672e-12
10.891	6.077736885936276e-12
10.898	6.0749879886358714e-12
10.906	6.071123431193546e-12
10.914	6.067296756952239e-12
10.922	6.060978912235602e-12
10.93	6.0571217982568935e-12
10.938	6.053265342107353e-12
10.945	6.0505519819855215e-12
10.953	6.049164675042731e-12
10.961	6.045339852152085e-12
10.969	6.041478937990545e-12
10.977	6.0376188001794566e-12
10.984	6.0348946735405535e-12
10.992	6.028483376345517e-12
11	6.0246662538804976e-12
11.008	6.020813512766362e-12
11.016	6.019314538255142e-12
11.023	6.0165496885869045e-12
11.031	6.0126927676106105e-12
11.039	6.008872726561792e-12
11.047	6.005017595252024e-12
11.055	6.001199217241842e-12
11.062	5.998466027673564e-12
11.07	5.991974488655703e-12
11.078	5.990297119230054e-12
11.086	5.986481850849044e-12
11.094	5.9826320697850325e-12
11.102	5.978818673029449e-12
11.109	5.9760467039326306e-12
11.117	5.972233786938651e-12
11.125	5.968421827885411e-12
11.133	5.9646108436161024e-12
11.141	5.9580753700610485e-12
11.148	5.957293601417803e-12
11.156	5.953485900554582e-12
11.164	5.949644525231149e-12
11.172	5.9458389926806e-12
11.18	5.942034529589156e-12
11.188	5.938231151870473e-12
11.195	5.934043676292027e-12
11.203	5.925571767064147e-12
11.211	5.920857820270046e-12
11.219	5.912416787294743e-12
11.227	5.90399379231758e-12
11.234	5.896638428128984e-12
11.242	5.889954401825323e-12
11.25	5.8847806014368194e-12
11.258	5.881006297547752e-12
11.266	5.87726709121092e-12
11.273	5.876329207601722e-12
11.281	5.869752810179319e-12
11.289	5.865984185113995e-12
11.297	5.8622168262571455e-12
11.305	5.858484273902019e-12
11.312	5.855754596431909e-12
11.32	5.851989650752311e-12
11.328	5.8482593422921335e-12
11.336	5.846158761703753e-12
11.344	5.842394142188291e-12
11.352	5.835784772099663e-12
11.359	5.833056000279145e-12
11.367	5.829300327209952e-12
11.375	5.825578946069402e-12
11.383	5.821826012069296e-12
11.391	5.818107253653659e-12
11.398	5.816913423332335e-12
11.406	5.811823019867613e-12
11.414	5.808073997660888e-12
11.422	5.804358927771296e-12
11.43	5.797695758449901e-12
11.438	5.793957414384938e-12
11.445	5.789908560932296e-12
11.453	5.784885593833439e-12
11.461	5.781252502945419e-12
11.469	5.776208284652983e-12
11.477	5.7711709337090055e-12
11.484	5.767144686475431e-12
11.492	5.762119462158518e-12
11.5	5.755475948903129e-12
11.508	5.750467487864871e-12
11.516	5.745465831619654e-12
11.523	5.741467362041299e-12
11.531	5.737806147437221e-12
11.539	5.732820755558945e-12
11.547	5.727842132952336e-12
11.555	5.7228702682201635e-12
11.562	5.71889427858062e-12
11.57	5.712242200236952e-12
11.578	5.707292211322469e-12
11.586	5.702348929570008e-12
11.594	5.698627572309866e-12
11.602	5.693664274855697e-12
11.609	5.689718912070256e-12
11.617	5.684798596678533e-12
11.625	5.679884941378469e-12
11.633	5.674977934945018e-12
11.641	5.668351909107426e-12
11.648	5.66440312543338e-12
11.656	5.660653929373206e-12
11.664	5.655773057811414e-12
11.672	5.650868191250507e-12
11.68	5.646000552273232e-12
11.688	5.641139484073889e-12
11.695	5.637248896215508e-12
11.703	5.6323994488733725e-12
11.711	5.6257680965478125e-12
11.719	5.621963835863756e-12
11.727	5.617105192237505e-12
11.734	5.613239933351565e-12
11.742	5.608392978282457e-12
11.75	5.603582655765899e-12
11.758	5.598778807196259e-12
11.766	5.59395149795585e-12
11.773	5.590110148452419e-12
11.781	5.5862783382719705e-12
11.789	5.579681621718816e-12
11.797	5.574880474252795e-12
11.805	5.570085844273979e-12
11.812	5.566269679904181e-12
11.82	5.561486549603138e-12
11.828	5.55673940392483e-12
11.836	5.551969182132956e-12
11.844	5.547234813959056e-12
11.852	5.543386754296338e-12
11.859	5.537694001640106e-12
11.867	5.532979103079899e-12
11.875	5.528241332993893e-12
11.883	5.52350997091759e-12
11.891	5.518814081662466e-12
11.898	5.5150223826776e-12
11.906	5.510308710854986e-12
11.914	5.506440055254077e-12
11.922	5.501737572705203e-12
11.93	5.495139578098311e-12
11.938	5.4904820247757426e-12
11.945	5.486720517538219e-12
11.953	5.482045372423798e-12
11.961	5.4773765269697225e-12
11.969	5.472713970336752e-12
11.977	5.468798949301312e-12
11.984	5.465087995956481e-12
11.992	5.460441461644751e-12
12	5.453872532690231e-12
12.008	5.449241991510315e-12
12.016	5.4446176719978346e-12
12.023	5.4409045332347936e-12
12.031	5.436291256514266e-12
12.039	5.4323589156685625e-12
12.047	5.427756793336517e-12
12.055	5.423160845347785e-12
12.062	5.4194695515015476e-12
12.07	5.412930186828931e-12
12.078	5.4083269951110654e-12
12.086	5.403757853928022e-12
12.094	5.399194827962341e-12
12.102	5.3952478055057824e-12
12.109	5.391586280719133e-12
12.117	5.3870114794385346e-12
12.125	5.3824704328417575e-12
12.133	5.3779354545822104e-12
12.141	5.3734065342462526e-12
12.148	5.367764615601294e-12
12.156	5.363250040618933e-12
12.164	5.358741486120225e-12
12.172	5.354757547837633e-12
12.18	5.350260076987291e-12
12.188	5.345741401648294e-12
12.195	5.342131963550226e-12
12.203	5.337651177589701e-12
12.211	5.333176355387299e-12
12.219	5.3266815316061735e-12
12.227	5.322195240051371e-12
12.234	5.319095917411971e-12
12.242	5.314619449804847e-12
12.25	5.31014898605973e-12
12.258	5.3057112968837965e-12
12.266	5.301252762160555e-12
12.273	5.297690089161974e-12
12.281	5.2946807177639446e-12
12.289	5.289598016736496e-12
12.297	5.2883981708259236e-12
12.305	5.285364370842662e-12
12.312	5.283189316466498e-12
12.32	5.280023875644475e-12
12.328	5.2771228251592485e-12
12.336	5.27290844090467e-12
12.344	5.270010348893843e-12
12.352	5.26580397076563e-12
12.359	5.26323808272094e-12
12.367	5.2590394097052005e-12
12.375	5.254845899633751e-12
12.383	5.250657544931094e-12
12.391	5.246474338030278e-12
12.398	5.2431419735327106e-12
12.406	5.239226325268961e-12
12.414	5.235056840365484e-12
12.422	5.232437715937041e-12
12.43	5.227247441027635e-12
12.438	5.223092383354566e-12
12.445	5.219781181429795e-12
12.453	5.215890875881489e-12
12.461	5.211749442688328e-12
12.469	5.207613091361123e-12
12.477	5.2034818144022805e-12
12.484	5.200188600773812e-12
12.492	5.197587279282611e-12
12.5	5.193467302798323e-12
12.508	5.188341991885034e-12
12.516	5.184233897038415e-12
12.523	5.180958168038589e-12
12.531	5.176858951674255e-12
12.539	5.173015636625304e-12
12.547	5.168926014643317e-12
12.555	5.1663411366296136e-12
12.562	5.1630808066744286e-12
12.57	5.15900238673613e-12
12.578	5.1536855811596395e-12
12.586	5.149867585471768e-12
12.594	5.145805864983419e-12
12.602	5.141749112299982e-12
12.609	5.138512277780919e-12
12.617	5.13569695607528e-12
12.625	5.131651754219047e-12
12.633	5.127857138237808e-12
12.641	5.123821392581974e-12
12.648	5.119375959016221e-12
12.656	5.1153510539988865e-12
12.664	5.111331063528614e-12
12.672	5.107315980288963e-12
12.68	5.104764648533652e-12
12.688	5.100756825177954e-12
12.695	5.097556879528847e-12
12.703	5.093557696765538e-12
12.711	5.089563393161178e-12
12.719	5.084368592032033e-12
12.727	5.080386110110803e-12
12.734	5.07720581163748e-12
12.742	5.074431220005442e-12
12.75	5.070460080632224e-12
12.758	5.066732781488491e-12
12.766	5.062770898433611e-12
12.773	5.059605981219081e-12
12.781	5.055652625250042e-12
12.789	5.050516981295024e-12
12.797	5.0465752828482115e-12
12.805	5.042638377092326e-12
12.812	5.040674025302029e-12
12.82	5.036743553591636e-12
12.828	5.0328178601327225e-12
12.836	5.028896937767924e-12
12.844	5.024980779349682e-12
12.852	5.021069377740244e-12
12.859	5.016773816091055e-12
12.867	5.012872812458222e-12
12.875	5.009908791057733e-12
12.883	5.006015655463591e-12
12.891	5.0021272422617955e-12
12.898	4.999018616057878e-12
12.906	4.995138544811183e-12
12.914	4.9912631768123706e-12
12.922	4.987392505005325e-12
12.93	4.983756830661161e-12
12.938	4.979435293811582e-12
12.945	4.976347814081855e-12
12.953	4.972495176251115e-12
12.961	4.968647200588005e-12
12.969	4.964803880093776e-12
12.977	4.959824939484049e-12
12.984	4.955617488213666e-12
12.992	4.950653765390136e-12
13	4.94547112076873e-12
13.008	4.939163147713387e-12
13.016	4.933999751766953e-12
13.023	4.9298283666648545e-12
13.031	4.9249068731958234e-12
13.039	4.919993483943527e-12
13.047	4.9150881803815046e-12
13.055	4.90996601030336e-12
13.062	4.905603572165946e-12
13.07	4.9007218608933576e-12
13.078	4.894503949985244e-12
13.086	4.889416451279738e-12
13.094	4.884560996378988e-12
13.102	4.879713495724035e-12
13.109	4.875617704183754e-12
13.117	4.870562370804797e-12
13.125	4.8657377587266344e-12
13.133	4.860699167215092e-12
13.141	4.855890626231575e-12
13.148	4.850278802094702e-12
13.156	4.845486997715962e-12
13.164	4.84070300372432e-12
13.172	4.835926802443946e-12
13.18	4.830938313008291e-12
13.188	4.826177961275716e-12
13.195	4.821936699158308e-12
13.203	4.8169717953321165e-12
13.211	4.812234080485844e-12
13.219	4.806192618473386e-12
13.227	4.801472146658957e-12
13.234	4.7972662537662e-12
13.242	4.7925602288529e-12
13.25	4.787861821450979e-12
13.258	4.782736831982914e-12
13.266	4.778054230175487e-12
13.273	4.7740984820437256e-12
13.281	4.769213649629365e-12
13.289	4.7634732289959116e-12
13.297	4.757527468937375e-12
13.305	4.752885090747865e-12
13.312	4.7478878779754796e-12
13.32	4.741756584134664e-12
13.328	4.736065907678577e-12
13.336	4.730385469319831e-12
13.344	4.724715244514e-12
13.352	4.719055208790157e-12
13.359	4.714111016581503e-12
13.367	4.708256594938936e-12
13.375	4.702625972412491e-12
13.383	4.696792519991162e-12
13.391	4.6911823166604704e-12
13.398	4.686281630323024e-12
13.406	4.680690243342421e-12
13.414	4.675108857350909e-12
13.422	4.669537448511781e-12
13.43	4.66397599305931e-12
13.438	4.658213272717516e-12
13.445	4.6533640344085096e-12
13.453	4.647409837613027e-12
13.461	4.6418874795858524e-12
13.469	4.6363749587573046e-12
13.477	4.630872251776714e-12
13.484	4.6260654152868685e-12
13.492	4.620581046574746e-12
13.5	4.615106424962273e-12
13.508	4.609432487548504e-12
13.516	4.6037687364347444e-12
13.523	4.599003811436216e-12
13.531	4.593567235554982e-12
13.539	4.5881402940092725e-12
13.547	4.582722964048088e-12
13.555	4.577315222987558e-12
13.562	4.572591297673063e-12
13.57	4.567201474893785e-12
13.578	4.561200421693073e-12
13.586	4.55583035543693e-12
13.594	4.550469767161024e-12
13.602	4.545118634574061e-12
13.609	4.540444132706275e-12
13.617	4.535110669681927e-12
13.625	4.529786598623087e-12
13.633	4.52447189749097e-12
13.641	4.518961514411138e-12
13.648	4.514327191659714e-12
13.656	4.5088349577808505e-12
13.664	4.50355683712368e-12
13.672	4.498287979034606e-12
13.68	4.4930283618531425e-12
13.688	4.487777963982076e-12
13.695	4.483191411630207e-12
13.703	4.477755044776574e-12
13.711	4.472531269740571e-12
13.719	4.467316630504804e-12
13.727	4.461706103634953e-12
13.734	4.457159142295976e-12
13.742	4.451971121036372e-12
13.75	4.4467921525974904e-12
13.758	4.44162221592932e-12
13.766	4.436461290042996e-12
13.773	4.4317516907240234e-12
13.781	4.42660783718193e-12
13.789	4.421472934011125e-12
13.797	4.416146486232581e-12
13.805	4.411029653887908e-12
13.812	4.406559717136505e-12
13.82	4.401459532705966e-12
13.828	4.396368197640137e-12
13.836	4.391086336776269e-12
13.844	4.386012869450798e-12
13.852	4.380948189885304e-12
13.859	4.376523788028016e-12
13.867	4.371078575107366e-12
13.875	4.366039505189561e-12
13.883	4.361009143967993e-12
13.891	4.355987471386652e-12
13.898	4.351403012643008e-12
13.906	4.346397804703273e-12
13.914	4.3414012276715195e-12
13.922	4.336413261715134e-12
13.93	4.331433887058433e-12
13.938	4.326266600725072e-12
13.945	4.3219243611584705e-12
13.953	4.316969801862385e-12
13.961	4.311827912088676e-12
13.969	4.3068905871808815e-12
13.977	4.3019617377601654e-12
13.984	4.297655931822305e-12
13.992	4.292742921727316e-12
14	4.287838331528745e-12
14.008	4.2829421419976e-12
14.016	4.277860013851817e-12
14.023	4.273396101210147e-12
14.031	4.268524399602564e-12
14.039	4.263661023910095e-12
14.047	4.258805955171149e-12
14.055	4.253959174478094e-12
14.062	4.249725025336349e-12
14.07	4.24489373395438e-12
14.078	4.240070676557693e-12
14.086	4.234871003602911e-12
14.094	4.229872584731867e-12
14.102	4.225074771325471e-12
14.109	4.220883377656134e-12
14.117	4.216100846063434e-12
14.125	4.211326438240709e-12
14.133	4.206560135799287e-12
14.141	4.201801920402501e-12
14.148	4.197645101458532e-12
14.156	4.19252091372832e-12
14.164	4.187786277275062e-12
14.172	4.1830596565711534e-12
14.18	4.178341033532563e-12
14.188	4.173630390126223e-12
14.195	4.1695151088000625e-12
14.203	4.164819378776169e-12
14.211	4.160131576821826e-12
14.219	4.155262813809841e-12
14.227	4.150402359365833e-12
14.234	4.14632119135755e-12
14.242	4.1416643660150956e-12
14.25	4.137015381545133e-12
14.258	4.1323742203549036e-12
14.266	4.127740864900964e-12
14.273	4.123693068267779e-12
14.281	4.1186997890845344e-12
14.289	4.114089197084169e-12
14.297	4.109299492558869e-12
14.305	4.104704567215372e-12
14.312	4.100690326671605e-12
14.32	4.096109829596245e-12
14.328	4.091537002903135e-12
14.336	4.0869718294756616e-12
14.344	4.082228656235824e-12
14.352	4.077678945074899e-12
14.359	4.073704184285395e-12
14.367	4.06916871271792e-12
14.375	4.064455966686852e-12
14.383	4.059935824166713e-12
14.391	4.055423217833392e-12
14.398	4.0514808561561626e-12
14.406	4.046798276759271e-12
14.414	4.042307448111622e-12
14.422	4.037824090687908e-12
14.43	4.03334818792452e-12
14.438	4.028879723303724e-12
14.445	4.024792831298743e-12
14.453	4.020338471447579e-12
14.461	4.015891502168521e-12
14.469	4.011451907120917e-12
14.477	4.006837396045955e-12
14.484	4.0029653877443814e-12
14.492	3.998547103988549e-12
14.5	3.994136131236537e-12
14.508	3.989732453367056e-12
14.516	3.985154750204044e-12
14.523	3.981314034046507e-12
14.531	3.976931438950684e-12
14.539	3.9723753372096655e-12
14.547	3.9680073899490094e-12
14.555	3.96364664309523e-12
14.562	3.959836883746242e-12
14.57	3.955489595056475e-12
14.578	3.951149461415267e-12
14.586	3.9464572901285875e-12
14.594	3.942131813220891e-12
14.602	3.9376342363809075e-12
14.609	3.93386165289792e-12
14.617	3.9295567639209075e-12
14.625	3.9252589374447614e-12
14.633	3.920968158029156e-12
14.641	3.916684410275943e-12
14.648	3.9129418870794586e-12
14.656	3.908493385002165e-12
14.664	3.9040522505669376e-12
14.672	3.899795993319301e-12
14.68	3.895546692634171e-12
14.688	3.891304333359765e-12
14.695	3.887597951240732e-12
14.703	3.8833685664160825e-12
14.711	3.879146079669977e-12
14.719	3.87493047600965e-12
14.727	3.8705455382869635e-12
14.734	3.866692641552711e-12
14.742	3.862497125635848e-12
14.75	3.858308434469705e-12
14.758	3.854126553260081e-12
14.766	3.849951467252841e-12
14.773	3.846303829617667e-12
14.781	3.842141444986825e-12
14.789	3.837985813362228e-12
14.797	3.8336623652266525e-12
14.805	3.829346010183549e-12
14.812	3.8257274457645835e-12
14.82	3.82159822054379e-12
14.828	3.817475676916558e-12
14.836	3.813359800475138e-12
14.844	3.809250576850598e-12
14.852	3.805147991712693e-12
14.859	3.801390547073295e-12
14.867	3.797300556867505e-12
14.875	3.793044411173967e-12
14.883	3.7889677868577844e-12
14.891	3.784897731119927e-12
14.898	3.781341809547528e-12
14.906	3.7772840319086276e-12
14.914	3.773232782400441e-12
14.922	3.769016373048108e-12
14.93	3.76497832177985e-12
14.938	3.760946756472051e-12
14.945	3.757253292650149e-12
14.953	3.75323403421727e-12
14.961	3.749221221637596e-12
14.969	3.745214841135176e-12
14.977	3.741214878970844e-12
14.984	3.737549894604051e-12
14.992	3.733562111591473e-12
15	3.72958070733011e-12
15.008	3.725605668222838e-12
15.016	3.721467426186653e-12
15.023	3.71800018224171e-12
15.031	3.714043547808516e-12
15.039	3.710093225893934e-12
15.047	3.705980338777764e-12
15.055	3.702042781089032e-12
15.062	3.6986025636294964e-12
15.07	3.694676755161345e-12
15.078	3.690757193835113e-12
15.086	3.68684386640305e-12
15.094	3.682768937695314e-12
15.102	3.6788682162025705e-12
15.109	3.675460166425033e-12
15.117	3.671403728777117e-12
15.125	3.6675209569116965e-12
15.133	3.6636443412539855e-12
15.141	3.659773868796479e-12
15.148	3.656392234540608e-12
15.156	3.6525332456436624e-12
15.164	3.648514071450096e-12
15.172	3.644667456987419e-12
15.18	3.640660974034685e-12
15.188	3.636826681542307e-12
15.195	3.633476642338424e-12
15.203	3.629653690917829e-12
15.211	3.62583676978482e-12
15.219	3.622025866263239e-12
15.227	3.6182209677102152e-12
15.234	3.6147318159020215e-12
15.242	3.6107736994503753e-12
15.25	3.6069863403828166e-12
15.258	3.603204937062165e-12
15.266	3.5994294770074848e-12
15.273	3.596130815008221e-12
15.281	3.5923664650509018e-12
15.289	3.588608022658529e-12
15.297	3.5848554754762193e-12
15.305	3.5807822613415316e-12
15.312	3.5775090447283283e-12
15.32	3.573773718389675e-12
15.328	3.5700442391566837e-12
15.336	3.5663205948320005e-12
15.344	3.5626027732500665e-12
15.352	3.5588907622770074e-12
15.359	3.554998905600878e-12
15.367	3.5511364313664292e-12
15.375	3.54728006167944e-12
15.383	3.543591462397622e-12
15.391	3.53990861344869e-12
15.398	3.536690828296091e-12
15.406	3.5330187290463796e-12
15.414	3.528708185915429e-12
15.422	3.524404565765628e-12
15.43	3.5201078539544282e-12
15.438	3.5150147324568057e-12
15.445	3.511187104302217e-12
15.453	3.506750495798381e-12
15.461	3.5016797294698e-12
15.469	3.496777210141918e-12
15.477	3.491722361003826e-12
15.484	3.487285911657943e-12
15.492	3.4824059655166776e-12
15.5	3.4767345329901564e-12
15.508	3.471710827760877e-12
15.516	3.466854700811354e-12
15.523	3.4629310213525364e-12
15.531	3.458089094923099e-12
15.539	3.4530954858674986e-12
15.547	3.4482689737484237e-12
15.555	3.4434500913346347e-12
15.562	3.4382853985691323e-12
15.57	3.4333224145977623e-12
15.578	3.4285261071130835e-12
15.586	3.4237373646674113e-12
15.594	3.419432183030777e-12
15.602	3.4146582106214135e-12
15.609	3.4103286828118054e-12
15.617	3.4054105223386038e-12
15.625	3.400025172770037e-12
15.633	3.3951226543235714e-12
15.641	3.3903858957756727e-12
15.648	3.38608931570112e-12
15.656	3.3813665920507323e-12
15.664	3.3771246936375827e-12
15.672	3.372416463064655e-12
15.68	3.3677156090560537e-12
15.688	3.3623921004759756e-12
15.695	3.3579768008418747e-12
15.703	3.353297675005844e-12
15.711	3.348625863791104e-12
15.719	3.343961351607551e-12
15.727	3.3393041229048013e-12
15.734	3.335548900026704e-12
15.742	3.3309050852277445e-12
15.75	3.3262685098017616e-12
15.758	3.32101255220301e-12
15.766	3.316390808785569e-12
15.773	3.312196201006019e-12
15.781	3.3075880305641024e-12
15.789	3.3028307323267834e-12
15.797	3.2982369732658863e-12
15.805	3.2936503473748014e-12
15.812	3.290110888244085e-12
15.82	3.2849136814272645e-12
15.828	3.2803475776481687e-12
15.836	3.275788548436307e-12
15.844	3.2712365788096447e-12
15.852	3.2666916538239686e-12
15.859	3.262565166178207e-12
15.867	3.2580335072326314e-12
15.875	3.25350884998783e-12
15.883	3.249146333112618e-12
15.891	3.2446355379797595e-12
15.898	3.240384348992691e-12
15.906	3.2358867804839437e-12
15.914	3.2313961417004384e-12
15.922	3.2269124180245287e-12
15.93	3.222590188921506e-12
15.938	3.218120155903541e-12
15.945	3.2134423678359622e-12
15.953	3.209603034913625e-12
15.961	3.205152814258735e-12
15.969	3.200863552066829e-12
15.977	3.1964268820145148e-12
15.984	3.192396424930096e-12
15.992	3.1879725904876226e-12
16	3.1835555305366814e-12
16.008	3.17853048749321e-12
16.016	3.1742809130923726e-12
16.023	3.1708940905654356e-12
16.031	3.166503147692456e-12
16.039	3.1621189102788274e-12
16.047	3.1578945745907477e-12
16.055	3.153523612755152e-12
16.062	3.1495514521264997e-12
16.07	3.145193065911269e-12
16.078	3.1403827218676576e-12
16.086	3.1360378738178773e-12
16.094	3.1324629984795906e-12
16.102	3.1281308938040186e-12
16.109	3.1241932169933296e-12
16.117	3.1198735346227033e-12
16.125	3.1155604085920546e-12
16.133	3.1114060354748806e-12
16.141	3.1066495105639866e-12
16.148	3.102740405998384e-12
16.156	3.098452829706196e-12
16.164	3.094931067416538e-12
16.172	3.090656003346872e-12
16.18	3.086539064052559e-12
16.188	3.082276822803401e-12
16.195	3.0784011497728377e-12
16.203	3.0736968039446017e-12
16.211	3.069604725881302e-12
16.219	3.0653676206284605e-12
16.227	3.061136899715127e-12
16.234	3.0572891676805293e-12
16.242	3.053976292025839e-12
16.25	3.0497634077132933e-12
16.258	3.0455568573903204e-12
16.266	3.0410552498638513e-12
16.273	3.037234755710091e-12
16.281	3.0330466072984273e-12
16.289	3.0290151881561925e-12
16.297	3.024839504301145e-12
16.305	3.020670077361901e-12
16.312	3.0177778103465965e-12
16.32	3.013619643126278e-12
16.328	3.0091677246649144e-12
16.336	3.0056217254754665e-12
16.344	3.0020811059403183e-12
16.352	2.998695494530127e-12
16.359	2.99553167629327e-12
16.367	2.9921558225123703e-12
16.375	2.988635773481586e-12
16.383	2.985270229862614e-12
16.391	2.981909764262128e-12
16.398	2.9783963040998506e-12
16.406	2.9749564981161435e-12
16.414	2.971507011573859e-12
16.422	2.9680775930761063e-12
16.43	2.964653346930872e-12
16.438	2.9612342628598e-12
16.445	2.958180064299216e-12
16.453	2.95493366162326e-12
16.461	2.9511591624982714e-12
16.469	2.947760201450124e-12
16.477	2.944366352411254e-12
16.484	2.941334444223832e-12
16.492	2.937950205383559e-12
16.5	2.934571049417395e-12
16.508	2.9311969662662048e-12
16.516	2.9278279458954665e-12
16.523	2.9246413761608284e-12
16.531	2.9212820125537165e-12
16.539	2.9179276827345137e-12
16.547	2.9145783767639156e-12
16.555	2.911234084726878e-12
16.562	2.9082606210688402e-12
16.57	2.90492574374761e-12
16.578	2.901595851929891e-12
16.586	2.897934503289822e-12
16.594	2.894614816261569e-12
16.602	2.891489949917151e-12
16.609	2.8885424064797192e-12
16.617	2.8852368326362226e-12
16.625	2.8819361867113e-12
16.633	2.878655019636252e-12
16.641	2.875364189180245e-12
16.648	2.872103413863169e-12
16.656	2.8688365908653183e-12
16.664	2.8655601071777893e-12
16.672	2.8624915893290995e-12
16.68	2.858760802841006e-12
16.688	2.8550355132995223e-12
16.695	2.851671778388611e-12
16.703	2.8479568324885785e-12
16.711	2.8442473518316253e-12
16.719	2.8397771250928694e-12
16.727	2.8360790097806244e-12
16.734	2.8327392976418154e-12
16.742	2.8292679223539847e-12
16.75	2.8255997519541624e-12
16.758	2.8219225495928224e-12
16.766	2.818265143418675e-12
16.773	2.8149487212230637e-12
16.781	2.8105530344191074e-12
16.789	2.8069115440407945e-12
16.797	2.8032753837013054e-12
16.805	2.7996445427910056e-12
16.812	2.7965670474244677e-12
16.82	2.7929604452004886e-12
16.828	2.7893447724169216e-12
16.836	2.785734378304209e-12
16.844	2.781412914002584e-12
16.852	2.777813478678678e-12
16.859	2.7745627210221335e-12
16.867	2.7709731780402237e-12
16.875	2.7674031576321103e-12
16.883	2.764066918193224e-12
16.891	2.7605071475233367e-12
16.898	2.757264600464026e-12
16.906	2.7530157048349873e-12
16.914	2.749471297876096e-12
16.922	2.7459320396086714e-12
16.93	2.7423979198568613e-12
16.938	2.738868928468909e-12
16.945	2.735667914658213e-12
16.953	2.7321485821469203e-12
16.961	2.7288900610714253e-12
16.969	2.724713420238603e-12
16.977	2.7212096015746906e-12
16.984	2.7180308928832135e-12
16.992	2.714550816350574e-12
17	2.7110616044729905e-12
17.008	2.7075915922430337e-12
17.016	2.7041124418195186e-12
17.023	2.700969758188288e-12
17.031	2.697118372533877e-12
17.039	2.6936680450871884e-12
17.047	2.690222692105546e-12
17.055	2.686782303826996e-12
17.062	2.6836473144383526e-12
17.07	2.6802162854087585e-12
17.078	2.6767901930120138e-12
17.086	2.6733690275748834e-12
17.094	2.6699527794468155e-12
17.102	2.6662038771820648e-12
17.109	2.6631089182953034e-12
17.117	2.659707021043166e-12
17.125	2.6563240460810085e-12
17.133	2.6529318903306286e-12
17.141	2.6495445952012113e-12
17.148	2.6464848058917916e-12
17.156	2.6431066576060773e-12
17.164	2.639131151343859e-12
17.172	2.6360709477743008e-12
17.18	2.6327214312789614e-12
17.188	2.6293767030812728e-12
17.195	2.6263282315777378e-12
17.203	2.622992530459743e-12
17.211	2.619661590766451e-12
17.219	2.6163354032371086e-12
17.227	2.6124284030302634e-12
17.234	2.6094148310856613e-12
17.242	2.606409074923403e-12
17.25	2.6031014432735564e-12
17.258	2.5997985185564818e-12
17.266	2.596514194174262e-12
17.273	2.593520919433e-12
17.281	2.5902315330383793e-12
17.289	2.5863915661968793e-12
17.297	2.5831118367358783e-12
17.305	2.5798506268149115e-12
17.312	2.5768778587998525e-12
17.32	2.5739439676390426e-12
17.328	2.5706959240760607e-12
17.336	2.5674524827840007e-12
17.344	2.5641998087506922e-12
17.352	2.560426590413037e-12
17.359	2.5574918576095997e-12
17.367	2.554252743972212e-12
17.375	2.551032003407387e-12
17.383	2.547815812517015e-12
17.391	2.544948704941532e-12
17.398	2.5420335840211702e-12
17.406	2.538830288387477e-12
17.414	2.5356315087986182e-12
17.422	2.5319146620683803e-12
17.43	2.5287389348101478e-12
17.438	2.5255539437417863e-12
17.445	2.5226626219653982e-12
17.453	2.5194998108195666e-12
17.461	2.516670593603781e-12
17.469	2.513516481423684e-12
17.477	2.5103668013852873e-12
17.484	2.506988031318919e-12
17.492	2.5038469995218003e-12
17.5	2.500710374885849e-12
17.508	2.497578148973921e-12
17.516	2.4944503133681656e-12
17.523	2.491597560693849e-12
17.531	2.4888464892298243e-12
17.539	2.4857310865254604e-12
17.547	2.482129276236248e-12
17.555	2.47902286159046e-12
17.562	2.4762027593946895e-12
17.57	2.473118149382949e-12
17.578	2.4700242450726338e-12
17.586	2.4669346579034815e-12
17.594	2.463849379643393e-12
17.602	2.461148640678538e-12
17.609	2.4578894149019893e-12
17.617	2.4548165846652632e-12
17.625	2.4517615913499294e-12
17.633	2.4483449161287223e-12
17.641	2.4449328482230377e-12
17.648	2.4418020777603525e-12
17.656	2.4383851474357253e-12
17.664	2.4349863423449085e-12
17.672	2.430793856476454e-12
17.68	2.4277967484569624e-12
17.688	2.424411799431173e-12
17.695	2.421318556835908e-12
17.703	2.4179421763512187e-12
17.711	2.414583826127898e-12
17.719	2.4112164852004576e-12
17.727	2.4078671454286767e-12
17.734	2.404793478863875e-12
17.742	2.400670504656685e-12
17.75	2.397738832019246e-12
17.758	2.3944070535934075e-12
17.766	2.391079729294521e-12
17.773	2.388039016511987e-12
17.781	2.3847200743558355e-12
17.789	2.3814055608842613e-12
17.797	2.3781089145624073e-12
17.805	2.3740638167635844e-12
17.812	2.3710290370798146e-12
17.82	2.3681618849976673e-12
17.828	2.364882443194272e-12
17.836	2.3616073674888957e-12
17.844	2.3583366492687226e-12
17.852	2.3550702799392684e-12
17.859	2.352071633431148e-12
17.867	2.3480895909631856e-12
17.875	2.3448494292193576e-12
17.883	2.3416001754498887e-12
17.891	2.3387970776657842e-12
17.898	2.335817243230146e-12
17.906	2.3325936069180163e-12
17.914	2.3293742421505457e-12
17.922	2.3261591405334524e-12
17.93	2.322239969754353e-12
17.938	2.3190336545931544e-12
17.945	2.3160896872302235e-12
17.953	2.312891367146445e-12
17.961	2.3101510113912916e-12
17.969	2.3069742837696944e-12
17.977	2.3037884176443696e-12
17.984	2.300862606292971e-12
17.992	2.29701835103042e-12
18	2.2938581723518162e-12
18.008	2.2907021558683654e-12
18.016	2.2875502934332785e-12
18.023	2.2846427742417066e-12
18.031	2.281498739652982e-12
18.039	2.2788242097863074e-12
18.047	2.275688243825532e-12
18.055	2.2725563927639877e-12
18.062	2.2690423832001617e-12
18.07	2.2659185318061823e-12
18.078	2.2627987714207577e-12
18.086	2.2596963628444538e-12
18.094	2.2565847553109014e-12
18.102	2.253490473215483e-12
18.109	2.2511258993030163e-12
18.117	2.2477211294096323e-12
18.125	2.2434065044774984e-12
18.133	2.2400236806458987e-12
18.141	2.2366450706470967e-12
18.148	2.2335167899603035e-12
18.156	2.230146101370718e-12
18.164	2.2267928360491883e-12
18.172	2.2234305117495164e-12
18.18	2.220574981032065e-12
18.188	2.2163348040411776e-12
18.195	2.2132415441355533e-12
18.203	2.209908688333501e-12
18.211	2.2065799620209324e-12
18.219	2.203255356532775e-12
18.227	2.1999348632196624e-12
18.234	2.1968726270958705e-12
18.242	2.1935598601761133e-12
18.25	2.1899078498457408e-12
18.258	2.186616534966992e-12
18.266	2.1833292832309105e-12
18.273	2.1802847011050325e-12
18.281	2.1770050869576755e-12
18.289	2.1737295113170364e-12
18.297	2.1704579657173615e-12
18.305	2.167190441708068e-12
18.312	2.163332582650519e-12
18.32	2.1606133338349226e-12
18.328	2.1573706134547357e-12
18.336	2.154131875158389e-12
18.344	2.1508971106170506e-12
18.352	2.1476663115167668e-12
18.359	2.1446730877154427e-12
18.367	2.141462905918964e-12
18.375	2.138243498392988e-12
18.383	2.134225250787287e-12
18.391	2.1310270493693426e-12
18.398	2.128603476583821e-12
18.406	2.125412510074488e-12
18.414	2.1222254382063074e-12
18.422	2.1190422528415022e-12
18.43	2.1158629458566712e-12
18.438	2.1126875091427406e-12
18.445	2.1089825757795245e-12
18.453	2.10581458921403e-12
18.461	2.102663584475523e-12
18.469	2.100081046470061e-12
18.477	2.096937565030192e-12
18.484	2.094011334038633e-12
18.492	2.0908750434154622e-12
18.5	2.0877556726456403e-12
18.508	2.083879257211901e-12
18.516	2.0804921539276456e-12
18.523	2.0773463115693525e-12
18.531	2.073966461387265e-12
18.539	2.071193718142837e-12
18.547	2.0678214917675847e-12
18.555	2.0644793135296518e-12
18.562	2.0613499273855746e-12
18.57	2.0570315396882468e-12
18.578	2.0536873122724413e-12
18.586	2.0503599867733014e-12
18.594	2.0470364395622648e-12
18.602	2.043703552175205e-12
18.609	2.0412229046407826e-12
18.617	2.0379101325340335e-12
18.625	2.0346011054411093e-12
18.633	2.0303653410527594e-12
18.641	2.0270638615655164e-12
18.648	2.023996261759783e-12
18.656	2.020714867165101e-12
18.664	2.017437171117394e-12
18.672	2.0141631650069714e-12
18.68	2.0115216618398457e-12
18.688	2.0082680522427043e-12
18.695	2.0052195115871524e-12
18.703	2.0010689354840343e-12
18.711	1.9978259323034966e-12
18.719	1.9945865658069153e-12
18.727	1.991350827518358e-12
18.734	1.9883309617503817e-12
18.742	1.985115117285762e-12
18.75	1.9818897774340347e-12
18.758	1.9793227136049296e-12
18.766	1.9752403475235434e-12
18.773	1.9722489777245657e-12
18.781	1.969063742104061e-12
18.789	1.9658689700623895e-12
18.797	1.962677749694863e-12
18.805	1.959503164886778e-12
18.812	1.956540106287495e-12
18.82	1.9533590627367707e-12
18.828	1.950011353531107e-12
18.836	1.9468635335839784e-12
18.844	1.943706122532254e-12
18.852	1.9405522038529e-12
18.859	1.9376203256436763e-12
18.867	1.934486033555804e-12
18.875	1.9313421210955695e-12
18.883	1.9282147552534393e-12
18.891	1.924279388064789e-12
18.898	1.9220429162222314e-12
18.906	1.918938556447622e-12
18.914	1.915824536998834e-12
18.922	1.912504584781149e-12
18.93	1.909174961666185e-12
18.938	1.9058618295380647e-12
18.945	1.9027529493837083e-12
18.953	1.8984380350286123e-12
18.961	1.8951476756559473e-12
18.969	1.8925547182018565e-12
18.977	1.8892580301077188e-12
18.984	1.8861764837492133e-12
18.992	1.8828991556504024e-12
19	1.879638259565312e-12
19.008	1.876367593740635e-12
19.016	1.8731002451763244e-12
19.023	1.8690762214771123e-12
19.031	1.8658281017125236e-12
19.039	1.863304109446532e-12
19.047	1.8600626061829844e-12
19.055	1.856837482352005e-12
19.062	1.8537970061003907e-12
19.07	1.8505779874295067e-12
19.078	1.8473622187337954e-12
19.086	1.843205546912486e-12
19.094	1.840009306719089e-12
19.102	1.8368031717647696e-12
19.109	1.834539877228506e-12
19.117	1.8313529139126394e-12
19.125	1.828169149853285e-12
19.133	1.8249885763293773e-12
19.141	1.8218111846240127e-12
19.148	1.817921355395418e-12
19.156	1.814762951449428e-12
19.164	1.8116077039766186e-12
19.172	1.8084556043474188e-12
19.18	1.805306643936181e-12
19.188	1.802922321992104e-12
19.195	1.7999672040427471e-12
19.203	1.7968403951519028e-12
19.211	1.7928367044361538e-12
19.219	1.7897160378264814e-12
19.227	1.7865984613945183e-12
19.234	1.7836825644528058e-12
19.242	1.7805707433832871e-12
19.25	1.7774619876096163e-12
19.258	1.775144821358886e-12
19.266	1.7720553807663e-12
19.273	1.7683112188606169e-12
19.281	1.7652405397172445e-12
19.289	1.7621597373335237e-12
19.297	1.7590951046531214e-12
19.305	1.756020329743955e-12
19.312	1.7531432559551515e-12
19.32	1.7500872393178771e-12
19.328	1.7478366846098966e-12
19.336	1.7451155136462146e-12
19.344	1.7410818399605113e-12
19.352	1.7378534713063363e-12
19.359	1.734807211739041e-12
19.367	1.7315973919578741e-12
19.375	1.7283772854072393e-12
19.383	1.7251732234074645e-12
19.391	1.7219720273729703e-12
19.398	1.7197679520988388e-12
19.406	1.7159395765653664e-12
19.414	1.7130761654940768e-12
19.422	1.710228845692796e-12
19.43	1.7073712436212566e-12
19.438	1.7045297186518176e-12
19.445	1.7018661108177912e-12
19.453	1.699029988111304e-12
19.461	1.6961967379508517e-12
19.469	1.6929443368419222e-12
19.477	1.6901167980480909e-12
19.484	1.6874785030578964e-12
19.492	1.6846694886561396e-12
19.5	1.6818633110145833e-12
19.508	1.679059962930671e-12
19.516	1.6762594372067708e-12
19.523	1.6736331659355955e-12
19.531	1.6699403874852241e-12
19.539	1.6671478983782044e-12
19.547	1.66488625104227e-12
19.555	1.6621125600257006e-12
19.562	1.659511302975055e-12
19.57	1.6567428128855432e-12
19.578	1.6539902915084763e-12
19.586	1.6512273278704035e-12
19.594	1.6475954777174058e-12
19.602	1.6448511859690592e-12
19.609	1.640479248543316e-12
19.617	1.6364829205811119e-12
19.625	1.6319714723271519e-12
19.633	1.627447370912413e-12
19.641	1.6229371031251315e-12
19.648	1.6186320275478563e-12
19.656	1.6144019270456657e-12
19.664	1.6086397251844966e-12
19.672	1.6049976027783332e-12
19.68	1.6013975394731816e-12
19.688	1.5985610448650504e-12
19.695	1.5956887819222976e-12
19.703	1.5932847027947954e-12
19.711	1.5917112783521416e-12
19.719	1.5911669646464923e-12
19.727	1.5956754765895991e-12
19.734	1.5988758815538402e-12
19.742	1.6025037076783105e-12
19.75	1.607422353525427e-12
19.758	1.6143962847694925e-12
19.766	1.6228322016016363e-12
19.773	1.6343556440209738e-12
19.781	1.6487660316520193e-12
19.789	1.6468235906942834e-12
19.797	1.6449470110358369e-12
19.805	1.6430854352849895e-12
19.812	1.6413918406126352e-12
19.82	1.6395219205290288e-12
19.828	1.6381358421325254e-12
19.836	1.6362829574079532e-12
19.844	1.6344196966693208e-12
19.852	1.6325081167808222e-12
19.859	1.6308263312394839e-12
19.867	1.6289823362357404e-12
19.875	1.6271406082140689e-12
19.883	1.6253011433248409e-12
19.891	1.6234639377261393e-12
19.898	1.6217919858484931e-12
19.906	1.6204256430020014e-12
19.914	1.6185317038733731e-12
19.922	1.6167156539698178e-12
19.93	1.6148892414328383e-12
19.938	1.6314111566606286e-12
19.945	1.6472390823691292e-12
19.953	1.6622664431842617e-12
19.961	1.6763869856952223e-12
19.969	1.6899135965826993e-12
19.977	1.7169401419328803e-12
19.984	1.7288067368805495e-12
19.992	1.7400956731535329e-12
20	1.7511828535711189e-12
20.008	1.7619363002374904e-12
20.016	1.7722279540460678e-12
20.023	1.7823912266094753e-12
20.031	1.792099449812698e-12
20.039	1.801513125752848e-12
20.047	1.821128144322669e-12
20.055	1.8296746555828206e-12
20.062	1.8383143595488277e-12
20.07	1.846425958524614e-12
20.078	1.8543043425952326e-12
20.086	1.8619639510143296e-12
20.094	1.8693977826445783e-12
20.102	1.87668268430036e-12
20.109	1.8922690695912145e-12
20.117	1.898858920490574e-12
20.125	1.9053520435946527e-12
20.133	1.9116680253408276e-12
20.141	1.9178601402837335e-12
20.148	1.9240805491725806e-12
20.156	1.9299499637588213e-12
20.164	1.9356408874308817e-12
20.172	1.9478715084136e-12
20.18	1.95295549467132e-12
20.188	1.9577321933501517e-12
20.195	1.962714030399705e-12
20.203	1.967297131537063e-12
20.211	1.971794788066363e-12
20.219	1.9760719156218745e-12
20.227	1.9801309121197834e-12
20.234	1.9892759672452148e-12
20.242	1.9928884550661956e-12
20.25	1.996290039035568e-12
20.258	1.999578005935279e-12
20.266	2.0023735196492272e-12
20.273	2.00554170115918e-12
20.281	2.0082134025533853e-12
20.289	2.0107771309766627e-12
20.297	2.016611057359617e-12
20.305	2.0186717880139657e-12
20.312	2.0206412437487038e-12
20.32	1.9833189277944054e-12
20.328	1.984978859977269e-12
20.336	1.9861581896460024e-12
20.344	1.987519747750323e-12
20.352	1.988780240619236e-12
20.359	1.9900419805065048e-12
20.367	1.9929743780120823e-12
20.375	1.993651808483526e-12
20.383	1.9943250447984173e-12
20.391	1.9948080652023835e-12
20.398	1.995390389868995e-12
20.406	1.9953103366401204e-12
20.414	1.995413857113305e-12
20.422	1.995422782593108e-12
20.43	1.9962602560811455e-12
20.438	1.995987831435146e-12
20.445	1.9958176251577574e-12
20.453	1.995359454453716e-12
20.461	1.9948090258229125e-12
20.469	1.994166696053337e-12
20.477	1.9931581863027503e-12
20.484	1.9925279146331564e-12
20.492	1.9918860509755283e-12
20.5	1.990879233005809e-12
20.508	1.9897820822150514e-12
20.516	1.9886859326392603e-12
20.523	1.9876025251444965e-12
20.531	1.986326585663732e-12
20.539	1.984961175338972e-12
20.547	1.983143515583052e-12
20.555	1.9813280463018614e-12
20.562	1.9797979619380052e-12
20.57	1.9781677299264152e-12
20.578	1.9764489103978415e-12
20.586	1.9746416864883096e-12
20.594	1.9727462284840895e-12
20.602	1.97085305228263e-12
20.609	1.969062923146894e-12
20.617	1.9660906512021323e-12
20.625	1.963572825684358e-12
20.633	1.9614188307377933e-12
20.641	1.959177173522795e-12
20.648	1.9570375080338807e-12
20.656	1.9546205234704327e-12
20.664	1.9522062789063605e-12
20.672	1.9497947695773483e-12
20.68	1.9472959152868006e-12
20.688	1.943358445091378e-12
20.695	1.940512384965324e-12
20.703	1.937841832643091e-12
20.711	1.9351741189898326e-12
20.719	1.9324191511638943e-12
20.727	1.9295769558646267e-12
20.734	1.927013565787139e-12
20.742	1.9240866653474528e-12
20.75	1.919540555088194e-12
20.758	1.916529248904322e-12
20.766	1.913250293541631e-12
20.773	1.847704975926337e-12
20.781	1.8447260059757988e-12
20.789	1.8417217821573387e-12
20.797	1.8386922897713728e-12
20.805	1.8356468406065333e-12
20.812	1.830913228818101e-12
20.82	1.827797828876926e-12
20.828	1.824685076765401e-12
20.836	1.8214161048751314e-12
20.844	1.818289904092248e-12
20.852	1.8151382748003907e-12
20.859	1.8121629850316934e-12
20.867	1.808997469444372e-12
20.875	1.8038969022070906e-12
20.883	1.8007173661222927e-12
20.891	1.7975310052967483e-12
20.898	1.7945282782318527e-12
20.906	1.7912247220645705e-12
20.914	1.788036156982936e-12
20.922	1.7848500941677449e-12
20.93	1.7816665250194325e-12
20.938	1.776569758291154e-12
20.945	1.7735599907015694e-12
20.953	1.7703923779321013e-12
20.961	1.7672272251073923e-12
20.969	1.7640645236398897e-12
20.977	1.76091367386179e-12
20.984	1.7578480884989526e-12
20.992	1.7547017223603941e-12
21	1.7518026239757315e-12
21.008	1.7470403367803973e-12
21.016	1.7441554351208346e-12
21.023	1.7414386890628404e-12
21.031	1.7385678710877054e-12
21.039	1.735708973385405e-12
21.047	1.7328525579988602e-12
21.055	1.7297249550875795e-12
21.062	1.7270563111382408e-12
21.07	1.7224500750790214e-12
21.078	1.7196407233520924e-12
21.086	1.7168432785967682e-12
21.094	1.7140577373845184e-12
21.102	1.7112746418085436e-12
21.109	1.708674775386869e-12
21.117	1.7059151438155297e-12
21.125	1.7028930926394347e-12
21.133	1.6984534552683554e-12
21.141	1.695719830087385e-12
21.148	1.6931582020894178e-12
21.156	1.6904480243161775e-12
21.164	1.6877402500786231e-12
21.172	1.6850443484731915e-12
21.18	1.6823508397348098e-12
21.188	1.679669194654484e-12
21.195	1.6752798494070357e-12
21.203	1.6726214642576671e-12
21.211	1.6699749403649708e-12
21.219	1.6673402738927188e-12
21.227	1.6351919409418756e-12
21.234	1.6327421382314342e-12
21.242	1.6301502285651085e-12
21.25	1.6275702865274728e-12
21.258	1.6234838269108168e-12
21.266	1.620763184803909e-12
21.273	1.618361475801338e-12
21.281	1.6158192888050263e-12
21.289	1.6132890585333411e-12
21.297	1.6107610996884137e-12
21.305	1.6082450888488136e-12
21.312	1.6058917146707676e-12
21.32	1.6033896139143777e-12
21.328	1.599475166175382e-12
21.336	1.5970065578171527e-12
21.344	1.5944141618842291e-12
21.352	1.5919597214639281e-12
21.359	1.589675746975148e-12
21.367	1.5872448747809674e-12
21.375	1.5848259230634614e-12
21.383	1.582418887448466e-12
21.391	1.57870434415296e-12
21.398	1.5764684451516203e-12
21.406	1.5741065480394572e-12
21.414	1.5716303633814496e-12
21.422	1.5692728575830982e-12
21.43	1.5669369555002567e-12
21.438	1.5646032370725519e-12
21.445	1.5624271095557255e-12
21.453	1.558864020764654e-12
21.461	1.5565656982707994e-12
21.469	1.5542695383710298e-12
21.477	1.5519852519314583e-12
21.484	1.5497599382807182e-12
21.492	1.547489405056656e-12
21.5	1.5452404479110227e-12
21.508	1.5429936284506188e-12
21.516	1.5395728978689555e-12
21.523	1.5374926804905558e-12
21.531	1.5352714650782794e-12
21.539	1.5330620894804272e-12
21.547	1.530854825643038e-12
21.555	1.5285816144223623e-12
21.562	1.5265395928645048e-12
21.57	1.5243675496801247e-12
21.578	1.521088939520179e-12
21.586	1.5189308662730395e-12
21.594	1.5167846007819082e-12
21.602	1.5146404101601784e-12
21.609	1.512638281224015e-12
21.617	1.5105077041284803e-12
21.625	1.508320833684061e-12
21.633	1.5062041041959845e-12
21.641	1.5040894261592962e-12
21.648	1.501074658992537e-12
21.656	1.4989833607671423e-12
21.664	1.4968843679144869e-12
21.672	1.4947971368686405e-12
21.68	1.4927216611911869e-12
21.688	1.4906482069433766e-12
21.695	1.488714000904823e-12
21.703	1.4181264033240831e-12
21.711	1.4152258689088777e-12
21.719	1.4132248382225714e-12
21.727	1.4112155188351224e-12
21.734	1.409347991720311e-12
21.742	1.4073524564397251e-12
21.75	1.4053588223621573e-12
21.758	1.4033670855769853e-12
21.766	1.4013772421774396e-12
21.773	1.3987118048140323e-12
21.781	1.3967153408042057e-12
21.789	1.394730963720292e-12
21.797	1.3927382592614815e-12
21.805	1.3907474288938124e-12
21.812	1.3888756057712138e-12
21.82	1.386888283343712e-12
21.828	1.3848926194151759e-12
21.836	1.3820107871384039e-12
21.844	1.3801005382639452e-12
21.852	1.378110458251246e-12
21.859	1.376237926356357e-12
21.867	1.3742410976771967e-12
21.875	1.3722358981313417e-12
21.883	1.3702325339022213e-12
21.891	1.3682310009765177e-12
21.898	1.365436779136425e-12
21.906	1.363428448205255e-12
21.914	1.3615138954867812e-12
21.922	1.3595091981645194e-12
21.93	1.3574960933204121e-12
21.938	1.3554745761838412e-12
21.945	1.3535884320472018e-12
21.953	1.351570284572977e-12
21.961	1.3495539303172663e-12
21.969	1.3466192149601748e-12
21.977	1.3446063989213785e-12
21.984	1.3428300239540683e-12
21.992	1.3408103117234151e-12
22.999999999999996	1.2451795841209833e-12
23.884192216218374	1.1764938819844584e-12
24.802375557446364	1.1127995336152444e-12
25.755856749255898	1.0537338199662097e-12
26.74599275185275	9.989603805921772e-13
27.774192691253674	9.481672981842092e-13
28.841919864703925	9.01065322299785e-13
29.950693823189393	8.573862221735666e-13
31.10209253400695	8.168812592285397e-13
32.297754626470976	7.793197705889597e-13
33.5393817239517	7.444878555286715e-13
34.82874086556454	7.121871573745337e-13
36.16766702095667	6.822337339282819e-13
37.55806570177006	6.544570099742346e-13
39.001915673497166	6.286988059077182e-13
40.501271771588996	6.048124369525469e-13
42.05826782582309	5.826618778378983e-13
43.67511969709354	5.621209881776752e-13
45.35412843094467	5.430727941411452e-13
47.097683532336404	5.254088223241931e-13
48.908266366302	5.090284820278005e-13
50.788453689337615	4.938384924260217e-13
52.74092131654978	4.797523513613596e-13
54.768447929779306	4.666898427425045e-13
56.87391903212161	4.5457657973921637e-13
59.060331054471	4.433435811729973e-13
61.330795619933774	4.329268786912274e-13
63.68854397217836	4.232671524877519e-13
66.13693157402543	4.1430939349545893e-13
68.67944288282197	4.06002590127147e-13
71.31969630939614	3.9829943778076563e-13
74.06144936764946	3.9115606945475947e-13
76.90860402211585	3.8453180593945216e-13
79.86521224109745	3.783889241618908e-13
82.93548176328036	3.7269244236494897e-13
86.12378208603748	3.6740992089734997e-13
89.43465068394016	3.6251127748017537e-13
92.87279946632931	3.5796861589785807e-13
96.44312148313534	3.5375606713811125e-13
100.1506978884915	3.498496420761341e-13
104.00080517204985	3.462270948641797e-13
107.99892266829202	3.4286779624853006e-13
112.15074035452133	3.397526160924605e-13
116.46216694863432	3.3686381443619775e-13
120.93933831819551	3.3418494047349405e-13
125.5886262127846	3.3170073886951964e-13
130.41664733204126	3.2939706288658507e-13
135.43027274231466	3.2726079382297164e-13
140.6366376553184	3.252797663060991e-13
146.04315158270782	3.2344269901459967e-13
151.65750888103088	3.2173913043478266e-13
157.4876997020603	3.2015935928564264e-13
163.54202136409086	3.1869438927315064e-13
169.82909016038425	3.1733587785922287e-13
176.3578536215695	3.160760887536201e-13
183.13760324944653	3.149078478582368e-13
190.17798774031823	3.138245024128951e-13
197.4890267166688	3.128198831099921e-13
205.0811249867306	3.1188826896225645e-13
212.96508735223387	3.1102435472354613e-13
221.15213398541286	3.102232206771595e-13
229.65391639715136	3.0948030461961433e-13
238.48253401899598	3.087913758803505e-13
247.65055142263208	3.0815251122940745e-13
257.1710162013312	3.0756007253587757e-13
267.0574775388176	3.0701068604990863e-13
277.32400549198	3.065012231902717e-13
287.9852110148718	3.060287827280866e-13
299.05626675249596	3.0559067426524637e-13
310.5529286339695	3.0518440291345647e-13
322.49155829579456	3.0480765508663943e-13
334.88914636715435	3.0445828532579854e-13
347.76333665036543	3.041343040813113e-13
361.1324512309038	3.0383386638307765e-13
375.0155165527398	3.03555261334002e-13
389.4322904960896	3.03296902366979e-13
404.4032904961216	3.0305731820989826e-13
419.9498227426337	3.0283514450721834e-13
436.0940125022565	3.026291160503956e-13
452.85883560634056	3.0243805957292443e-13
470.2681511493338	3.0226088706895764e-13
488.346735444188	3.020965895974595e-13
507.12031728311865	3.019442315366074e-13
526.6156145538981	3.0180294525572354e-13
546.8603722637943	3.016719261743939e-13
567.8834020252696	3.0155042818063906e-13
589.7146230596334	3.0143775938204406e-13
612.3851047770021	3.0133327816565076e-13
635.9271109931716	3.0123638954417657e-13
660.3741458463195	3.0114654176775113e-13
685.7610014788922	3.0106322318187617e-13
712.1238075525338	3.0098595931371624e-13
739.5000826665225	3.0091431017012665e-13
767.9287877528958	3.008478677320326e-13
797.4503815242498	3.007862536308904e-13
828.1068780531244	3.00729116993999e-13
859.9419065649275	3.0067613244639147e-13
893.0007735294796	3.006269982579284e-13
927.3305271395559	3.005814346250403e-13
962.9800242681854	3.0053918207733584e-13
999.999999999999	3.0050000000000003e-13