0.01000000000000001	7.930728166172428e-19
0.010085535676775167	8.008043465676143e-19
0.010171802988750468	8.085278789610465e-19
0.0102588081940171	8.162401796475495e-19
0.010346557604195278	8.2393790427546145e-19
0.010435057584892084	8.316175961511548e-19
0.01052431455616323	8.3927568410835095e-19
0.010614334992978836	8.469084803907546e-19
0.010705125425693109	8.545121785519979e-19
0.010796692440518068	8.620828513771763e-19
0.010889042680001362	8.696164488305062e-19
0.010982182843508116	8.771087960339952e-19
0.011076119687706915	8.845555912822894e-19
0.011170860027059979	8.91952404099242e-19
0.011266410734317497	8.992946733420698e-19
0.01136277874101617	9.065777053593797e-19
0.011459971037982089	9.137966722097052e-19
0.011557994675837844	9.209466099476436e-19
0.01165685676551399	9.280224169851064e-19
0.01175656447876492	9.350188525356724e-19
0.011857125048689118	9.419305351504876e-19
0.011958545770253848	9.487519413547235e-19
0.012060834000824383	9.554774043940933e-19
0.012163997160697724	9.621011131015165e-19
0.01226804273364086	9.686171108946125e-19
0.01237297826743371	9.7501929491534e-19
0.012478811374416643	9.81301415323727e-19
0.012585549732042667	9.874570747583804e-19
0.012693201083434434	9.934797279771244e-19
0.012801773237945912	9.993626816919435e-19
0.012911274071728892	1.0050990946131673e-18
0.013021711528304378	1.0106819777186754e-18
0.013133093619138822	1.0161041947648288e-18
0.013245428424225276	1.0213584630566975e-18
0.013358724092669576	1.0264373544961897e-18
0.013472988843281491	1.0313332969276556e-18
0.013588230965170913	1.0360385758016771e-18
0.013704458818349217	1.0405453361788026e-18
0.0138216808343357	1.0448455850962448e-18
0.013939905516769213	1.0489311943217513e-18
0.014059141442025073	1.0527939035201704e-18
0.014179397259837207	1.056425323859612e-18
0.014300681693925605	1.059816942085526e-18
0.014423003542629207	1.062960125092516e-18
0.014546371679544142	1.0658461250252959e-18
0.014670795054167421	1.0684660849418429e-18
0.014796282692546204	1.0708110450735172e-18
0.014922843697932559	1.0728719497187696e-18
0.015050487251443813	1.0746396548089204e-18
0.015179222612728626	1.0761049361865192e-18
0.015309059120638683	1.077258498638865e-18
0.015440006193906156	1.0780909857314772e-18
0.015572073331826993	1.078592990488592e-18
0.015705270114950022	1.0787550669701613e-18
0.01583960620577191	1.0785677427973734e-18
0.015975091349438177	1.0780215326813262e-18
0.0161117353744501	1.0771069530122964e-18
0.01624954819337768	1.0758145375698846e-18
0.01638853980357879	1.0741348544174296e-18
0.016528720287924372	1.0720585240472007e-18
0.01667009981552986	1.0695762388462442e-18
0.016812688642492933	1.0666787839562479e-18
0.016956497112637504	1.0633570596044342e-18
0.01710153565826405	1.0596021049863264e-18
0.01724781480090646	1.055405123785223e-18
0.017395345152095277	1.0507575114174564e-18
0.01754413741412747	1.0456508840968362e-18
0.017694202380842843	1.0400771098163565e-18
0.01784555093840705	1.0340283413499843e-18
0.01799819406610127	1.0274970513824574e-18
0.018152142837118728	1.0204760698802384e-18
0.018307408419367965	1.0129586238223317e-18
0.01846400207628295	1.0049383794154418e-18
0.018621935167640224	9.964094869239831e-19
0.018781219150382954	9.873666282518189e-19
0.01894186557945201	9.778050674191924e-19
0.019103886108624256	9.677207040852739e-19
0.019267292491357935	9.571101302740004e-19
0.019432096581645256	9.459706904684631e-19
0.019598310334872377	9.343005452470469e-19
0.019765945808686673	9.220987386428427e-19
0.019935015163871382	9.093652694165481e-19
0.02010553066522786	8.961011664421461e-19
0.020277504682465263	8.823085684141995e-19
0.02045094969109787	8.679908080955333e-19
0.020625878273350145	8.531525013344776e-19
0.020802303119069457	8.377996410917762e-19
0.02098023702664661	8.219396967286075e-19
0.021159692903944354	8.055817188191104e-19
0.0213406837692337	7.887364497632671e-19
0.0215232227521383	7.714164404890135e-19
0.02170732309458696	7.536361735460852e-19
0.021892998151774222	7.354121929083672e-19
0.022080261393129148	7.167632408164127e-19
0.022269126403292514	6.977104020073733e-19
0.02245960688310224	6.782772556959085e-19
0.022651716650587253	6.584900356866632e-19
0.02284546964196996	6.383777990167108e-19
0.02304087991267719	6.179726035450278e-19
0.023237961638359787	5.973096949255154e-19
0.023436729115921012	5.764277034204404e-19
0.023637196764553656	5.627202348902962e-19
0.02383937912678602	5.492165535508134e-19
0.024043290869536937	5.358972372200385e-19
0.02424894678517973	5.227896565024021e-19
0.02445636179261524	5.099217965282198e-19
0.024665550938354184	4.973222133158442e-19
0.02487652939760862	4.850199841804695e-19
0.025089312475392773	4.730446517428695e-19
0.025303915607633384	4.614261610641064e-19
0.025520354362289437	4.501947894035241e-19
0.025738644440481462	4.393810680670004e-19
0.025958801677630632	4.2901569578047887e-19
0.026180842044607466	4.191294429901204e-19
0.026404781648890364	4.0975304645488107e-19
0.02663063673573417	4.0091709345989593e-19
0.026858423689348623	3.9265189493962094e-19
0.027088159034086855	3.8498734675811705e-19
0.027319859435644227	3.779527783500871e-19
0.027553541702267238	3.715767878801873e-19
0.02778922278597283	3.658870630295621e-19
0.028026919783778213	3.6091018646743214e-19
0.028266649938941076	3.5667142501174343e-19
0.028508430642210453	3.531945014262106e-19
0.028752279433088362	3.5050134774144836e-19
0.02899821400110214	3.4861183892511934e-19
0.02924625218708765	3.475435056599644e-19
0.029496411984483595	3.4731122491908467e-19
0.02974871154063676	3.479268869547292e-19
0.030003169158118504	3.4939903723991906e-19
0.030259803296052424	3.5173249182134233e-19
0.03051863257145352	3.549279244568677e-19
0.030779675760578697	3.589814238215507e-19
0.031042951800288796	3.6388401897192485e-19
0.03130847978942242	3.6772400663065826e-19
0.031576278990181395	3.654236246272515e-19
0.03184636882952803	3.6360790550114646e-19
0.03211876890059452	3.623028363115707e-19
0.03239349896410426	3.615345011612756e-19
0.03267057894980526	3.6132900461011753e-19
0.03295002895791604	3.617123875539741e-19
0.03323186926058369	3.6271053505516973e-19
0.03351612030335445	3.643490755806683e-19
0.03380280270665695	3.6665327107277977e-19
0.03409193726729807	3.696478972439443e-19
0.03438354495997152	3.733571134522149e-19
0.03467764693877954	3.778043214772736e-19
0.034974264538767404	3.830120124780851e-19
0.03527341927747109	3.890016013725301e-19
0.03557513285647832	3.9579324783646704e-19
0.03587942716300284	4.0340566307451503e-19
0.03618632427147208	4.118559014673584e-19
0.03649584644512864	4.211591361504056e-19
0.03680801613764529	4.3132841752605556e-19
0.03712285599475373	4.423744136565391e-19
0.03744038885588752	4.543051314261653e-19
0.03776063775583888	4.671256173006268e-19
0.0380836259264296	4.808376364467435e-19
0.038409376798196504	4.95439328908424e-19
0.0387379140020911	5.109248414635413e-19
0.03906926137119377	5.272155767073434e-19
0.03940344294244282	5.412382888238638e-19
0.039740482958378155	5.559987276100629e-19
0.040080405868899806	5.71506992572695e-19
0.040423236333041734	5.877715285787142e-19
0.04076899922076064	6.047989356994142e-19
0.04111771961474	6.225937653150408e-19
0.04146942281220979	6.411583016539177e-19
0.04182413432678156	6.604923278951829e-19
0.042181879890299194	6.80592875917069e-19
0.04254268545470571	7.014539587230579e-19
0.042906577193925814	7.230662845260879e-19
0.04327358150576461	7.454169514162473e-19
0.04364372501382266	7.68489121479847e-19
0.0440170345694273	7.92261673177274e-19
0.044393537253580445	8.167088307235578e-19
0.044773260378923256	8.41799769148871e-19
0.04515623149171743	8.674981936460908e-19
0.0455424783738434	8.937618917390018e-19
0.045932029044815866	9.2054225672746e-19
0.04632491176381634	9.477837807846562e-19
0.04672115503174308	9.754235159964798e-19
0.0471207875932788	9.996863852879533e-19
0.04752383843897578	1.021717722719331e-18
0.04793033680735888	1.0438073427301042e-18
0.04834031218704674	1.0659667178591243e-18
0.0487537943188909	1.0882099272424476e-18
0.04917081319813322	1.1105539026197951e-18
0.04959139907658193	1.1330186914049151e-18
0.05001558246480619	1.1556277378322007e-18
0.05044339413434928	1.1784081832466912e-18
0.05087486511996103	1.2013911866621375e-18
0.051310026721849124	1.2246122667722257e-18
0.0517489105079496	1.2481116666636288e-18
0.05219154831621705	1.2719347425463013e-18
0.05263797225693417	1.2961323778865252e-18
0.05308821471504105	1.320761424401908e-18
0.053542308352484635	1.3458851714549098e-18
0.054000286110588054	1.3715738454627078e-18
0.05446218121244018	1.3979051410265782e-18
0.054928027165305905	1.4280221775793057e-18
0.0553978577630568	1.46197704557262e-18
0.0558717070886225	1.4969120813624438e-18
0.05634960951646336	1.5327911798032554e-18
0.05683159971506404	1.569571073648987e-18
0.05731771264944832	1.6072007322935193e-18
0.05780798358371578	1.6456207214577234e-18
0.058302448083599835	1.6847625215966832e-18
0.05880114201904775	1.7245478026835031e-18
0.059304101566822885	1.764887652902887e-18
0.059811363213129	1.8056817586582923e-18
0.06032296375625697	1.846817533160696e-18
0.060838940309254436	1.8881691907244774e-18
0.06135933030261801	1.929596763746181e-18
0.0618841714870085	1.9709450591849246e-18
0.06241350193598961	2.012042551198332e-18
0.06294736004878988	2.047789142233431e-18
0.06348578455308816	2.0818421368699196e-18
0.06402881450782318	2.115090124866116e-18
0.06457648930602697	2.1474855530599505e-18
0.06512884867768244	2.1789814063304915e-18
0.06568593269260567	2.2095314226414567e-18
0.06624778176335265	2.2390903270910857e-18
0.06681443664815077	2.2676140862142746e-18
0.06738593845385582	2.2950601838539168e-18
0.06796232863893381	2.3213879199930848e-18
0.0685436490164685	2.3465587340184296e-18
0.06912994175719474	2.370536553967973e-18
0.06972124939255767	2.3932878372281436e-18
0.07031761481779786	2.41472800246339e-18
0.07091908129506337	2.429005788923672e-18
0.07152569245654797	2.4419449333026294e-18
0.07213749230765622	2.453765174349135e-18
0.07275452523019603	2.464719810937807e-18
0.07337683598559806	2.475098458728609e-18
0.07400446971816285	2.485229985323218e-18
0.07463747195833581	2.4954856340938813e-18
0.07527588862601016	2.506282347397042e-18
0.07591976603385786	2.518086300447444e-18
0.07656915089068962	2.53141665772003e-18
0.07722409030484309	2.5468495643680465e-18
0.07788463178760015	2.5650223857978856e-18
0.07855082325663378	2.59755668918719e-18
0.079222713039484	2.6406189623040147e-18
0.07990034987706364	2.688169039321317e-18
0.08058378292719429	2.740220434993765e-18
0.08127306176817231	2.7967669874021894e-18
0.08196823640236528	2.8577808192812973e-18
0.08266935725983952	2.9232101551925444e-18
0.08337647520201832	2.99297698593857e-18
0.08408964152537149	3.0669745711493507e-18
0.08480890796513679	3.1450647704801108e-18
0.08553432669907284	3.2270751933458376e-18
0.08626595035124408	3.3102827465917515e-18
0.08700383199583867	3.3938089245371034e-18
0.08774802516101832	3.480718847147564e-18
0.08849858383280143	3.571030031702954e-18
0.0892555624589796	3.664750230620822e-18
0.09001901595306726	3.761876435854852e-18
0.09078899969828517	3.862393814010577e-18
0.09156556955157841	3.9662745680893384e-18
0.09234878184766815	4.073476721551363e-18
0.09313869340313832	4.183942820157893e-18
0.09393536152055744	4.293667842568423e-18
0.09473884399263548	4.39335252588498e-18
0.09554919910641609	4.4966884994176e-18
0.09636648564750525	4.604810064271737e-18
0.09719076290433556	4.718976664503876e-18
0.09802209067246719	4.840582322221394e-18
0.09886052925892572	4.9711656615366916e-18
0.099706139486577	5.112420554295496e-18
0.10055898269853926	5.266207422214946e-18
0.10141912076263336	5.4345652318681214e-18
0.10228661607587068	5.670910376762857e-18
0.10316153156897974	5.935033173926651e-18
0.1040439307109712	6.214632561506966e-18
0.10493387751374225	6.5068720446141435e-18
0.10583143653672021	6.808509902900372e-18
0.10673667289154577	7.115868941420362e-18
0.10764965224679647	7.424801184169137e-18
0.1085704408327505	7.730651100810423e-18
0.10949910544619117	8.014878237535766e-18
0.11043571345525259	8.193635175928971e-18
0.11138033280430686	8.358131347685688e-18
0.11233303201889273	8.511839874021829e-18
0.11329388021068687	8.658743187219347e-18
0.11426294708251737	8.803374759575591e-18
0.11524030293342011	8.950863538043041e-18
0.11622601866373852	9.106981239070917e-18
0.11722016578026705	9.281570961437239e-18
0.1182228164014382	9.587306737390765e-18
0.1192340432625544	9.916173233449358e-18
0.12025391972106453	1.0264129783737374e-17
0.12128251976188523	1.0626547136601171e-17
0.12231991800276815	1.0998159693379545e-17
0.12336618969971301	1.1373014669307072e-17
0.12442141075242678	1.1744418001481312e-17
0.12548565770982964	1.2056853981589916e-17
0.12655900777560827	1.2294895641265028e-17
0.1276415388138162	1.2518358347249505e-17
0.12873332935452242	1.273146171985164e-17
0.1298344585995083	1.2939030078527249e-17
0.13094500642801282	1.3146541692566867e-17
0.13206505340252755	1.3360181216618092e-17
0.13319468077464083	1.3616858501105653e-17
0.13433397049093185	1.395088032938281e-17
0.13548300519891543	1.4302152970189582e-17
0.1366418682530376	1.4666741834400257e-17
0.13781064372072216	1.504016778830528e-17
0.13898941638846937	1.5417363431288876e-17
0.14017827176800657	1.579262670741856e-17
0.14137729610249145	1.6104900391125117e-17
0.14258657637276828	1.6374497574753716e-17
0.14380620030367805	1.6638814527977794e-17
0.14503625637042197	1.6904492721154517e-17
0.14627683380497988	1.7179022890094503e-17
0.14752802260258355	1.7470811959963212e-17
0.14878991352824483	1.7807010319690022e-17
0.15006259812334038	1.822509202213556e-17
0.15134616871225226	1.8680752139530798e-17
0.1526407184090652	1.91745730200874e-17
0.15394634112432182	1.9707037493339337e-17
0.15526313157183463	2.0278517174540225e-17
0.15659118527555735	2.0888066895004753e-17
0.1579305985765143	2.1533664729831427e-17
0.1592814686397891	2.2219492526628045e-17
0.16064389346157362	2.2946326244154492e-17
0.16201797187627684	2.3714872304645982e-17
0.16340380356369447	2.4525758614887643e-17
0.16480148905624	2.5378484400731294e-17
0.16621112974623795	2.627374805868708e-17
0.16763282789327877	2.72132097372529e-17
0.16906668663163726	2.819755147240286e-17
0.17051280997775436	2.9227375151209346e-17
0.1719713028377825	3.030503722557346e-17
0.17344227101519602	3.145622979845678e-17
0.17492582121846656	3.2648311349974574e-17
0.17642206106880376	3.387404503906789e-17
0.1779310991079626	3.512519289852895e-17
0.17945304480611735	3.639243708589634e-17
0.18098800856980277	3.7573387557422165e-17
0.18253610174992335	3.8749218007124065e-17
0.18409743664983128	3.9953246668158226e-17
0.1856721265334728	4.12038574415349e-17
0.1872602856336051	4.2521604867102717e-17
0.18886202916008313	4.410017546039159e-17
0.19047747330821688	4.5787359061910334e-17
0.1921067352672009	4.752132599690749e-17
0.19374993322861553	4.926660871639298e-17
0.1954071863950007	5.097239702863229e-17
0.19707861498850326	5.243483165010274e-17
0.19876434025959852	5.382399704244173e-17
0.2004644844958858	5.51453702297389e-17
0.20217917103095967	5.640559345799597e-17
0.20390852425335704	5.766401283262414e-17
0.20565266961558054	5.892760601245038e-17
0.20741173364319918	6.011004900178967e-17
0.2091858439440272	6.118227569820932e-17
0.2109751292173807	6.210692623470686e-17
0.21277971926341419	6.259882835124476e-17
0.21459974499253665	6.295634531081271e-17
0.21643533843490798	6.323883517758244e-17
0.21828663275001697	6.351357386906072e-17
0.2201537622363413	6.408839690075327e-17
0.2220368623410896	6.482220268553176e-17
0.22393606967002735	6.560869307728308e-17
0.22585152199738687	6.641520248322555e-17
0.2277833582758615	6.713831860179437e-17
0.22973171864668587	6.778592315896674e-17
0.23169674444980234	6.839451086662026e-17
0.23367857823411384	6.896205125741767e-17
0.23567736376782497	6.946772382054846e-17
0.23769324604887163	6.992466467919636e-17
0.23972637131543909	7.035410140375307e-17
0.24177688705657094	7.076862829003845e-17
0.24384494202286847	7.130940669014155e-17
0.245930686237281	7.18472045685088e-17
0.24803427100598946	7.22881646559843e-17
0.25015584892938253	7.253985208348483e-17
0.25229557391312646	7.227087297842081e-17
0.25445360117933	7.182858637059034e-17
0.25663008727780506	7.129303212145127e-17
0.2588251900974226	7.086685074738582e-17
0.2610390688775668	7.062158642636748e-17
0.2632718842196868	7.041462780964176e-17
0.26552379809894705	7.022840099194085e-17
0.2677949738759774	7.005726966423102e-17
0.27008557630872415	6.985750652834817e-17
0.27239577156440176	6.959359596750659e-17
0.2747257272315469	6.913356912006203e-17
0.27707561233217676	6.849768730208884e-17
0.2794455973340492	6.781595024130994e-17
0.2818358541630298	6.718977057963312e-17
0.2842465562155638	6.674638847520235e-17
0.28667787837125447	6.635149141895163e-17
0.2891299970055496	6.59796780567378e-17
0.29160309000253654	6.556200594218717e-17
0.294097336767846	6.514058384438571e-17
0.2966129182416669	6.471540822411379e-17
0.2991500169118725	6.428605624410186e-17
0.30170881682725825	6.385292725232606e-17
0.30428950361089335	6.341615035775714e-17
0.30689226447358686	6.285673300106477e-17
0.3095172882274678	6.235354694900199e-17
0.31216476529968257	6.204574758924643e-17
0.3148348877462093	6.238169249906108e-17
0.3175278492657896	6.299839225631218e-17
0.32024384521398064	6.36854936125483e-17
0.3229830726173263	6.398420872073656e-17
0.3257457301876506	6.418670392096501e-17
0.3285320183364725	6.435578679974259e-17
0.3313421391895444	6.45792909484948e-17
0.33417629660151504	6.480475936763165e-17
0.33703469617071774	6.50093255675741e-17
0.33991754525408496	6.519778941255363e-17
0.3428250529821908	6.545939699833204e-17
0.3457574302744219	6.59878342733542e-17
0.3487148898542782	6.666479705038603e-17
0.3516976462648042	6.728908974537647e-17
0.35470591588415323	6.749683005872886e-17
0.3577399169412836	6.764961587779085e-17
0.3607998695317898	6.801602336448107e-17
0.3638859956338688	6.864905189598834e-17
0.3669985191244234	6.927538781106561e-17
0.3701376657953022	6.960153870589429e-17
0.37330366336968007	6.977861086962612e-17
0.37649674151857726	6.987475434443766e-17
0.3797171318775206	6.990457793964705e-17
0.3829650680633471	6.98197779474361e-17
0.3862407856911515	6.958076270778286e-17
0.3895445223913776	6.921098758163728e-17
0.39287651782705785	6.869384191483431e-17
0.3962370137111984	6.8071682097522e-17
0.3996262538243139	6.743274739022533e-17
0.40304448403211224	6.682445685734138e-17
0.4064919523033304	6.616353626633562e-17
0.40996890872772246	6.537552226656724e-17
0.4134756055342024	6.45371175525221e-17
0.41701229710914106	6.372708179529401e-17
0.4205792400148204	6.289350354499376e-17
0.42417669300804534	6.192333845333604e-17
0.42780491705891455	6.089442425828788e-17
0.431464175369752	6.00677551706788e-17
0.43515473339420074	5.943993570163972e-17
0.4388768588564795	5.868069012290734e-17
0.44263082177080393	5.761781044991485e-17
0.44641689446097493	5.619820960539339e-17
0.45023535158013334	5.4375186405694185e-17
0.45408647013068415	5.2623634643843277e-17
0.4579705294843912	5.1265559925344075e-17
0.4618878114026438	5.0055310357091053e-17
0.4658386000568959	4.8912509867410004e-17
0.4698231820492818	4.787650473010281e-17
0.47384184643340627	4.694351408484974e-17
0.47789488473531344	4.601846002051985e-17
0.4819825909746356	4.5061550123009944e-17
0.4861052616859216	4.423512275702106e-17
0.49026319594014867	4.3553364218948804e-17
0.4944566953664179	4.2733518490332494e-17
0.49868606417383543	4.1831650556615114e-17
0.5029516091735804	4.1334355273949985e-17
0.507253639801162	4.1024910823854895e-17
0.5115924681388676	4.0263798221457265e-17
0.5159684089384007	3.940029364818622e-17
0.5203817796437155	3.8836636998888006e-17
0.5248329004140442	3.8324185568041405e-17
0.5293220941471226	3.7773874138385985e-17
0.5338496865026144	3.723534074218051e-17
0.5384160059257352	3.6735222118598304e-17
0.5430213836710788	3.6338184645096356e-17
0.5476661538266476	3.598021942625011e-17
0.5523506533380887	3.559633919888141e-17
0.5570752220331361	3.528701917766094e-17
0.5618402026462637	3.5055685963428844e-17
0.5666459408435477	3.482421744615649e-17
0.5714927852477427	3.454526413003415e-17
0.5763810874635713	3.419169208869901e-17
0.5813112021032311	3.39269342049256e-17
0.5862834868121192	3.373826508114823e-17
0.5912983022947766	3.3538109735362447e-17
0.5963560123410552	3.3282555374799585e-17
0.6014569838525079	3.297088745395417e-17
0.6066015868690049	3.268901725504281e-17
0.6117901945955775	3.224362751453418e-17
0.6170231834294914	3.166776915631108e-17
0.6223009329875517	3.1351111055951314e-17
0.627623826133642	3.111208052303625e-17
0.6329922490064976	3.078125081865737e-17
0.6384065910477176	3.0070281506322577e-17
0.6438672450300165	2.96543933978416e-17
0.6493746070857164	2.9519197023273975e-17
0.6549290767354843	2.927700893250838e-17
0.6605310569173143	2.887036790980451e-17
0.6661809540157576	2.8387809237166183e-17
0.6718791778914035	2.792436236691201e-17
0.6776261419106113	2.7496231953995502e-17
0.6834222629754977	2.702754323357658e-17
0.6892679615541796	2.6498899239038877e-17
0.6951636617112767	2.5925888527740607e-17
0.7011097911386738	2.536906545962827e-17
0.7071067811865475	2.4577936681200833e-17
0.713155066894657	2.392665274874086e-17
0.7192550870239038	2.3655394332005585e-17
0.7254072840881604	2.3162545226699375e-17
0.7316121043863714	2.266212618537959e-17
0.7378699980349299	2.2135839181830146e-17
0.7441814190003303	2.1558081018093068e-17
0.7505468251320994	2.0952869713374926e-17
0.7569666781960114	2.039288631770366e-17
0.7634414439075854	1.9845710411093365e-17
0.7699715919658693	1.9088351452139287e-17
0.7765575960875141	1.8396499367556308e-17
0.7831999340411376	1.7903740680536954e-17
0.7898990876819844	1.7432477886007145e-17
0.7966555429868803	1.717250348117937e-17
0.8034697900894867	1.657526435741397e-17
0.8103423233158565	1.593866301127753e-17
0.8172736412202942	1.534227112242219e-17
0.8242642466215218	1.4822835088909287e-17
0.8313146466391556	1.4236759253215856e-17
0.8384253527304938	1.3607916146071814e-17
0.8455968807276192	1.3136594580806164e-17
0.8528297508748192	1.2689366308014815e-17
0.8601244878663259	1.2329347887071767e-17
0.8674816208843792	1.218860237377565e-17
0.8749016836376149	1.1863042554871503e-17
0.8823852143997818	1.1536212803362739e-17
0.8899327560487896	1.1208988029374337e-17
0.8975448561060911	1.07943240119061e-17
0.9052220667764008	1.0507850920947576e-17
0.9129649449877536	1.02404774227836e-17
0.9207740524319059	9.96573008371152e-18
0.9286499556050827	9.728427567165501e-18
0.9365932258490729	9.668367927888331e-18
0.9446044393926758	9.484427863794238e-18
0.952684177393503	9.318488602114724e-18
0.9608330259801369	9.107222271036217e-18
0.9690515762946502	8.94796451321711e-18
0.97734042453549	8.790987157575057e-18
0.9857001720007263	8.668449263971588e-18
0.9941314251316736	8.549332410610274e-18
1.0026347955568826	8.482190429970607e-18
1.0112109001365108	8.435525953863518e-18
1.01986036100707	8.342991143501263e-18
1.0285838056265597	8.26274382436712e-18
1.0373818668199835	8.185848276890632e-18
1.0462551828252558	8.10603083646202e-18
1.0552043973395033	8.024942652003725e-18
1.0642301595657593	7.947142584883868e-18
1.0733331242600583	7.911341044523786e-18
1.0825139517789364	7.900703246087064e-18
1.0917733081273326	7.838146684987306e-18
1.1011118650069052	7.781101550576077e-18
1.1105302998647575	7.72863141726374e-18
1.1200292959425826	7.654532853329618e-18
1.1296095423262278	7.580205744442502e-18
1.139271733995683	7.505581219066006e-18
1.1490165718754959	7.43056104857141e-18
1.1588447628856202	7.361205761012411e-18
1.168757019992697	7.289356776304212e-18
1.1787540622617765	7.216245939372042e-18
1.1888366149084793	7.148617037439383e-18
1.1990054093516078	7.079873773689524e-18
1.2092611832662044	7.025070880402947e-18
1.2196046806370648	6.964994030595048e-18
1.230036651812709	6.940140443451646e-18
1.240557853559814	6.892614585710803e-18
1.2511690491181118	6.8464347532394084e-18
1.2618710082557567	6.792242575337061e-18
1.2726645073251674	6.723774703959389e-18
1.2835503293193455	6.632750414802744e-18
1.2945292639286763	6.590043073988224e-18
1.3056021075982152	6.533786969734455e-18
1.3167696635854638	6.491894423621125e-18
1.3280327420186417	6.449080463817443e-18
1.3393921599554552	6.407706266645714e-18
1.3508487414423682	6.337930863446531e-18
1.3624033175743828	6.278059526711511e-18
1.3740567265553274	6.230282789099217e-18
1.3858098137586643	6.168708375907789e-18
1.3976634317888146	6.106650003337525e-18
1.4096184405430092	6.0510269099601415e-18
1.4216757072736683	5.979097724640973e-18
1.433836106651314	5.9303895084064425e-18
1.4461005208280215	5.86914596563694e-18
1.458469839501415	5.797409910061571e-18
1.4709449599792062	5.719100228387646e-18
1.483526787244289	5.618481839505847e-18
1.4962162340203908	5.552035902443872e-18
1.5090142208382822	5.486581659539816e-18
1.5219216761025562	5.4065274328537546e-18
1.5349395361589777	5.291222205175963e-18
1.5480687453624082	5.174744047738255e-18
1.5613102561453127	5.063277182187971e-18
1.5746650290868514	4.948939928312878e-18
1.588134032982563	4.877822722024842e-18
1.6017182449146457	4.739531351237034e-18
1.6154186503228352	4.638905017718692e-18
1.6292362430758927	4.533801921534437e-18
1.6431720255437041	4.435727487272555e-18
1.657227008669993	4.377977039160975e-18
1.6714022120456589	4.238446056904764e-18
1.6856986639827412	4.125921657089932e-18
1.7001174015890155	4.01436265940305e-18
1.7146594708432294	3.898499772015557e-18
1.7293259266709806	3.834316152830591e-18
1.7441178330212437	3.7351262414194345e-18
1.7590362629435532	3.652227494001135e-18
1.7740822986658455	3.579108529661831e-18
1.7892570316729668	3.5245959131318105e-18
1.8045615627858524	3.5074311361608325e-18
1.819997002241385	3.4494761676225903e-18
1.8355644697729327	3.3993021899537943e-18
1.851265094691579	3.354137206369798e-18
1.8671000159680462	3.323820816659073e-18
1.8830703823153199	3.313913345582726e-18
1.8991773522719795	3.289319201726223e-18
1.9154220942862432	3.2859582223239723e-18
1.93180578680073	3.293291447041184e-18
1.9483296183379466	3.3025652257312197e-18
1.9649947875865088	3.311042125229183e-18
1.9818025034880962	3.3220513673861055e-18
1.9987539853251517	3.364868124991501e-18
2.0158504628093348	3.397242877818397e-18
2.0330931761707265	3.4257993122486384e-18
2.050483376247798	3.465281155102402e-18
2.068022324578155	3.5015416503140466e-18
2.085711293490048	3.526033746010818e-18
2.103551566194674	3.571523169618621e-18
2.121544436879265	3.627491626916686e-18
2.139691210800969	3.673165813093549e-18
2.157993204381541	3.710417046060545e-18
2.1764517453028374	3.760774600397109e-18
2.195068172603133	3.805402498072425e-18
2.213843836774255	3.841772654919495e-18
2.232780099859555	3.869745859563236e-18
2.251878335552714	3.897070513757518e-18
2.271139929297396	3.913156161539844e-18
2.29056627838775	3.9491288499138215e-18
2.310158792069775	3.975074494790203e-18
2.329918891643552	4.0072161365042434e-18
2.349848010566348	4.032609765187704e-18
2.3699475945566033	4.0559715633724674e-18
2.390219101698809	4.0818274585031405e-18
2.410664002549281	4.114782013233116e-18
2.4312837802428375	4.130559231752595e-18
2.4520799306003913	4.139342061764832e-18
2.47305396223746	4.1528078792672974e-18
2.494207396673607	4.1653856579780964e-18
2.5155417684428154	4.165249149755519e-18
2.537058625204809	4.183668778945739e-18
2.5587595278573234	4.1955739389653324e-18
2.5806460506493396	4.254017982014008e-18
2.6027197812952827	4.318522270463701e-18
2.6249823210902012	4.385313602940161e-18
2.647435285025929	4.471808354972212e-18
2.6700803019082415	4.502275002133042e-18
2.6929190144750157	4.528909055241194e-18
2.715953079515397	4.585986836552181e-18
2.7391841679899893	4.62219241862475e-18
2.762613965152072	4.6588554654750295e-18
2.7862441706698506	4.684175915972773e-18
2.810076498749759	4.678442932250513e-18
2.834112678260812	4.672264728596711e-18
2.8583544528600218	4.701399314020721e-18
2.8828035811188886	4.74340202485305e-18
2.9074618366509744	4.806827009282491e-18
2.932331008240563	4.82828026554023e-18
2.9574128999724265	4.8129102714226126e-18
2.9827093313626993	4.810948944611026e-18
3.008222137490868	4.7929723756034155e-18
3.0339531691328974	4.752941487988325e-18
3.059904292895489	4.7378227614680565e-18
3.0860773913514925	4.714934953431518e-18
3.112474363176469	4.696655913982602e-18
3.1390971232864318	4.67071691528519e-18
3.165947602976758	4.6421094988100705e-18
3.193027750062289	4.604113797234107e-18
3.2203395290186325	4.572795321737132e-18
3.247884921124673	4.514200145254094e-18
3.2756659246062965	4.414990531926843e-18
3.3036845547813485	4.341447696523358e-18
3.3319428442058348	4.248575504953859e-18
3.360442842821364	4.184421589484859e-18
3.38918661810386	4.147538180473441e-18
3.4181762552135426	4.045016126032684e-18
3.4474138571461896	3.969248608989588e-18
3.476901544885695	3.902746160516211e-18
3.5066414575579348	3.845838920455311e-18
3.5366357525859398	3.807443295985694e-18
3.566886605846405	3.772332065493755e-18
3.5973962118275375	3.7204473302242015e-18
3.628166783788244	3.644769998320758e-18
3.6592005539186907	3.5449087060331805e-18
3.6904997735022382	3.497906391596875e-18
3.7220667130787466	3.4595313617397056e-18
3.7539036626092943	3.4309597070879386e-18
3.786012931642298	3.3939345004420635e-18
3.8183968494810507	3.3657217245264487e-18
3.8510577653526994	3.3294227150012933e-18
3.883998048578667	3.3015425369851447e-18
3.9172200887465247	3.2658585543396638e-18
3.950726295883342	3.245844126751238e-18
3.984519100630522	3.2330364175651385e-18
4.01860095442012	3.223752237063347e-18
4.052974329652682	3.206390030994183e-18
4.087641719876601	3.1931169204601227e-18
4.122605639969001	3.185892180321139e-18
4.157868626318185	3.1726693889097315e-18
4.193433237007619	3.1654669434387353e-18
4.229302052001507	3.1553809291106285e-18
4.265477673331959	3.1504991093311757e-18
4.301962725287737	3.1516618730165336e-18
4.3387598546046355	3.1529804604320312e-18
4.375871730657485	3.1569390581354218e-18
4.413301045653792	3.169167632549341e-18
4.451050514829043	3.1838362443119088e-18
4.489122876643676	3.1985981885355745e-18
4.527520892981732	3.210568235955367e-18
4.566247349351218	3.2248087397118255e-18
4.605305055086172	3.244948874279774e-18
4.644696843550457	3.2738288697079915e-18
4.68442557234331	3.301851952258808e-18
4.724494123506634	3.3273016756824714e-18
4.764905403734074	3.3627632193772953e-18
4.805662344581874	3.4164875621640896e-18
4.846767902681545	3.4606593147275147e-18
4.888225059954344	3.5111711228584906e-18
4.930036823827591	3.561214713410087e-18
4.972206227452847	3.621701024531436e-18
5.01473632992593	3.680913461103213e-18
5.057630216508849	3.732514530557331e-18
5.100890998853607	3.788124110552747e-18
5.144521815227932	3.8647104243602426e-18
5.1885258307429405	3.936816399021735e-18
5.23290623758274	4.005362374049459e-18
5.277666255235999	4.089741288303149e-18
5.322809130729501	4.179391731167844e-18
5.368338138863696	4.26561081946372e-18
5.414256582450256	4.353665327644833e-18
5.46056779255168	4.4406975980973714e-18
5.5072751287229345	4.531415065091253e-18
5.554381979255166	4.620323561534265e-18
5.6018917614214985	4.723885610401402e-18
5.649807921724936	4.820133500066208e-18
5.698133936148376	4.9101785855389674e-18
5.74687331040677	5.005010107371513e-18
5.796029580201445	5.09577918659441e-18
5.8456063114765815	5.177526121270664e-18
5.89560710067791	5.261382291153554e-18
5.946035575013601	5.3421104758656624e-18
5.996895392717398	5.421993614631452e-18
6.0481902433139885	5.490045404160035e-18
6.099923847886666	5.5642822754658386e-18
6.152099959347258	5.630515705177757e-18
6.2047223627083765	5.691448623379246e-18
6.257794875357999	5.743834194253246e-18
6.311321347336386	5.802142351067983e-18
6.365305661615377	5.854158012598772e-18
6.41975173438008	5.904156274200372e-18
6.47466351531295	5.941330262002375e-18
6.530044987880321	5.9805031425952144e-18
6.585900169621379	5.997796670552151e-18
6.642233112439599	6.0025622303018885e-18
6.699047902896687	6.0375117700183305e-18
6.756348662509035	6.039993250425771e-18
6.8141395480467	6.041691970463363e-18
6.872424751834954	6.041626349547687e-18
6.93120850205841	6.041904878241732e-18
6.9904950630677405	6.027352183479238e-18
7.05028873568903	6.011138245622788e-18
7.110593857535774	5.994495460597113e-18
7.171414803323535	5.978790740512659e-18
7.232755985187301	5.9647872492168966e-18
7.294621853001559	5.949459113044535e-18
7.3570168947030945	5.934398985771605e-18
7.419945636616564	5.91947291014182e-18
7.483412643782852	5.9214907778106394e-18
7.547422520290228	5.919590015062875e-18
7.611979909608336	5.943100319350533e-18
7.677089494925063	5.946737088989591e-18
7.742755999486251	5.9866775154067086e-18
7.808984186938347	6.0260274884872636e-18
7.875778861673976	6.075920308889994e-18
7.943144869180454	6.136931757923546e-18
8.0110870963913	6.179398466297706e-18
8.079610472040757	6.220952925534704e-18
8.148719967021325	6.267279624766598e-18
8.218420594744366	6.328627042797469e-18
8.288717411503802	6.422839567472717e-18
8.359615516842904	6.524773475112083e-18
8.43112005392423	6.5993037491379446e-18
8.503236209902733	6.6966449149747095e-18
8.57596921630204	6.800818877412851e-18
8.649324349393972	6.913449694476523e-18
8.723306930581298	7.029765083293833e-18
8.79792232678377	7.15783092970939e-18
8.873175950827441	7.2883118585981e-18
8.94907326183735	7.452348471243077e-18
9.025619765633525	7.574645848163488e-18
9.102821015130393	7.707026254446102e-18
9.180682610739627	7.833123401910977e-18
9.259210200776382	7.968037637146567e-18
9.338409481869066	8.108794370240052e-18
9.41828619937259	8.244357087842318e-18
9.498846147785137	8.389216915222033e-18
9.580095171168526	8.512636892816262e-18
9.66203916357216	8.65480172067596e-18
9.744684069460584	8.775165039211966e-18
9.828035884144724	8.893454288384489e-18
9.912100654216811	8.995037275156028e-18
9.996884477989004	9.097622684197534e-18
10.082393505935793	9.209104973426597e-18
10.16863394114016	9.324056807878012e-18
10.255612039743584	9.456040363436961e-18
10.343334111399882	9.591749483480656e-18
10.431806519732897	9.707468384077111e-18
10.52103568279818	9.825165336028366e-18
10.611028073548558	9.939513820484011e-18
10.701790220303675	1.0057441865462157e-17
10.793328707223617	1.016318363650652e-17
10.885650174786534	1.02734656146806e-17
10.97876132027033	1.0376592152128629e-17
11.072668898238554	1.0464101362831577e-17
11.167379721030366	1.0553366531120082e-17
11.262900659254715	1.0612730952507762e-17
11.359238642288787	1.0707689527243946e-17
11.45640065878066	1.0796918378000342e-17
11.554393757156276	1.0889182226923207e-17
11.653225046130778	1.0970827404265572e-17
11.752901695224184	1.1048110791649948e-17
11.853430935281473	1.1120845583343492e-17
11.95482005899716	1.1184722780781468e-17
12.057076421444322	1.124623089363887e-17
12.160207440608124	1.1291853298949308e-17
12.264220597923995	1.1333308139826868e-17
12.369123438820326	1.1352928402365542e-17
12.474923573265821	1.1376947472984624e-17
12.581628676321586	1.1398001106731377e-17
12.689246488697881	1.1413921880316352e-17
12.797784817315637	1.1426720629287048e-17
12.90725153587283	1.1435852833134896e-17
13.017654585415642	1.1428521079146238e-17
13.129001974914518	1.1367037285090772e-17
13.241301781845186	1.128996273666101e-17
13.354562152774614	1.1210395505343833e-17
13.468791303951962	1.1133845162968525e-17
13.58399752190465	1.1034596306773298e-17
13.700189164039474	1.0945283700107765e-17
13.817374659248852	1.0843402062331041e-17
13.935562508522327	1.0739318565381865e-17
14.05476128556323	1.0633985278788445e-17
14.174979637410623	1.053192891456247e-17
14.29622628506662	1.0417471330287555e-17
14.418510024129024	1.031080145421239e-17
14.54183972542935	1.018638015545665e-17
14.666224335676397	1.0082150125951569e-17
14.791672878105238	9.982913797494795e-18
14.918194453131784	9.872105327516973e-18
15.045798239012987	9.778050605316588e-18
15.174493492512639	9.692144194154718e-18
15.304289549572866	9.613991065132479e-18
15.435195825991434	9.53630889061666e-18
15.567221818104768	9.480627574550354e-18
15.700377103476825	9.427962399640834e-18
15.834671341593932	9.376050013293306e-18
15.970114274565482	9.331566046146188e-18
16.106715727830636	9.291755408317067e-18
16.24448561087114	9.242801257654252e-18
16.383433917930166	9.194545561906648e-18
16.523570728737287	9.191173066540293e-18
16.66490620923976	9.20768236540348e-18
16.807450612339952	9.227226297935447e-18
16.951214278639103	9.246850295549023e-18
17.096207637187515	9.290031407525877e-18
17.242441206241068	9.324571024079256e-18
17.389925594024234	9.377876686539331e-18
17.53867149949968	9.432678790962422e-18
17.688689713144377	9.489178461291239e-18
17.839991117732335	9.519806027958994e-18
17.992586689124135	9.555540884656698e-18
18.146487497063138	9.587868739082418e-18
18.30170470597846	9.635173385243607e-18
18.45824957579495	9.647720834267168e-18
18.61613346275	9.649621860989577e-18
18.775367820217294	9.652449460250871e-18
18.935964199537775	9.628804568686936e-18
19.097934250857545	9.60272816917147e-18
19.261289723973	9.583192711793818e-18
19.42604246918324	9.532600396633842e-18
19.592204438149704	9.484288410188744e-18
19.75978768476314	9.55339365746702e-18
19.928804366018102	9.931681539736498e-18
20.099266742894816	1.103201121481438e-17
20.271187181248607	1.2548493696632032e-17
20.444578152707006	1.3103367315367424e-17
20.619452235574457	1.2877144949783805e-17
20.795822115744745	1.2997051372012755e-17
20.973700587621344	1.3051796501090313e-17
21.153100555045512	1.2722530473414535e-17
21.3340350322324	1.2598329168406565e-17
21.516517144715092	1.2475949286437828e-17
21.700560130296836	1.1967373159275877e-17
21.88617734001134	1.1894453930908636e-17
22.073382239091238	1.1907339685947188e-17
22.26218840794498	1.2301076419594793e-17
22.452609543141953	1.2807944477937557e-17
22.64465945840605	1.3024552974680781e-17
22.83835208561782	1.247636927614685e-17
23.033701475825097	1.1063971579335359e-17
23.23072180026226	1.1189577078684997e-17
23.429427351378344	1.1381546535466251e-17
23.629832543873807	1.1628360335391674e-17
23.831951915746195	1.191539110169617e-17
24.03580012934483	1.2171867063967367e-17
24.241391972434432	1.242208004408107e-17
24.448742359267836	1.2685084437490721e-17
24.657866331667975	1.2961801612189886e-17
24.868779060119046	1.3252873784222598e-17
25.08149584486696	1.3560065438531411e-17
25.29603211702936	1.3884238680750062e-17
25.51240343971499	1.4226948765732148e-17
25.730625509152677	1.458991364541489e-17
25.950714155830028	1.497447024903502e-17
26.172685345641796	1.53829715512919e-17
26.39655518104807	1.5817676432526676e-17
26.622339902242437	1.6280932734831024e-17
26.850055888330107	1.6775414479428468e-17
27.07971965851602	1.7304587837406177e-17
27.311347873303287	1.7872212803654734e-17
27.544957335701774	1.8482381400731616e-17
27.780564992446983	1.9140001783477366e-17
28.018187935229502	1.9850540602128706e-17
28.257843401934853	2.062028761638904e-17
28.499548777893946	2.1457711874761404e-17
28.74332159714432	2.237156996959148e-17
28.989179543702107	2.3372505248928473e-17
29.237140452844816	2.4473512690636234e-17
29.487222312405255	2.5690086935580873e-17
29.739443264076378	2.704136326506581e-17
29.993821604727295	2.8550475193614536e-17
30.25037578773066	3.0246596000134325e-17
30.509124424301312	3.216633124611417e-17
30.77008628484632	3.435664161600995e-17
31.03328030032675	3.68783867311184e-17
31.298725563630924	3.9812007670381336e-17
31.56644133095943	4.326621007753218e-17
31.83644702322212	4.739147354250989e-17
32.10876222744691	5.2402144743394284e-17
32.38340669820064	5.861274502679193e-17
32.66040035902221	6.650468284914896e-17
32.939763303867885	7.68565475142407e-17
33.221515798568866	9.097975691341723e-17
33.50567828230158	1.1129634987349893e-16
33.79227136907033	1.42652673859398e-16
34.081315849202646	1.9563747615546734e-16
34.37283269085759	2.9143947182262615e-16
34.666843041546784	4.0262225517988312e-16
34.96336822966847	3.264721690568074e-16
35.26242976605484	2.1575952899374926e-16
35.56404934553245	1.5330529736233216e-16
35.868248848495966	1.1733848314820504e-16
36.17505034249555	9.457977811872844e-17
36.48447608383764	7.904014197766436e-17
36.796548519199455	6.78010207207901e-17
37.11129028725741	5.931791802269735e-17
37.42872422032942	5.269636786823679e-17
37.748873346031075	4.7387244797534554e-17
38.07176088894632	4.303905960580472e-17
38.397410272312136	3.94140906493535e-17
38.7258451197177	3.63478976832459e-17
39.057089256818195	3.372029524528243e-17
39.39116671306318	3.1444348952413184e-17
39.728101723439664	2.9454131073046067e-17
40.06791873023033	2.7699437492644804e-17
40.41064238478658	2.6141263396650448e-17
40.756297549316734	2.4748699208509586e-17
41.10490929868978	2.3496412018934123e-17
41.45650292225429	2.2364858508331915e-17
41.81110392567292	2.1337485115608763e-17
42.1687380327728	2.0400662084209206e-17
42.529431187411575	1.9542858808203765e-17
42.89320955535935	1.8754652373483862e-17
43.260099526196974	1.8028286556019302e-17
43.63012771523039	1.7356558837205976e-17
44.00332096542127	1.6733742854826474e-17
44.37970634933444	1.6154716988408708e-17
44.759311171101764	1.5615219213749373e-17
45.14216296840277	1.5111288632962278e-17
45.52828951446244	1.463964282276754e-17
45.91771882006595	1.4197260535247626e-17
46.31047913559052	1.378167253026135e-17
46.70659895305497	1.3390531412619651e-17
47.106107008186534	1.3021791512763489e-17
47.50903228250535	1.2673595115717946e-17
47.91540400542704	1.234431677321966e-17
48.32525165638299	1.2032605845516644e-17
48.73860496695884	1.1737015464422821e-17
49.155493923051424	1.145647208794333e-17
49.57594876704398	1.118977648963838e-17
49.99999999999994	1.0936049084365101e-17