0.01000000000000001	4.093615783762337e-7
0.010085535676775167	4.0341019492154066e-7
0.010171802988750468	3.9747768498673414e-7
0.0102588081940171	3.915649924588989e-7
0.010346557604195278	3.8567307196535663e-7
0.010435057584892084	3.79802888732454e-7
0.01052431455616323	3.7395541843192e-7
0.010614334992978836	3.6813164701430273e-7
0.010705125425693109	3.623325705289939e-7
0.010796692440518068	3.5655919493031624e-7
0.010889042680001362	3.508125358691399e-7
0.010982182843508116	3.450936184694821e-7
0.011076119687706915	3.3940347708951825e-7
0.011170860027059979	3.3374315506641726e-7
0.011266410734317497	3.281137044444003e-7
0.01136277874101617	3.2251618568539866e-7
0.011459971037982089	3.1695166736166295e-7
0.011557994675837844	3.11421225829668e-7
0.01165685676551399	3.059259448846259e-7
0.01175656447876492	3.0046691539489965e-7
0.011857125048689118	2.9504523491559667e-7
0.011958545770253848	2.8966200728058897e-7
0.012060834000824383	2.8431834217218657e-7
0.012163997160697724	2.7901535466767166e-7
0.01226804273364086	2.73754164761871e-7
0.01237297826743371	2.6853589686491777e-7
0.012478811374416643	2.6336167927433655e-7
0.012585549732042667	2.5823264362055053e-7
0.012693201083434434	2.5314992428488116e-7
0.012801773237945912	2.481146577890936e-7
0.012911274071728892	2.431279821555003e-7
0.013021711528304378	2.3819103623660888e-7
0.013133093619138822	2.3330495901327454e-7
0.013245428424225276	2.284708888602806e-7
0.013358724092669576	2.2368996277823657e-7
0.013472988843281491	2.1896331559065733e-7
0.013588230965170913	2.142920791050478e-7
0.013704458818349217	2.0967738123677756e-7
0.0138216808343357	2.0512034509450604e-7
0.013939905516769213	2.0062208802587022e-7
0.014059141442025073	1.9618372062211136e-7
0.014179397259837207	1.9180634568028286e-7
0.014300681693925605	1.8749105712163524e-7
0.014423003542629207	1.8323893886473192e-7
0.014546371679544142	1.7905106365181324e-7
0.014670795054167421	1.7492849182687631e-7
0.014796282692546204	1.708722700638917e-7
0.014922843697932559	1.6688343004353892e-7
0.015050487251443813	1.6296298707678826e-7
0.015179222612728626	1.5911193867360667e-7
0.015309059120638683	1.5533126305502207e-7
0.015440006193906156	1.5162191760672083e-7
0.015572073331826993	1.4798483727230198e-7
0.015705270114950022	1.444209328842599e-7
0.01583960620577191	1.4093108943070756e-7
0.015975091349438177	1.37516164255792e-7
0.0161117353744501	1.341769851917024e-7
0.01624954819337768	1.3091434862010125e-7
0.01638853980357879	1.2772901746074736e-7
0.016528720287924372	1.246217190850223e-7
0.01667009981552986	1.2159314315199512e-7
0.016812688642492933	1.1864393936459612e-7
0.016956497112637504	1.1577471514340309e-7
0.01710153565826405	1.1298603321546712e-7
0.01724781480090646	1.1027840911552926e-7
0.017395345152095277	1.0765230859691003e-7
0.01754413741412747	1.0510814494926794e-7
0.017694202380842843	1.0264627622034575e-7
0.01784555093840705	1.0026700233874121e-7
0.01799819406610127	9.797056213465289e-8
0.018152142837118728	9.57571302554614e-8
0.018307408419367965	9.362681397292285e-8
0.01846400207628295	9.157964987865302e-8
0.018621935167640224	8.96156004644872e-8
0.018781219150382954	8.773455058420619e-8
0.01894186557945201	8.59363037930152e-8
0.019103886108624256	8.422057856105947e-8
0.019267292491357935	8.258700435715763e-8
0.019432096581645256	8.103511759882267e-8
0.019598310334872377	7.956435746452775e-8
0.019765945808686673	7.817406156406256e-8
0.019935015163871382	7.686346146270579e-8
0.02010553066522786	7.563167805481688e-8
0.020277504682465263	7.44777167823298e-8
0.02045094969109787	7.340046269349955e-8
0.020625878273350145	7.239867533712262e-8
0.020802303119069457	7.147098348731821e-8
0.02098023702664661	7.061587969381701e-8
0.021159692903944354	6.983171465256189e-8
0.0213406837692337	6.91166913912805e-8
0.0215232227521383	6.84688592645367e-8
0.02170732309458696	6.78861077526149e-8
0.021892998151774222	6.736616005843283e-8
0.022080261393129148	6.690656649651457e-8
0.022269126403292514	6.650469766788827e-8
0.02245960688310224	6.615773741460176e-8
0.022651716650587253	6.586267554737205e-8
0.02284546964196996	6.5616300339703e-8
0.02304087991267719	6.541519078161966e-8
0.023237961638359787	6.525570858597617e-8
0.023436729115921012	6.51339899400969e-8
0.023637196764553656	6.38661732799512e-8
0.02383937912678602	6.261473943198917e-8
0.024043290869536937	6.13875400563076e-8
0.02424894678517973	6.018488716159539e-8
0.02445636179261524	5.900708439943193e-8
0.024665550938354184	5.7854426471454515e-8
0.02487652939760862	5.672719851390822e-8
0.025089312475392773	5.562567545886043e-8
0.025303915607633384	5.455012137134103e-8
0.025520354362289437	5.350078876165031e-8
0.025738644440481462	5.247791787205175e-8
0.025958801677630632	5.148173593704513e-8
0.026180842044607466	5.0512456416393306e-8
0.026404781648890364	4.9570278200050464e-8
0.02663063673573417	4.865538478411508e-8
0.026858423689348623	4.7767943416907095e-8
0.027088159034086855	4.6908104214241286e-8
0.027319859435644227	4.607599924294189e-8
0.027553541702267238	4.527174157161811e-8
0.02778922278597283	4.449542428768951e-8
0.028026919783778213	4.3747119479622536e-8
0.028266649938941076	4.302687718330985e-8
0.028508430642210453	4.23347242914928e-8
0.028752279433088362	4.167066342509595e-8
0.02899821400110214	4.103467176531114e-8
0.02924625218708765	4.042669984523438e-8
0.029496411984483595	3.9846670299824696e-8
0.02974871154063676	3.9294476572920156e-8
0.030003169158118504	3.876998158000881e-8
0.030259803296052424	3.827301632541628e-8
0.03051863257145352	3.780337847253293e-8
0.030779675760578697	3.736083086566537e-8
0.031042951800288796	3.694510000205603e-8
0.03130847978942242	3.652009080409635e-8
0.031576278990181395	3.5993490972139814e-8
0.03184636882952803	3.549268372062063e-8
0.03211876890059452	3.5018459297493833e-8
0.03239349896410426	3.457162576781697e-8
0.03267057894980526	3.41530093890253e-8
0.03295002895791604	3.376345499409704e-8
0.03323186926058369	3.34038263827795e-8
0.03351612030335445	3.3075006721049295e-8
0.03380280270665695	3.2777898948984187e-8
0.03409193726729807	3.251342619722842e-8
0.03438354495997152	3.228253221223702e-8
0.03467764693877954	3.208618179048869e-8
0.034974264538767404	3.1925361221861516e-8
0.03527341927747109	3.1801078742369725e-8
0.03557513285647832	3.1714364996464176e-8
0.03587942716300284	3.1666273509104056e-8
0.03618632427147208	3.1657881167811735e-8
0.03649584644512864	3.169028871492733e-8
0.03680801613764529	3.1764621250284804e-8
0.03712285599475373	3.188202874453596e-8
0.03744038885588752	3.204368656335417e-8
0.03776063775583888	3.225079600275454e-8
0.0380836259264296	3.250458483577281e-8
0.038409376798196504	3.280630787075067e-8
0.0387379140020911	3.3157247521480784e-8
0.03906926137119377	3.3565330904746565e-8
0.03940344294244282	3.432257619752996e-8
0.039740482958378155	3.513219058371616e-8
0.040080405868899806	3.599203221579208e-8
0.040423236333041734	3.6899809001145395e-8
0.04076899922076064	3.785307278763427e-8
0.04111771961474	3.8849213363045016e-8
0.04146942281220979	3.988545226298805e-8
0.04182413432678156	4.095883638162826e-8
0.042181879890299194	4.2066231379491246e-8
0.04254268545470571	4.32043148824264e-8
0.042906577193925814	4.4369569465641696e-8
0.04327358150576461	4.555827541655662e-8
0.04364372501382266	4.6766503270046414e-8
0.0440170345694273	4.799010610947026e-8
0.044393537253580445	4.92247116266941e-8
0.044773260378923256	5.046571393413069e-8
0.04515623149171743	5.170826512162403e-8
0.0455424783738434	5.294726655080803e-8
0.045932029044815866	5.4177359879366e-8
0.04632491176381634	5.5392917807404936e-8
0.04672115503174308	5.6588034537946146e-8
0.0471207875932788	5.7504690726208354e-8
0.04752383843897578	5.8231023380575236e-8
0.04793033680735888	5.8924709092973344e-8
0.04834031218704674	5.958573260790028e-8
0.0487537943188909	6.021410718574463e-8
0.04917081319813322	6.080987596286204e-8
0.04959139907658193	6.137311335861105e-8
0.05001558246480619	6.190392653077446e-8
0.05044339413434928	6.240245688083403e-8
0.05087486511996103	6.286888161060737e-8
0.051310026721849124	6.330341533179861e-8
0.0517489105079496	6.37063117300587e-8
0.05219154831621705	6.407786528519695e-8
0.05263797225693417	6.441841304923096e-8
0.05308821471504105	6.47283364840105e-8
0.053542308352484635	6.500806336020023e-8
0.054000286110588054	6.525806971945584e-8
0.05446218121244018	6.547888190168055e-8
0.054928027165305905	6.574379016366453e-8
0.0553978577630568	6.604875522569795e-8
0.0558717070886225	6.632289020547102e-8
0.05634960951646336	6.656362029704918e-8
0.05683159971506404	6.676826402038074e-8
0.05731771264944832	6.693402969132154e-8
0.05780798358371578	6.705801178639123e-8
0.058302448083599835	6.713718719929116e-8
0.05880114201904775	6.716841138613378e-8
0.059304101566822885	6.714841439624962e-8
0.059811363213129	6.707379678535277e-8
0.06032296375625697	6.694102540775753e-8
0.060838940309254436	6.674642908424917e-8
0.06135933030261801	6.648619414211897e-8
0.0618841714870085	6.615635982377879e-8
0.06241350193598961	6.575281356027262e-8
0.06294736004878988	6.496427852838098e-8
0.06348578455308816	6.403941906522275e-8
0.06402881450782318	6.304408734948132e-8
0.06457648930602697	6.198497150301235e-8
0.06512884867768244	6.086915862707341e-8
0.06568593269260567	5.97041496902774e-8
0.06624778176335265	5.849787488606346e-8
0.06681443664815077	5.7258709473332863e-8
0.06738593845385582	5.599549011427624e-8
0.06796232863893381	5.4717531723810955e-8
0.0685436490164685	5.3434644845444384e-8
0.06912994175719474	5.2157153568791486e-8
0.06972124939255767	5.0895914004397134e-8
0.07031761481779786	4.966516465189673e-8
0.07091908129506337	4.877267007751317e-8
0.07152569245654797	4.792390776404123e-8
0.07213749230765622	4.7120588263417575e-8
0.07275452523019603	4.636447146993189e-8
0.07337683598559806	4.565736794272106e-8
0.07400446971816285	4.500114026291524e-8
0.07463747195833581	4.4397704426337044e-8
0.07527588862601016	4.384903127267841e-8
0.07591976603385786	4.335714795210381e-8
0.07656915089068962	4.292413943025188e-8
0.07722409030484309	4.2552150032634986e-8
0.07788463178760015	4.224338502945995e-8
0.07855082325663378	4.198119512792422e-8
0.079222713039484	4.177671827883871e-8
0.07990034987706364	4.164441753798313e-8
0.08058378292719429	4.158819353627256e-8
0.08127306176817231	4.161208878003211e-8
0.08196823640236528	4.1720292077274306e-8
0.08266935725983952	4.191714309193257e-8
0.08337647520201832	4.220713702959631e-8
0.08408964152537149	4.259492945838913e-8
0.08480890796513679	4.308534126872997e-8
0.08553432669907284	4.36833637758177e-8
0.08626595035124408	4.457186320993983e-8
0.08700383199583867	4.5790853386574745e-8
0.08774802516101832	4.710540472092886e-8
0.08849858383280143	4.849818783944388e-8
0.0892555624589796	4.995090586651399e-8
0.09001901595306726	5.144425893881358e-8
0.09078899969828517	5.295790760868189e-8
0.09156556955157841	5.4470435104393006e-8
0.09234878184766815	5.595930841424552e-8
0.09313869340313832	5.7400838160491786e-8
0.09393536152055744	5.852158893301436e-8
0.09473884399263548	5.8735703072722204e-8
0.09554919910641609	5.8900574556515406e-8
0.09636648564750525	5.9060702186304135e-8
0.09719076290433556	5.926292240264105e-8
0.09802209067246719	5.955649357789218e-8
0.09886052925892572	5.999318292899229e-8
0.099706139486577	6.062735612535669e-8
0.10055898269853926	6.151606966961325e-8
0.10141912076263336	6.271916613096679e-8
0.10228661607587068	6.599520688322558e-8
0.10316153156897974	6.993498903912843e-8
0.1040439307109712	7.411578936346449e-8
0.10493387751374225	7.844142728281126e-8
0.10583143653672021	8.281057693799781e-8
0.10673667289154577	8.711658072002545e-8
0.10764965224679647	9.12472569988495e-8
0.1085704408327505	9.508470187730692e-8
0.10949910544619117	9.820075090078056e-8
0.11043571345525259	9.872994323201453e-8
0.11138033280430686	9.879259590363847e-8
0.11233303201889273	9.84660972928131e-8
0.11329388021068687	9.783221144720731e-8
0.11426294708251737	9.697723924533505e-8
0.11524030293342011	9.599218461218747e-8
0.11622601866373852	9.497292593671159e-8
0.11722016578026705	9.406555863973339e-8
0.1182228164014382	9.476011487192199e-8
0.1192340432625544	9.559643458013043e-8
0.12025391972106453	9.653356628455239e-8
0.12128251976188523	9.752833220024692e-8
0.12231991800276815	9.853524715843873e-8
0.12336618969971301	9.950643499712899e-8
0.12442141075242678	1.0039154234784276e-7
0.12548565770982964	1.0075293088864499e-7
0.12655900777560827	1.0049880286017497e-7
0.1276415388138162	1.0012746402083826e-7
0.12873332935452242	9.968186021445921e-8
0.1298344585995083	9.920724824304026e-8
0.13094500642801282	9.875127978683146e-8
0.13206505340252755	9.836408794051044e-8
0.13319468077464083	9.836485255124486e-8
0.13433397049093185	9.902747005334986e-8
0.13548300519891543	9.97943397596248e-8
0.1366418682530376	1.0061800637969071e-7
0.13781064372072216	1.0144848299982617e-7
0.13898941638846937	1.0223315939007858e-7
0.14017827176800657	1.0291670745631555e-7
0.14137729610249145	1.0288219398098532e-7
0.14258657637276828	1.023725453755106e-7
0.14380620030367805	1.0178466616766667e-7
0.14503625637042197	1.0119122636294292e-7
0.14627683380497988	1.0066870846686542e-7
0.14752802260258355	1.002975448901848e-7
0.14878991352824483	1.0036899797898009e-7
0.15006259812334038	1.0127060222444538e-7
0.15134616871225226	1.0244059420937935e-7
0.1526407184090652	1.0384813099467694e-7
0.15394634112432182	1.0546056293143816e-7
0.15526313157183463	1.0724336650323045e-7
0.15659118527555735	1.0912650493155831e-7
0.1579305985765143	1.1101420414923159e-7
0.1592814686397891	1.1298537383841315e-7
0.16064389346157362	1.150222477023657e-7
0.16201797187627684	1.1710608176324766e-7
0.16340380356369447	1.1921711866027217e-7
0.16480148905624	1.21159540101884e-7
0.16621112974623795	1.229628429595568e-7
0.16763282789327877	1.2482638953541574e-7
0.16906668663163726	1.2679666925700987e-7
0.17051280997775436	1.2892252897140277e-7
0.1719713028377825	1.3128718771236886e-7
0.17344227101519602	1.3437313702343365e-7
0.17492582121846656	1.3766219998909878e-7
0.17642206106880376	1.4109686891832306e-7
0.1779310991079626	1.4461651449074345e-7
0.17945304480611735	1.4815727215907268e-7
0.18098800856980277	1.5124693805680821e-7
0.18253610174992335	1.5423783276596944e-7
0.18409743664983128	1.5725273230618745e-7
0.1856721265334728	1.6034089732986127e-7
0.1872602856336051	1.6355412292252328e-7
0.18886202916008313	1.6775558311133203e-7
0.19047747330821688	1.721345716805193e-7
0.1921067352672009	1.7634170684883795e-7
0.19374993322861553	1.8016380071148323e-7
0.1954071863950007	1.8329562818172767e-7
0.19707861498850326	1.8434353344111623e-7
0.19876434025959852	1.8470131518852136e-7
0.2004644844958858	1.8451932427967466e-7
0.20217917103095967	1.8395623691519405e-7
0.20390852425335704	1.8357875559838745e-7
0.20565266961558054	1.83525231558287e-7
0.20741173364319918	1.8323369000576438e-7
0.2091858439440272	1.826120826910139e-7
0.2109751292173807	1.8154627354012516e-7
0.21277971926341419	1.7912060636730978e-7
0.21459974499253665	1.763523337351104e-7
0.21643533843490798	1.7343719239132022e-7
0.21828663275001697	1.7058129127578398e-7
0.2201537622363413	1.6879700642401407e-7
0.2220368623410896	1.6750970867391063e-7
0.22393606967002735	1.6629158850033474e-7
0.22585152199738687	1.64976926200544e-7
0.2277833582758615	1.6298127508462668e-7
0.22973171864668587	1.6044088946067088e-7
0.23169674444980234	1.5766150809112027e-7
0.23367857823411384	1.54711035059617e-7
0.23567736376782497	1.5168981807604009e-7
0.23769324604887163	1.4864892583605526e-7
0.23972637131543909	1.4563299026918777e-7
0.24177688705657094	1.427056462649227e-7
0.24384494202286847	1.4020444438313468e-7
0.245930686237281	1.3788125325107545e-7
0.24803427100598946	1.3558137404844497e-7
0.25015584892938253	1.331922490814237e-7
0.25229557391312646	1.3036999416644155e-7
0.25445360117933	1.2745022509702126e-7
0.25663008727780506	1.2448818809442214e-7
0.2588251900974226	1.2160019690043724e-7
0.2610390688775668	1.1882897249960155e-7
0.2632718842196868	1.1610795200212324e-7
0.26552379809894705	1.1343772789508358e-7
0.2677949738759774	1.1091577438244711e-7
0.27008557630872415	1.08397280323373e-7
0.27239577156440176	1.0581901295289267e-7
0.2747257272315469	1.0292060720349104e-7
0.27707561233217676	9.978116772576897e-8
0.2794455973340492	9.67037051731957e-8
0.2818358541630298	9.393288599630815e-8
0.2842465562155638	9.175856127188045e-8
0.28667787837125447	8.982307096246605e-8
0.2891299970055496	8.80471159124123e-8
0.29160309000253654	8.625648824817542e-8
0.294097336767846	8.453348243584866e-8
0.2966129182416669	8.28612073618689e-8
0.2991500169118725	8.108149473472909e-8
0.30170881682725825	7.939519063293137e-8
0.30428950361089335	7.791566032181073e-8
0.30689226447358686	7.698504520798939e-8
0.3095172882274678	7.633866827941782e-8
0.31216476529968257	7.581950058299594e-8
0.3148348877462093	7.521583396405738e-8
0.3175278492657896	7.456233825354806e-8
0.32024384521398064	7.383696052670392e-8
0.3229830726173263	7.287464865238238e-8
0.3257457301876506	7.186250630717643e-8
0.3285320183364725	7.088984230781258e-8
0.3313421391895444	7.008156539748455e-8
0.33417629660151504	6.936714842744619e-8
0.33703469617071774	6.877078989770615e-8
0.33991754525408496	6.82906860094881e-8
0.3428250529821908	6.78513962642021e-8
0.3457574302744219	6.742043130648697e-8
0.3487148898542782	6.693190161242723e-8
0.3516976462648042	6.630013782094523e-8
0.35470591588415323	6.526941919304275e-8
0.3577399169412836	6.419342969690076e-8
0.3607998695317898	6.337076160499748e-8
0.3638859956338688	6.285230793623272e-8
0.3669985191244234	6.234606450040684e-8
0.3701376657953022	6.152465548184659e-8
0.37330366336968007	6.063539494096676e-8
0.37649674151857726	5.992126757861403e-8
0.3797171318775206	5.9351607007679986e-8
0.3829650680633471	5.852857505072891e-8
0.3862407856911515	5.6865778706665105e-8
0.3895445223913776	5.506269225372069e-8
0.39287651782705785	5.369419622623617e-8
0.3962370137111984	5.2648716299622803e-8
0.3996262538243139	5.160042844168351e-8
0.40304448403211224	5.0424263709377014e-8
0.4064919523033304	4.924407206490678e-8
0.40996890872772246	4.81072848927107e-8
0.4134756055342024	4.699260080018448e-8
0.41701229710914106	4.5946869646506965e-8
0.4205792400148204	4.486452547579809e-8
0.42417669300804534	4.353258677231603e-8
0.42780491705891455	4.206710249153255e-8
0.431464175369752	4.081435028696898e-8
0.43515473339420074	3.9807576966740354e-8
0.4388768588564795	3.87590242626474e-8
0.44263082177080393	3.755352045739789e-8
0.44641689446097493	3.621303580310418e-8
0.45023535158013334	3.473815196015137e-8
0.45408647013068415	3.337425379188956e-8
0.4579705294843912	3.2277946567586e-8
0.4618878114026438	3.127573432653752e-8
0.4658386000568959	3.0292374440730484e-8
0.4698231820492818	2.9280700781067e-8
0.47384184643340627	2.8201510981759483e-8
0.47789488473531344	2.721693029686834e-8
0.4819825909746356	2.6387262924210176e-8
0.4861052616859216	2.5557721980657182e-8
0.49026319594014867	2.4684261649667486e-8
0.4944566953664179	2.3799897716718753e-8
0.49868606417383543	2.2965581894426622e-8
0.5029516091735804	2.2391639726944034e-8
0.507253639801162	2.191489012012218e-8
0.5115924681388676	2.1128466163978497e-8
0.5159684089384007	2.0267761905699035e-8
0.5203817796437155	1.9582778828621008e-8
0.5248329004140442	1.8931171413433e-8
0.5293220941471226	1.8278762614268096e-8
0.5338496865026144	1.772790930133058e-8
0.5384160059257352	1.72658668806117e-8
0.5430213836710788	1.6780325213393007e-8
0.5476661538266476	1.6376904037683534e-8
0.5523506533380887	1.6155217234769364e-8
0.5570752220331361	1.5974281389935205e-8
0.5618402026462637	1.575997769506055e-8
0.5666459408435477	1.541989198656163e-8
0.5714927852477427	1.5044125218741192e-8
0.5763810874635713	1.4704892047450243e-8
0.5813112021032311	1.4339037914776055e-8
0.5862834868121192	1.3968052250246807e-8
0.5912983022947766	1.364712421271174e-8
0.5963560123410552	1.3344388106769457e-8
0.6014569838525079	1.3032548517639253e-8
0.6066015868690049	1.2651646121326428e-8
0.6117901945955775	1.2311070201435745e-8
0.6170231834294914	1.2029082654779845e-8
0.6223009329875517	1.1717340513448098e-8
0.627623826133642	1.1410656571164266e-8
0.6329922490064976	1.1099539617706715e-8
0.6384065910477176	1.0720724042069404e-8
0.6438672450300165	1.0430694462596945e-8
0.6493746070857164	1.0216372765028759e-8
0.6549290767354843	9.982518652119766e-9
0.6605310569173143	9.754950773923652e-9
0.6661809540157576	9.520042715081885e-9
0.6718791778914035	9.271452689100796e-9
0.6776261419106113	9.03156103278275e-9
0.6834222629754977	8.788791597984556e-9
0.6892679615541796	8.497544253683004e-9
0.6951636617112767	8.132508868387167e-9
0.7011097911386738	7.780401062091308e-9
0.7071067811865475	7.4444661726867436e-9
0.713155066894657	7.188549642267004e-9
0.7192550870239038	7.014441536955885e-9
0.7254072840881604	6.76911326911699e-9
0.7316121043863714	6.5243223755139935e-9
0.7378699980349299	6.304213316417228e-9
0.7441814190003303	6.097058310365998e-9
0.7505468251320994	5.8787211317190335e-9
0.7569666781960114	5.653755728655124e-9
0.7634414439075854	5.458641134376434e-9
0.7699715919658693	5.2120967847075845e-9
0.7765575960875141	4.9757927652604e-9
0.7831999340411376	4.788804674846165e-9
0.7898990876819844	4.6112712234799794e-9
0.7966555429868803	4.485377011709508e-9
0.8034697900894867	4.321766185548455e-9
0.8103423233158565	4.1591046402646455e-9
0.8172736412202942	3.9884340916715305e-9
0.8242642466215218	3.812196715556814e-9
0.8313146466391556	3.6119641202168923e-9
0.8384253527304938	3.416467738023161e-9
0.8455968807276192	3.2721052955423426e-9
0.8528297508748192	3.126911220836343e-9
0.8601244878663259	2.9996666290820594e-9
0.8674816208843792	2.9221527537286646e-9
0.8749016836376149	2.7890372573446604e-9
0.8823852143997818	2.659014867167051e-9
0.8899327560487896	2.5512500232641882e-9
0.8975448561060911	2.4069675874265255e-9
0.9052220667764008	2.290880695007745e-9
0.9129649449877536	2.192283298894436e-9
0.9207740524319059	2.0969477115746266e-9
0.9286499556050827	1.9976461725882143e-9
0.9365932258490729	1.937645468730963e-9
0.9446044393926758	1.857791203428265e-9
0.952684177393503	1.780065946414264e-9
0.9608330259801369	1.693524619608451e-9
0.9690515762946502	1.62127000014348e-9
0.97734042453549	1.5510192274124862e-9
0.9857001720007263	1.4858756288388827e-9
0.9941314251316736	1.4211638034768989e-9
1.0026347955568826	1.3665272048497715e-9
1.0112109001365108	1.32315921613854e-9
1.01986036100707	1.267109824253714e-9
1.0285838056265597	1.2022389605122753e-9
1.0373818668199835	1.1471785529206783e-9
1.0462551828252558	1.0996822117861979e-9
1.0552043973395033	1.0504072764412026e-9
1.0642301595657593	1.003469844716519e-9
1.0733331242600583	9.618152281593134e-10
1.0825139517789364	9.275596598048702e-10
1.0917733081273326	8.743410071016284e-10
1.1011118650069052	8.326272423370157e-10
1.1105302998647575	7.950140943347937e-10
1.1200292959425826	7.550807820843747e-10
1.1296095423262278	7.212695820886533e-10
1.139271733995683	6.870229042619308e-10
1.1490165718754959	6.53647017459062e-10
1.1588447628856202	6.2173985232158e-10
1.168757019992697	5.913014488458758e-10
1.1787540622617765	5.631282512337404e-10
1.1888366149084793	5.349046069186414e-10
1.1990054093516078	5.090202910264195e-10
1.2092611832662044	4.804540615983712e-10
1.2196046806370648	4.5013735912701295e-10
1.230036651812709	4.3298447581934356e-10
1.240557853559814	4.1011592153021563e-10
1.2511690491181118	3.8870047890348455e-10
1.2618710082557567	3.669497512956059e-10
1.2726645073251674	3.472336213567119e-10
1.2835503293193455	3.2468525437386103e-10
1.2945292639286763	3.111471846540684e-10
1.3056021075982152	2.9623734721033094e-10
1.3167696635854638	2.8026727639465357e-10
1.3280327420186417	2.6580155036719543e-10
1.3393921599554552	2.5107413300674113e-10
1.3508487414423682	2.3692422344605266e-10
1.3624033175743828	2.2653725429264697e-10
1.3740567265553274	2.176004959840341e-10
1.3858098137586643	2.0681949546291828e-10
1.3976634317888146	1.9726089119708592e-10
1.4096184405430092	1.8849987883785084e-10
1.4216757072736683	1.8058376945766485e-10
1.433836106651314	1.7461807739653863e-10
1.4461005208280215	1.6878400189812077e-10
1.458469839501415	1.6324561542952913e-10
1.4709449599792062	1.5743055012836224e-10
1.483526787244289	1.5160100997145955e-10
1.4962162340203908	1.4659053062628945e-10
1.5090142208382822	1.4230799190032792e-10
1.5219216761025562	1.3928694083418653e-10
1.5349395361589777	1.3593802013626924e-10
1.5480687453624082	1.3304641853895595e-10
1.5613102561453127	1.3005238674893313e-10
1.5746650290868514	1.2765636775221117e-10
1.588134032982563	1.261021962689431e-10
1.6017182449146457	1.2409995131002326e-10
1.6154186503228352	1.2200317486861156e-10
1.6292362430758927	1.2017088825750226e-10
1.6431720255437041	1.1900422216974834e-10
1.657227008669993	1.1763993339136166e-10
1.6714022120456589	1.1572280567194779e-10
1.6856986639827412	1.1413467778776833e-10
1.7001174015890155	1.1257538672164546e-10
1.7146594708432294	1.1104431233633003e-10
1.7293259266709806	1.0939572814538257e-10
1.7441178330212437	1.079366859418578e-10
1.7590362629435532	1.064540991318447e-10
1.7740822986658455	1.0505057944913877e-10
1.7892570316729668	1.0530710618449054e-10
1.8045615627858524	1.0521515828473121e-10
1.819997002241385	1.0376879952181782e-10
1.8355644697729327	1.0217021259771854e-10
1.851265094691579	1.0091338538623915e-10
1.8671000159680462	1.0051631683114415e-10
1.8830703823153199	9.922103244509039e-11
1.8991773522719795	9.83503607589129e-11
1.9154220942862432	9.750786114595996e-11
1.93180578680073	9.669172654810451e-11
1.9483296183379466	9.56089802855551e-11
1.9649947875865088	9.518999063877485e-11
1.9818025034880962	9.47449000972742e-11
1.9987539853251517	9.478708109775415e-11
2.0158504628093348	9.412540935323593e-11
2.0330931761707265	9.34586167808714e-11
2.050483376247798	9.282721124356056e-11
2.068022324578155	9.197565548302472e-11
2.085711293490048	9.093042755112646e-11
2.103551566194674	9.045977395238358e-11
2.121544436879265	8.998956590553096e-11
2.139691210800969	8.95124108093336e-11
2.157993204381541	8.854818779938305e-11
2.1764517453028374	8.784132299598092e-11
2.195068172603133	8.712769080956471e-11
2.213843836774255	8.643583407163367e-11
2.232780099859555	8.588480948617543e-11
2.251878335552714	8.393906710468938e-11
2.271139929297396	8.235741783913512e-11
2.29056627838775	8.183274003226075e-11
2.310158792069775	8.169975086672759e-11
2.329918891643552	8.184901275492759e-11
2.349848010566348	8.045091746655279e-11
2.3699475945566033	7.91773601009605e-11
2.390219101698809	7.80702999053221e-11
2.410664002549281	7.753686794005608e-11
2.4312837802428375	7.703916818581909e-11
2.4520799306003913	7.649280545063316e-11
2.47305396223746	7.563563202601596e-11
2.494207396673607	7.486513450642829e-11
2.5155417684428154	7.413754878930926e-11
2.537058625204809	7.320204133869674e-11
2.5587595278573234	7.241883602311304e-11
2.5806460506493396	7.164373795097427e-11
2.6027197812952827	7.082213163279427e-11
2.6249823210902012	7.008886403767817e-11
2.647435285025929	6.943628722613673e-11
2.6700803019082415	6.846110350468623e-11
2.6929190144750157	6.685024172419856e-11
2.715953079515397	6.579010510586666e-11
2.7391841679899893	6.448352223077827e-11
2.762613965152072	6.335675069778002e-11
2.7862441706698506	6.224315348010842e-11
2.810076498749759	6.11679986536056e-11
2.834112678260812	6.04226438608074e-11
2.8583544528600218	5.964570567829251e-11
2.8828035811188886	5.815945656046774e-11
2.9074618366509744	5.676724206990493e-11
2.932331008240563	5.5134814423672567e-11
2.9574128999724265	5.401844233891233e-11
2.9827093313626993	5.32959537134575e-11
3.008222137490868	5.23425075499973e-11
3.0339531691328974	5.113909356895395e-11
3.059904292895489	4.993602979452335e-11
3.0860773913514925	4.872757665120756e-11
3.112474363176469	4.764624771656072e-11
3.1390971232864318	4.640307193228239e-11
3.165947602976758	4.531589822597523e-11
3.193027750062289	4.423516462021303e-11
3.2203395290186325	4.325959527058382e-11
3.247884921124673	4.2302793641203045e-11
3.2756659246062965	4.128678193993541e-11
3.3036845547813485	4.0368989950916457e-11
3.3319428442058348	3.9324144639690886e-11
3.360442842821364	3.838376798534892e-11
3.38918661810386	3.768548370343108e-11
3.4181762552135426	3.676030312464225e-11
3.4474138571461896	3.598448478356363e-11
3.476901544885695	3.506317667503482e-11
3.5066414575579348	3.419123709981707e-11
3.5366357525859398	3.318698933561639e-11
3.566886605846405	3.229782034689328e-11
3.5973962118275375	3.14636225611659e-11
3.628166783788244	3.073519159628481e-11
3.6592005539186907	2.9931467087869206e-11
3.6904997735022382	2.92512736923892e-11
3.7220667130787466	2.8539301414356676e-11
3.7539036626092943	2.781340826096244e-11
3.786012931642298	2.7055499147710118e-11
3.8183968494810507	2.637226286686652e-11
3.8510577653526994	2.564114387665988e-11
3.883998048578667	2.499198184399651e-11
3.9172200887465247	2.429841574056285e-11
3.950726295883342	2.3669664093961766e-11
3.984519100630522	2.3024268888399206e-11
4.01860095442012	2.2413125616263733e-11
4.052974329652682	2.1827075307255294e-11
4.087641719876601	2.1297985836791724e-11
4.122605639969001	2.0830118775958436e-11
4.157868626318185	2.0324339452858116e-11
4.193433237007619	1.9926802542410224e-11
4.229302052001507	1.9508289187008415e-11
4.265477673331959	1.914779034609152e-11
4.301962725287737	1.8822806325656497e-11
4.3387598546046355	1.8507452680263424e-11
4.375871730657485	1.8228875829190243e-11
4.413301045653792	1.797567382235394e-11
4.451050514829043	1.7728615934579932e-11
4.489122876643676	1.7448072332819616e-11
4.527520892981732	1.7191779280627683e-11
4.566247349351218	1.703253885308702e-11
4.605305055086172	1.6850788084156342e-11
4.644696843550457	1.6694638830241518e-11
4.68442557234331	1.6528564449942314e-11
4.724494123506634	1.6357416300660456e-11
4.764905403734074	1.6224129958107628e-11
4.805662344581874	1.61369926721046e-11
4.846767902681545	1.6014439352717027e-11
4.888225059954344	1.593278484006238e-11
4.930036823827591	1.5880412020993824e-11
4.972206227452847	1.5837925605666945e-11
5.01473632992593	1.5805916609583353e-11
5.057630216508849	1.5758696146350632e-11
5.100890998853607	1.5763950064760993e-11
5.144521815227932	1.5745093610719616e-11
5.1885258307429405	1.5708858203612695e-11
5.23290623758274	1.5655588437248134e-11
5.277666255235999	1.5636714684313974e-11
5.322809130729501	1.565597747067627e-11
5.368338138863696	1.5715469532144585e-11
5.414256582450256	1.571747800762073e-11
5.46056779255168	1.571152653981756e-11
5.5072751287229345	1.5716218244055277e-11
5.554381979255166	1.5677132554304546e-11
5.6018917614214985	1.567251258835788e-11
5.649807921724936	1.5638670194215272e-11
5.698133936148376	1.558245788082508e-11
5.74687331040677	1.5564543034821306e-11
5.796029580201445	1.556263021996761e-11
5.8456063114765815	1.5540361435560702e-11
5.89560710067791	1.552012437251791e-11
5.946035575013601	1.5485698494321523e-11
5.996895392717398	1.5439738042941793e-11
6.0481902433139885	1.5361904894359837e-11
6.099923847886666	1.5300270009905784e-11
6.152099959347258	1.5205822193784178e-11
6.2047223627083765	1.507768873589913e-11
6.257794875357999	1.4953360658701417e-11
6.311321347336386	1.4843279942491086e-11
6.365305661615377	1.470666534709966e-11
6.41975173438008	1.4544995699951317e-11
6.47466351531295	1.4383356382413266e-11
6.530044987880321	1.4232702177449612e-11
6.585900169621379	1.4070065958101954e-11
6.642233112439599	1.3897900157942564e-11
6.699047902896687	1.3704503840699702e-11
6.756348662509035	1.3484414296321082e-11
6.8141395480467	1.3300223676253747e-11
6.872424751834954	1.3113889178637345e-11
6.93120850205841	1.2929827249562153e-11
6.9904950630677405	1.2752483696917626e-11
7.05028873568903	1.2573398827750694e-11
7.110593857535774	1.2400066806827039e-11
7.171414803323535	1.2220393675615894e-11
7.232755985187301	1.2014109569751249e-11
7.294621853001559	1.1798466006073144e-11
7.3570168947030945	1.1577736479194954e-11
7.419945636616564	1.1360254752109855e-11
7.483412643782852	1.112902296095507e-11
7.547422520290228	1.0925029171865693e-11
7.611979909608336	1.0757558082713417e-11
7.677089494925063	1.0583485184294014e-11
7.742755999486251	1.0395768808599952e-11
7.808984186938347	1.0182928874610565e-11
7.875778861673976	9.977781952672848e-12
7.943144869180454	9.773598017996175e-12
8.0110870963913	9.610808242111583e-12
8.079610472040757	9.526572689301904e-12
8.148719967021325	9.44224306998159e-12
8.218420594744366	9.357316362621746e-12
8.288717411503802	9.253499927523893e-12
8.359615516842904	9.146791566287684e-12
8.43112005392423	9.061090900745838e-12
8.503236209902733	9.008907404293057e-12
8.57596921630204	8.961545753401518e-12
8.649324349393972	8.921276382307479e-12
8.723306930581298	8.869421035703659e-12
8.79792232678377	8.816165973280375e-12
8.873175950827441	8.759307115799905e-12
8.94907326183735	8.731347973445684e-12
9.025619765633525	8.661326743763692e-12
9.102821015130393	8.593943734399651e-12
9.180682610739627	8.561778438141868e-12
9.259210200776382	8.535904969302815e-12
9.338409481869066	8.501938085315015e-12
9.41828619937259	8.490661665051792e-12
9.498846147785137	8.45349368468911e-12
9.580095171168526	8.409602554432236e-12
9.66203916357216	8.392915183746275e-12
9.744684069460584	8.40025196216357e-12
9.828035884144724	8.409721984382236e-12
9.912100654216811	8.411703151170242e-12
9.996884477989004	8.400421817416303e-12
10.082393505935793	8.36782235217444e-12
10.16863394114016	8.30326548239228e-12
10.255612039743584	8.268421177352114e-12
10.343334111399882	8.23685639582958e-12
10.431806519732897	8.21525158830969e-12
10.52103568279818	8.19951011366247e-12
10.611028073548558	8.165466559073801e-12
10.701790220303675	8.085390888737086e-12
10.793328707223617	8.000361235386234e-12
10.885650174786534	7.916381984806093e-12
10.97876132027033	7.830824540534213e-12
11.072668898238554	7.76129389136463e-12
11.167379721030366	7.705845866562925e-12
11.262900659254715	7.665634434134299e-12
11.359238642288787	7.633590713918138e-12
11.45640065878066	7.568228928777224e-12
11.554393757156276	7.485144671571643e-12
11.653225046130778	7.442187875021068e-12
11.752901695224184	7.400680478543413e-12
11.853430935281473	7.352819590854733e-12
11.95482005899716	7.298945665296326e-12
12.057076421444322	7.242232385768695e-12
12.160207440608124	7.173629815139023e-12
12.264220597923995	7.1038751230857815e-12
12.369123438820326	7.0325598314905744e-12
12.474923573265821	6.949198733689248e-12
12.581628676321586	6.833414510568258e-12
12.689246488697881	6.7349429910873116e-12
12.797784817315637	6.6405332481394245e-12
12.90725153587283	6.521613461175864e-12
13.017654585415642	6.390999230884481e-12
13.129001974914518	6.260932814991988e-12
13.241301781845186	6.133560811380676e-12
13.354562152774614	6.0103060417370976e-12
13.468791303951962	5.902461192536445e-12
13.58399752190465	5.7955300688844995e-12
13.700189164039474	5.693483674871193e-12
13.817374659248852	5.593698642026277e-12
13.935562508522327	5.476011112906364e-12
14.05476128556323	5.363135718600897e-12
14.174979637410623	5.2239053550972564e-12
14.29622628506662	5.0896865217623564e-12
14.418510024129024	4.978510839307307e-12
14.54183972542935	4.8684522031438235e-12
14.666224335676397	4.739221488167692e-12
14.791672878105238	4.612509181146945e-12
14.918194453131784	4.489923327563062e-12
15.045798239012987	4.372323364028008e-12
15.174493492512639	4.260362098806163e-12
15.304289549572866	4.139477180736812e-12
15.435195825991434	4.0146636850888205e-12
15.567221818104768	3.893861752132933e-12
15.700377103476825	3.782466883455953e-12
15.834671341593932	3.6934560251377785e-12
15.970114274565482	3.6032878785762028e-12
16.106715727830636	3.508074758618552e-12
16.24448561087114	3.4223671389264767e-12
16.383433917930166	3.3425366668710902e-12
16.523570728737287	3.26331227121205e-12
16.66490620923976	3.178849804704603e-12
16.807450612339952	3.095273528653444e-12
16.951214278639103	3.0127966630820903e-12
17.096207637187515	2.9329482945179822e-12
17.242441206241068	2.855133811089208e-12
17.389925594024234	2.779317563147579e-12
17.53867149949968	2.7093001704437937e-12
17.688689713144377	2.631237677197894e-12
17.839991117732335	2.5595779678994763e-12
17.992586689124135	2.4892620445361807e-12
18.146487497063138	2.419414556006811e-12
18.30170470597846	2.3480980019237286e-12
18.45824957579495	2.2741325116800136e-12
18.61613346275	2.2015660578506973e-12
18.775367820217294	2.126681894346697e-12
18.935964199537775	2.0519266302344225e-12
19.097934250857545	1.9780382163023087e-12
19.261289723973	1.908226045795641e-12
19.42604246918324	1.8405097335133066e-12
19.592204438149704	1.772478257056949e-12
19.75978768476314	1.7487382872437932e-12
19.928804366018102	1.7365093904099831e-12
20.099266742894816	1.7043665081261482e-12
20.271187181248607	2.0598619147870304e-12
20.444578152707006	2.1697447314259117e-12
20.619452235574457	2.1284663490134502e-12
20.795822115744745	1.9329169955785517e-12
20.973700587621344	1.8700390273814572e-12
21.153100555045512	1.6813615515347132e-12
21.3340350322324	1.6158461375048787e-12
21.516517144715092	1.4863356650104619e-12
21.700560130296836	1.4346649735668974e-12
21.88617734001134	1.3357415782050412e-12
22.073382239091238	1.27580462231911e-12
22.26218840794498	1.1139283781514737e-12
22.452609543141953	9.257016774508222e-13
22.64465945840605	8.226213302243915e-13
22.83835208561782	9.219598256911659e-13
23.033701475825097	1.242644072609248e-12
23.23072180026226	1.2275189598349715e-12
23.429427351378344	1.2120020011350148e-12
23.629832543873807	1.1962755506420566e-12
23.831951915746195	1.1805316356729024e-12
24.03580012934483	1.165480755102847e-12
24.241391972434432	1.15086066183001e-12
24.448742359267836	1.1365008907380358e-12
24.657866331667975	1.1223744279773226e-12
24.868779060119046	1.1084858305509404e-12
25.08149584486696	1.094827921904775e-12
25.29603211702936	1.081402399926704e-12
25.51240343971499	1.0682056047879127e-12
25.730625509152677	1.0552334468915402e-12
25.950714155830028	1.0424754515593514e-12
26.172685345641796	1.0299334999853978e-12
26.39655518104807	1.017605157588222e-12
26.622339902242437	1.0054868049791147e-12
26.850055888330107	9.935715073904662e-13
27.07971965851602	9.818550565199161e-13
27.311347873303287	9.703380196818975e-13
27.544957335701774	9.590267880739383e-13
27.780564992446983	9.478983398050875e-13
28.018187935229502	9.36953050072438e-13
28.257843401934853	9.261938553283824e-13
28.499548777893946	9.156179327369352e-13
28.74332159714432	9.052221208455616e-13
28.989179543702107	8.949996457314307e-13
29.237140452844816	8.849574355470766e-13
29.487222312405255	8.750773918823016e-13
29.739443264076378	8.653656690527514e-13
29.993821604727295	8.558182861836663e-13
30.25037578773066	8.464372059593548e-13
30.509124424301312	8.372072745258277e-13
30.77008628484632	8.281345815907427e-13
31.03328030032675	8.192245578360615e-13
31.298725563630924	8.104542248933343e-13
31.56644133095943	8.018402026326472e-13
31.83644702322212	7.933638797574302e-13
32.10876222744691	7.850403066180456e-13
32.38340669820064	7.768569226144937e-13
32.66040035902221	7.688093822270686e-13
32.939763303867885	7.608986604599345e-13
33.221515798568866	7.5313055233869e-13
33.50567828230158	7.454945440947683e-13
33.79227136907033	7.379883501076159e-13
34.081315849202646	7.306154096620925e-13
34.37283269085759	7.233820435290005e-13
34.666843041546784	7.162527322017472e-13
34.96336822966847	7.092380689026555e-13
35.26242976605484	7.022562528557797e-13
35.56404934553245	6.950972560838848e-13
35.868248848495966	6.883733494645385e-13
36.17505034249555	6.818663910180901e-13
36.48447608383764	6.754566937827833e-13
36.796548519199455	6.691422546896473e-13
37.11129028725741	6.629268883291581e-13
37.42872422032942	6.56812485754787e-13
37.748873346031075	6.507961037050631e-13
38.07176088894632	6.44878353810632e-13
38.397410272312136	6.390594014294559e-13
38.7258451197177	6.333388095028276e-13
39.057089256818195	6.277134366269076e-13
39.39116671306318	6.221808705986116e-13
39.728101723439664	6.167415947706411e-13
40.06791873023033	6.113947754092161e-13
40.41064238478658	6.061382168971427e-13
40.756297549316734	6.009686037279051e-13
41.10490929868978	5.958859883283019e-13
41.45650292225429	5.908897824818216e-13
41.81110392567292	5.859788003115185e-13
42.1687380327728	5.811499188249086e-13
42.529431187411575	5.764012294595181e-13
42.89320955535935	5.717333379608343e-13
43.260099526196974	5.671449730173025e-13
43.63012771523039	5.626347138970026e-13
44.00332096542127	5.581983741874781e-13
44.37970634933444	5.538376986831118e-13
44.759311171101764	5.495507439769307e-13
45.14216296840277	5.453368107301848e-13
45.52828951446244	5.411935014786821e-13
45.91771882006595	5.371193243823471e-13
46.31047913559052	5.331144900939699e-13
46.70659895305497	5.291778872194575e-13
47.106107008186534	5.253082317137601e-13
47.50903228250535	5.21502254646835e-13
47.91540400542704	5.177604704164711e-13
48.32525165638299	5.140829375236557e-13
48.73860496695884	5.104680359860703e-13
49.155493923051424	5.069132327997857e-13
49.57594876704398	5.034178998458089e-13
49.99999999999994	4.999823865982497e-13