0.01000000000000001	8.424203346233329e-7
0.010085535676775167	8.362703713547602e-7
0.010171802988750468	8.300796277513505e-7
0.0102588081940171	8.238481090659465e-7
0.010346557604195278	8.175758305856389e-7
0.010435057584892084	8.112628179903145e-7
0.01052431455616323	8.049091077215709e-7
0.010614334992978836	7.985147473622795e-7
0.010705125425693109	7.920797960270913e-7
0.010796692440518068	7.8560432476418e-7
0.010889042680001362	7.790884169685237e-7
0.010982182843508116	7.725321688070437e-7
0.011076119687706915	7.659356896559201e-7
0.011170860027059979	7.592991025504103e-7
0.011266410734317497	7.52622544647514e-7
0.01136277874101617	7.459061677018309e-7
0.011459971037982089	7.391501385549646e-7
0.011557994675837844	7.323546396388415e-7
0.01165685676551399	7.255198694933246e-7
0.01175656447876492	7.186460432984969e-7
0.011857125048689118	7.117333934220213e-7
0.011958545770253848	7.047821699819814e-7
0.012060834000824383	6.977926414256128e-7
0.012163997160697724	6.907650951243624e-7
0.01226804273364086	6.836998379857142e-7
0.01237297826743371	6.765971970822231e-7
0.012478811374416643	6.694575202982333e-7
0.012585549732042667	6.622811769947502e-7
0.012693201083434434	6.550685586929495e-7
0.012801773237945912	6.478200797768325e-7
0.012911274071728892	6.405361782155394e-7
0.013021711528304378	6.332173163058408e-7
0.013133093619138822	6.258639814353604e-7
0.013245428424225276	6.184766868670794e-7
0.013358724092669576	6.110559725456874e-7
0.013472988843281491	6.036024059263757e-7
0.013588230965170913	5.961165828266705e-7
0.013704458818349217	5.885991283019146e-7
0.0138216808343357	5.810506975450448e-7
0.013939905516769213	5.734719768113044e-7
0.014059141442025073	5.658636843685591e-7
0.014179397259837207	5.58226571473906e-7
0.014300681693925605	5.505614233772733e-7
0.014423003542629207	5.428690603527313e-7
0.014546371679544142	5.351503387582582e-7
0.014670795054167421	5.274061521247202e-7
0.014796282692546204	5.196374322748382e-7
0.014922843697932559	5.118451504729508e-7
0.015050487251443813	5.040303186063913e-7
0.015179222612728626	4.96193990399314e-7
0.015309059120638683	4.883372626598466e-7
0.015440006193906156	4.804612765614491e-7
0.015572073331826993	4.7256721895938903e-7
0.015705270114950022	4.6465632374327166e-7
0.01583960620577191	4.567298732265853e-7
0.015975091349438177	4.4878919957423814e-7
0.0161117353744501	4.4083568626910823e-7
0.01624954819337768	4.328707696186379e-7
0.01638853980357879	4.24895940302532e-7
0.016528720287924372	4.169127449626635e-7
0.01667009981552986	4.0892278783630007e-7
0.016812688642492933	4.009277324337982e-7
0.016956497112637504	3.929293032619557e-7
0.01710153565826405	3.8492928759422855e-7
0.01724781480090646	3.7692953728905056e-7
0.017395345152095277	3.6893197065754126e-7
0.01754413741412747	3.609385743819064e-7
0.017694202380842843	3.529514054858726e-7
0.01784555093840705	3.4497259335853945e-7
0.01799819406610127	3.370043418330653e-7
0.018152142837118728	3.2904893132162957e-7
0.018307408419367965	3.2110872100817563e-7
0.01846400207628295	3.131861511004541e-7
0.018621935167640224	3.052837451429364e-7
0.018781219150382954	2.974041123922146e-7
0.01894186557945201	2.8954995025653883e-7
0.019103886108624256	2.8172404680118117e-7
0.019267292491357935	2.7392928332137797e-7
0.019432096581645256	2.661686369846312e-7
0.019598310334872377	2.5844518354419737e-7
0.019765945808686673	2.507621001256545e-7
0.019935015163871382	2.431226680884725e-7
0.02010553066522786	2.355302759645641e-7
0.020277504682465263	2.2798842247585687e-7
0.02045094969109787	2.2050071963296817e-7
0.020625878273350145	2.1307089591712006e-7
0.020802303119069457	2.057027995474987e-7
0.02098023702664661	1.9840040183630734e-7
0.021159692903944354	1.911678006338228e-7
0.0213406837692337	1.840092238658374e-7
0.0215232227521383	1.769290331659163e-7
0.02170732309458696	1.6993172760496793e-7
0.021892998151774222	1.630219475206977e-7
0.022080261393129148	1.5620447844957542e-7
0.022269126403292514	1.494842551640104e-7
0.02245960688310224	1.4286636581751608e-7
0.022651716650587253	1.3635605620070205e-7
0.02284546964196996	1.2995873411100795e-7
0.02304087991267719	1.236799738391825e-7
0.023237961638359787	1.1752552077557465e-7
0.023436729115921012	1.1150129613938749e-7
0.023637196764553656	1.0701140004013437e-7
0.02383937912678602	1.0267945812180026e-7
0.024043290869536937	9.849720259760587e-8
0.02424894678517973	9.446518653209178e-8
0.02445636179261524	9.058385337049836e-8
0.024665550938354184	8.685353140047835e-8
0.02487652939760862	8.327442801917653e-8
0.025089312475392773	7.984662379971186e-8
0.025303915607633384	7.657006635092996e-8
0.025520354362289437	7.344456396412412e-8
0.025738644440481462	7.046977904023553e-8
0.025958801677630632	6.764522129086077e-8
0.026180842044607466	6.497024070620844e-8
0.026404781648890364	6.244402028294706e-8
0.02663063673573417	6.006556850468511e-8
0.026858423689348623	5.783371156762406e-8
0.027088159034086855	5.574708534370688e-8
0.027319859435644227	5.3804127073368896e-8
0.027553541702267238	5.2003066779777744e-8
0.02778922278597283	5.03419183962145e-8
0.028026919783778213	4.881847059801457e-8
0.028266649938941076	4.743027733024568e-8
0.028508430642210453	4.6174648022048766e-8
0.028752279433088362	4.5048637478312996e-8
0.02899821400110214	4.404903543909411e-8
0.02924625218708765	4.3172355796913957e-8
0.029496411984483595	4.241482546180192e-8
0.02974871154063676	4.1772372863655424e-8
0.030003169158118504	4.124061608120214e-8
0.030259803296052424	4.081485058654743e-8
0.03051863257145352	4.0490036593980404e-8
0.030779675760578697	4.0260786001396205e-8
0.031042951800288796	4.0121348912365145e-8
0.03130847978942242	3.985995394497862e-8
0.031576278990181395	3.894159111020144e-8
0.03184636882952803	3.809365522278328e-8
0.03211876890059452	3.731584827608554e-8
0.03239349896410426	3.6607796134513855e-8
0.03267057894980526	3.596904511427527e-8
0.03295002895791604	3.539905844840886e-8
0.03323186926058369	3.489721263260784e-8
0.03351612030335445	3.446279364825088e-8
0.03380280270665695	3.409499305895947e-8
0.03409193726729807	3.379290397689449e-8
0.03438354495997152	3.355551689489755e-8
0.03467764693877954	3.33817153804726e-8
0.034974264538767404	3.327027162749108e-8
0.03527341927747109	3.3219841861387106e-8
0.03557513285647832	3.3228961593490215e-8
0.03587942716300284	3.329604072002104e-8
0.03618632427147208	3.3419358461148954e-8
0.03649584644512864	3.359705813538181e-8
0.03680801613764529	3.3827141764425276e-8
0.03712285599475373	3.4107464503512354e-8
0.03744038885588752	3.443572889206436e-8
0.03776063775583888	3.4809478919400025e-8
0.0380836259264296	3.522609390006196e-8
0.038409376798196504	3.568278215317799e-8
0.0387379140020911	3.617657448011862e-8
0.03906926137119377	3.669955909274072e-8
0.03940344294244282	3.703934641440654e-8
0.039740482958378155	3.740681973605287e-8
0.040080405868899806	3.780077660521559e-8
0.040423236333041734	3.821993128988707e-8
0.04076899922076064	3.866291156292374e-8
0.04111771961474	3.912825538361173e-8
0.04146942281220979	3.961440747338032e-8
0.04182413432678156	4.011971578256761e-8
0.042181879890299194	4.0642427845057886e-8
0.04254268545470571	4.118068701752088e-8
0.042906577193925814	4.173252859989188e-8
0.04327358150576461	4.229587583363849e-8
0.04364372501382266	4.286853577426392e-8
0.0440170345694273	4.3448195034397325e-8
0.044393537253580445	4.4032415393720955e-8
0.044773260378923256	4.461862927188017e-8
0.04515623149171743	4.520413506041429e-8
0.0455424783738434	4.578609230963744e-8
0.045932029044815866	4.636151676628592e-8
0.04632491176381634	4.692727525763194e-8
0.04672115503174308	4.748008041764526e-8
0.0471207875932788	4.783922759944943e-8
0.04752383843897578	4.806771356086475e-8
0.04793033680735888	4.8277529816427525e-8
0.04834031218704674	4.846971797511448e-8
0.0487537943188909	4.8645389454937814e-8
0.04917081319813322	4.880572816831935e-8
0.04959139907658193	4.895199329327945e-8
0.05001558246480619	4.908552213295234e-8
0.05044339413434928	4.9207733066009884e-8
0.05087486511996103	4.9320128590647564e-8
0.051310026721849124	4.9424298464860696e-8
0.0517489105079496	4.9521922945814327e-8
0.05219154831621705	4.96147761311892e-8
0.05263797225693417	4.9704729405465093e-8
0.05308821471504105	4.979375499418641e-8
0.053542308352484635	4.988392962933848e-8
0.054000286110588054	4.997743832905032e-8
0.05446218121244018	5.007657829492869e-8
0.054928027165305905	5.029143677411954e-8
0.0553978577630568	5.0617628208237476e-8
0.0558717070886225	5.0951817220816596e-8
0.05634960951646336	5.1291868922525365e-8
0.05683159971506404	5.163553297124873e-8
0.05731771264944832	5.198043937901202e-8
0.05780798358371578	5.232409418821718e-8
0.058302448083599835	5.2663875013414564e-8
0.05880114201904775	5.299702644473019e-8
0.059304101566822885	5.332065530896027e-8
0.059811363213129	5.3631725784234575e-8
0.06032296375625697	5.3927054364036716e-8
0.060838940309254436	5.420330466625363e-8
0.06135933030261801	5.445698208280606e-8
0.0618841714870085	5.4684428265289944e-8
0.06241350193598961	5.488181544193212e-8
0.06294736004878988	5.491344562705259e-8
0.06348578455308816	5.488370298670123e-8
0.06402881450782318	5.4818436050715974e-8
0.06457648930602697	5.4717994053805404e-8
0.06512884867768244	5.4582773022956145e-8
0.06568593269260567	5.441321777358123e-8
0.06624778176335265	5.420982397198863e-8
0.06681443664815077	5.3973140266148414e-8
0.06738593845385582	5.3703770486792503e-8
0.06796232863893381	5.340237592093915e-8
0.0685436490164685	5.306967765999208e-8
0.06912994175719474	5.2706459024625656e-8
0.06972124939255767	5.231356995366994e-8
0.07031761481779786	5.189074757085741e-8
0.07091908129506337	5.131597001879524e-8
0.07152569245654797	5.071800264241852e-8
0.07213749230765622	5.010274909279331e-8
0.07275452523019603	4.94764344058859e-8
0.07337683598559806	4.8845616703391673e-8
0.07400446971816285	4.8217199258688397e-8
0.07463747195833581	4.75984429384694e-8
0.07527588862601016	4.699697903090544e-8
0.07591976603385786	4.642082247148369e-8
0.07656915089068962	4.587838547798035e-8
0.07722409030484309	4.5378491606341546e-8
0.07788463178760015	4.493039023957127e-8
0.07855082325663378	4.473179560483922e-8
0.079222713039484	4.470532943088946e-8
0.07990034987706364	4.474169152442749e-8
0.08058378292719429	4.483772669486426e-8
0.08127306176817231	4.499006571690822e-8
0.08196823640236528	4.519511708697724e-8
0.08266935725983952	4.544905851611418e-8
0.08337647520201832	4.5747828151693806e-8
0.08408964152537149	4.6087115519993236e-8
0.08480890796513679	4.6462352181477665e-8
0.08553432669907284	4.686870209042545e-8
0.08626595035124408	4.7265164463185044e-8
0.08700383199583867	4.7639336959475514e-8
0.08774802516101832	4.8034082655284505e-8
0.08849858383280143	4.844804881148006e-8
0.0892555624589796	4.8879797563818286e-8
0.09001901595306726	4.932780270709908e-8
0.09078899969828517	4.979044637739388e-8
0.09156556955157841	5.026601562937521e-8
0.09234878184766815	5.0752698905695036e-8
0.09313869340313832	5.124858239527422e-8
0.09393536152055744	5.1704312769207015e-8
0.09473884399263548	5.201116531350341e-8
0.09554919910641609	5.233539873171086e-8
0.09636648564750525	5.268859934856007e-8
0.09719076290433556	5.308293856254688e-8
0.09802209067246719	5.3531193691676454e-8
0.09886052925892572	5.404676946356533e-8
0.099706139486577	5.464372016843461e-8
0.10055898269853926	5.533677249403951e-8
0.10141912076263336	5.614134906210589e-8
0.10228661607587068	5.7593436312052654e-8
0.10316153156897974	5.925779992582932e-8
0.1040439307109712	6.10014259203876e-8
0.10493387751374225	6.279121404461215e-8
0.10583143653672021	6.459230256353455e-8
0.10673667289154577	6.636799685828157e-8
0.10764965224679647	6.807970590976308e-8
0.1085704408327505	6.968687428968327e-8
0.10949910544619117	7.102870687967464e-8
0.11043571345525259	7.138643048174896e-8
0.11138033280430686	7.158965956154203e-8
0.11233303201889273	7.16748197883583e-8
0.11329388021068687	7.168034393577589e-8
0.11426294708251737	7.164674527884914e-8
0.11524030293342011	7.161669328656757e-8
0.11622601866373852	7.16350916760055e-8
0.11722016578026705	7.177528357846941e-8
0.1182228164014382	7.288733928931257e-8
0.1192340432625544	7.411423404239815e-8
0.12025391972106453	7.541916114897137e-8
0.12128251976188523	7.67633249761559e-8
0.12231991800276815	7.81058686459424e-8
0.12336618969971301	7.940379947928519e-8
0.12442141075242678	8.061191212013318e-8
0.12548565770982964	8.135865512676256e-8
0.12655900777560827	8.156364815554136e-8
0.1276415388138162	8.164342402883533e-8
0.12873332935452242	8.16308152225342e-8
0.1298344585995083	8.156045147387158e-8
0.13094500642801282	8.146882538018087e-8
0.13206505340252755	8.139436004732305e-8
0.13319468077464083	8.155693957000338e-8
0.13433397049093185	8.214623076301518e-8
0.13548300519891543	8.279221038463595e-8
0.1366418682530376	8.346871687714012e-8
0.13781064372072216	8.414819448005235e-8
0.13898941638846937	8.480164275155491e-8
0.14017827176800657	8.539856451837476e-8
0.14137729610249145	8.561626711097972e-8
0.14258657637276828	8.557921003276527e-8
0.14380620030367805	8.549184994540026e-8
0.14503625637042197	8.538990305460948e-8
0.14627683380497988	8.531096985422166e-8
0.14752802260258355	8.529460315757638e-8
0.14878991352824483	8.546760143931647e-8
0.15006259812334038	8.599679723628567e-8
0.15134616871225226	8.665805686629012e-8
0.1526407184090652	8.744647968417923e-8
0.15394634112432182	8.835680673620931e-8
0.15526313157183463	8.938340675195615e-8
0.15659118527555735	9.051509193180959e-8
0.1579305985765143	9.173661950539186e-8
0.1592814686397891	9.305955226955475e-8
0.16064389346157362	9.448046536860189e-8
0.16201797187627684	9.599567937135918e-8
0.16340380356369447	9.760125030097846e-8
0.16480148905624	9.928888849799849e-8
0.16621112974623795	1.0105528510715905e-7
0.16763282789327877	1.0290081224546388e-7
0.16906668663163726	1.0482200555867175e-7
0.17051280997775436	1.068151642597333e-7
0.1719713028377825	1.088829682535994e-7
0.17344227101519602	1.1111017448904996e-7
0.17492582121846656	1.1337307459414019e-7
0.17642206106880376	1.1564272075678975e-7
0.1779310991079626	1.1788865043333101e-7
0.17945304480611735	1.200788318336601e-7
0.18098800856980277	1.2188147498990547e-7
0.18253610174992335	1.2357263994016354e-7
0.18409743664983128	1.2526031231881904e-7
0.1856721265334728	1.2699929758655256e-7
0.1872602856336051	1.288472393443024e-7
0.18886202916008313	1.3137351290632364e-7
0.19047747330821688	1.340957808353217e-7
0.1921067352672009	1.36823309068984e-7
0.19374993322861553	1.3945247481660792e-7
0.1954071863950007	1.418438890876456e-7
0.19707861498850326	1.4344897982692262e-7
0.19876434025959852	1.4476232250575973e-7
0.2004644844958858	1.4581112485537877e-7
0.20217917103095967	1.4662424228148136e-7
0.20390852425335704	1.473636842438497e-7
0.20565266961558054	1.480493159718551e-7
0.20741173364319918	1.4846930796111815e-7
0.2091858439440272	1.4856522541113722e-7
0.2109751292173807	1.4826323813037322e-7
0.21277971926341419	1.4691344916995888e-7
0.21459974499253665	1.4525689787476844e-7
0.21643533843490798	1.43444211040603e-7
0.21828663275001697	1.4163403454911103e-7
0.2201537622363413	1.405019655810529e-7
0.2220368623410896	1.3971038776780741e-7
0.22393606967002735	1.3901710163072747e-7
0.22585152199738687	1.383490821062157e-7
0.2277833582758615	1.3749319058636878e-7
0.22973171864668587	1.364747176152769e-7
0.23169674444980234	1.35374202298344e-7
0.23367857823411384	1.341920604751932e-7
0.23567736376782497	1.32892883115488e-7
0.23769324604887163	1.3150766569486935e-7
0.23972637131543909	1.3008048230095053e-7
0.24177688705657094	1.2863689794985413e-7
0.24384494202286847	1.274306269081934e-7
0.245930686237281	1.262232087127657e-7
0.24803427100598946	1.2485297655705096e-7
0.25015584892938253	1.231716453096579e-7
0.25229557391312646	1.2064234294120146e-7
0.25445360117933	1.1787892681256085e-7
0.25663008727780506	1.15023965174294e-7
0.2588251900974226	1.1240529688484619e-7
0.2610390688775668	1.1012438674015711e-7
0.2632718842196868	1.0794718066179601e-7
0.26552379809894705	1.0584334741666111e-7
0.2677949738759774	1.0380214982433759e-7
0.27008557630872415	1.0175799820995098e-7
0.27239577156440176	9.96614180829941e-8
0.2747257272315469	9.733052030322589e-8
0.27707561233217676	9.480652393614525e-8
0.2794455973340492	9.227757166061827e-8
0.2818358541630298	8.988130826557597e-8
0.2842465562155638	8.77800626111771e-8
0.28667787837125447	8.578683793831095e-8
0.2891299970055496	8.3865239510446e-8
0.29160309000253654	8.192677051966525e-8
0.294097336767846	8.002524842990397e-8
0.2966129182416669	7.816005244005867e-8
0.2991500169118725	7.633007314674286e-8
0.30170881682725825	7.453520365017258e-8
0.30428950361089335	7.277500332157105e-8
0.30689226447358686	7.091463768323004e-8
0.3095172882274678	6.915872401261147e-8
0.31216476529968257	6.765494753778598e-8
0.3148348877462093	6.687233130684802e-8
0.3175278492657896	6.639273552698995e-8
0.32024384521398064	6.598320730311002e-8
0.3229830726173263	6.517297334152857e-8
0.3257457301876506	6.427493727277649e-8
0.3285320183364725	6.335575583735841e-8
0.3313421391895444	6.25019638211138e-8
0.33417629660151504	6.16608132645939e-8
0.33703469617071774	6.081069991255388e-8
0.33991754525408496	5.995691118642022e-8
0.3428250529821908	5.918075017562542e-8
0.3457574302744219	5.865087234009426e-8
0.3487148898542782	5.825182473287874e-8
0.3516976462648042	5.7804298474284566e-8
0.35470591588415323	5.700348445035414e-8
0.3577399169412836	5.616760866304934e-8
0.3607998695317898	5.5518078507331713e-8
0.3638859956338688	5.5088422051953784e-8
0.3669985191244234	5.465216270008945e-8
0.3701376657953022	5.398210481911824e-8
0.37330366336968007	5.320541774995719e-8
0.37649674151857726	5.237889890105764e-8
0.3797171318775206	5.151624234494776e-8
0.3829650680633471	5.0584710357474565e-8
0.3862407856911515	4.956007700236588e-8
0.3895445223913776	4.8464057546190275e-8
0.39287651782705785	4.7289468634207056e-8
0.3962370137111984	4.6069657919603866e-8
0.3996262538243139	4.486639980976393e-8
0.40304448403211224	4.3710690214223606e-8
0.4064919523033304	4.254737807931984e-8
0.40996890872772246	4.133054678128041e-8
0.4134756055342024	4.011136684882516e-8
0.41701229710914106	3.893892683471839e-8
0.4205792400148204	3.778053294067119e-8
0.42417669300804534	3.6569501615614506e-8
0.42780491705891455	3.535449433794959e-8
0.431464175369752	3.4285536645495934e-8
0.43515473339420074	3.335418601185779e-8
0.4388768588564795	3.237201278713356e-8
0.44263082177080393	3.1248826758213286e-8
0.44641689446097493	2.996414653644929e-8
0.45023535158013334	2.850247937351966e-8
0.45408647013068415	2.7118460074898018e-8
0.4579705294843912	2.5972403712367486e-8
0.4618878114026438	2.4930950009611072e-8
0.4658386000568959	2.395029249351282e-8
0.4698231820492818	2.3047057651069826e-8
0.47384184643340627	2.2216252441954203e-8
0.47789488473531344	2.141062846339227e-8
0.4819825909746356	2.06113086628356e-8
0.4861052616859216	1.9891555742084504e-8
0.49026319594014867	1.925418923108809e-8
0.4944566953664179	1.8572663017052337e-8
0.49868606417383543	1.7873619734734622e-8
0.5029516091735804	1.7362835867772058e-8
0.507253639801162	1.6941782939609966e-8
0.5115924681388676	1.634662821047792e-8
0.5159684089384007	1.5725877361412394e-8
0.5203817796437155	1.5239090196882228e-8
0.5248329004140442	1.4784017485313189e-8
0.5293220941471226	1.432561167576538e-8
0.5338496865026144	1.3882864575550987e-8
0.5384160059257352	1.3465067174135634e-8
0.5430213836710788	1.309456769053078e-8
0.5476661538266476	1.2746583830075544e-8
0.5523506533380887	1.2397592822362641e-8
0.5570752220331361	1.2082280237602951e-8
0.5618402026462637	1.1800330394346162e-8
0.5666459408435477	1.1524413180234988e-8
0.5714927852477427	1.1239001729550133e-8
0.5763810874635713	1.0936078212386715e-8
0.5813112021032311	1.0668109630639778e-8
0.5862834868121192	1.042959647184022e-8
0.5912983022947766	1.0192611028895464e-8
0.5963560123410552	9.944110347791094e-9
0.6014569838525079	9.68461548307851e-9
0.6066015868690049	9.439655273445515e-9
0.6117901945955775	9.153785281137448e-9
0.6170231834294914	8.838465286629936e-9
0.6223009329875517	8.602305822502312e-9
0.627623826133642	8.392539480115782e-9
0.6329922490064976	8.163058263032382e-9
0.6384065910477176	7.839825245140455e-9
0.6438672450300165	7.600814843885242e-9
0.6493746070857164	7.438371000419713e-9
0.6549290767354843	7.252740822413314e-9
0.6605310569173143	7.0312072815826766e-9
0.6661809540157576	6.796910750221446e-9
0.6718791778914035	6.5730212520786285e-9
0.6776261419106113	6.362928077028237e-9
0.6834222629754977	6.1488293752313136e-9
0.6892679615541796	5.926737959653739e-9
0.6951636617112767	5.700638720787886e-9
0.7011097911386738	5.483984716664853e-9
0.7071067811865475	5.223229312842874e-9
0.713155066894657	4.998935710798463e-9
0.7192550870239038	4.858786091643913e-9
0.7254072840881604	4.67719980968271e-9
0.7316121043863714	4.498861554928033e-9
0.7378699980349299	4.32016696621734e-9
0.7441814190003303	4.1363498020176065e-9
0.7505468251320994	3.9523309293180445e-9
0.7569666781960114	3.7817349027975325e-9
0.7634414439075854	3.618107858538815e-9
0.7699715919658693	3.421253797899622e-9
0.7765575960875141	3.2415592755670822e-9
0.7831999340411376	3.101447225444552e-9
0.7898990876819844	2.9688041414219195e-9
0.7966555429868803	2.8751324365259807e-9
0.8034697900894867	2.728265750602565e-9
0.8103423233158565	2.5791711411834655e-9
0.8172736412202942	2.4407320103187315e-9
0.8242642466215218	2.318270027701407e-9
0.8313146466391556	2.189002881921744e-9
0.8384253527304938	2.056978508670721e-9
0.8455968807276192	1.9521986845465724e-9
0.8528297508748192	1.8538913211682574e-9
0.8601244878663259	1.7708733771622778e-9
0.8674816208843792	1.721092393875387e-9
0.8749016836376149	1.646828973001979e-9
0.8823852143997818	1.5744093373189824e-9
0.8899327560487896	1.5039130231786665e-9
0.8975448561060911	1.423815421098433e-9
0.9052220667764008	1.3626189935292199e-9
0.9129649449877536	1.305519708007423e-9
0.9207740524319059	1.2490363453960851e-9
0.9286499556050827	1.1987021514101474e-9
0.9365932258490729	1.1711818189992729e-9
0.9446044393926758	1.12949460759802e-9
0.952684177393503	1.0909885479870656e-9
0.9608330259801369	1.048243591874649e-9
0.9690515762946502	1.0125163438187287e-9
0.97734042453549	9.77950432439796e-10
0.9857001720007263	9.480301190262417e-10
0.9941314251316736	9.192099790616968e-10
1.0026347955568826	8.965876334247052e-10
1.0112109001365108	8.765975842370758e-10
1.01986036100707	8.523421038679174e-10
1.0285838056265597	8.298900533678467e-10
1.0373818668199835	8.082837922367703e-10
1.0462551828252558	7.868850783995559e-10
1.0552043973395033	7.658560915362196e-10
1.0642301595657593	7.456209201226097e-10
1.0733331242600583	7.297242573046311e-10
1.0825139517789364	7.164328682866752e-10
1.0917733081273326	6.987537617056995e-10
1.1011118650069052	6.819509467228093e-10
1.1105302998647575	6.659116348394207e-10
1.1200292959425826	6.483904609532064e-10
1.1296095423262278	6.312525066583122e-10
1.139271733995683	6.144839143371039e-10
1.1490165718754959	5.980679828212372e-10
1.1588447628856202	5.824777154919942e-10
1.168757019992697	5.670492739148759e-10
1.1787540622617765	5.518795941139918e-10
1.1888366149084793	5.374746305127961e-10
1.1990054093516078	5.233169036596703e-10
1.2092611832662044	5.104972969722866e-10
1.2196046806370648	4.975843595710229e-10
1.230036651812709	4.874355256005304e-10
1.240557853559814	4.759219651007524e-10
1.2511690491181118	4.6474962034287007e-10
1.2618710082557567	4.5328429135112973e-10
1.2726645073251674	4.4113692458713776e-10
1.2835503293193455	4.2781543596082825e-10
1.2945292639286763	4.1788135630675677e-10
1.3056021075982152	4.073159875413362e-10
1.3167696635854638	3.978685150656417e-10
1.3280327420186417	3.885682899048793e-10
1.3393921599554552	3.795541973798736e-10
1.3508487414423682	3.6908024637082303e-10
1.3624033175743828	3.5942005157866143e-10
1.3740567265553274	3.5066194813091066e-10
1.3858098137586643	3.413336088945183e-10
1.3976634317888146	3.321932892734858e-10
1.4096184405430092	3.2360813761274633e-10
1.4216757072736683	3.143605867572547e-10
1.433836106651314	3.06532559698215e-10
1.4461005208280215	2.982423694884109e-10
1.458469839501415	2.8962125083001615e-10
1.4709449599792062	2.808848925327151e-10
1.483526787244289	2.7128396973348755e-10
1.4962162340203908	2.635486100585801e-10
1.5090142208382822	2.5604247386884777e-10
1.5219216761025562	2.4804477611280724e-10
1.5349395361589777	2.386547254741109e-10
1.5480687453624082	2.2945942400201347e-10
1.5613102561453127	2.2072522353880215e-10
1.5746650290868514	2.120975806156587e-10
1.588134032982563	2.055193421912416e-10
1.6017182449146457	1.9632017110780738e-10
1.6154186503228352	1.8890677888416778e-10
1.6292362430758927	1.8150852924885649e-10
1.6431720255437041	1.7458284983517122e-10
1.657227008669993	1.693996958127306e-10
1.6714022120456589	1.6123114921096746e-10
1.6856986639827412	1.5430040945452452e-10
1.7001174015890155	1.4759329517097058e-10
1.7146594708432294	1.4091309912367996e-10
1.7293259266709806	1.362526962893189e-10
1.7441178330212437	1.3048603582796398e-10
1.7590362629435532	1.2543464171851804e-10
1.7740822986658455	1.2084731774479314e-10
1.7892570316729668	1.169973932121276e-10
1.8045615627858524	1.1446182215884863e-10
1.819997002241385	1.1066937786773282e-10
1.8355644697729327	1.0721775481833508e-10
1.851265094691579	1.0400668252385367e-10
1.8671000159680462	1.013262360120594e-10
1.8830703823153199	9.931832157745805e-11
1.8991773522719795	9.691654996596431e-11
1.9154220942862432	9.518251861155468e-11
1.93180578680073	9.378387170171227e-11
1.9483296183379466	9.245961131242928e-11
1.9649947875865088	9.113140716169085e-11
1.9818025034880962	8.989038604269706e-11
1.9987539853251517	8.95116360211266e-11
2.0158504628093348	8.884675701515828e-11
2.0330931761707265	8.808025048322447e-11
2.050483376247798	8.759055611542119e-11
2.068022324578155	8.701257422501054e-11
2.085711293490048	8.614183275825184e-11
2.103551566194674	8.578012227333396e-11
2.121544436879265	8.565326883690078e-11
2.139691210800969	8.526690752642162e-11
2.157993204381541	8.467688467430566e-11
2.1764517453028374	8.437655083858926e-11
2.195068172603133	8.393575994925838e-11
2.213843836774255	8.330678257152215e-11
2.232780099859555	8.249658849316778e-11
2.251878335552714	8.167660172790619e-11
2.271139929297396	8.062880173959379e-11
2.29056627838775	7.999580427010128e-11
2.310158792069775	7.916156621590551e-11
2.329918891643552	7.845407589507428e-11
2.349848010566348	7.761812132912327e-11
2.3699475945566033	7.6749645779318e-11
2.390219101698809	7.593471423675923e-11
2.410664002549281	7.525482498352001e-11
2.4312837802428375	7.426750429763083e-11
2.4520799306003913	7.316895058974658e-11
2.47305396223746	7.21674726220201e-11
2.494207396673607	7.116355729045069e-11
2.5155417684428154	6.995975735916629e-11
2.537058625204809	6.908275787868687e-11
2.5587595278573234	6.810949704093233e-11
2.5806460506493396	6.789213897297205e-11
2.6027197812952827	6.775777354021463e-11
2.6249823210902012	6.764378398102706e-11
2.647435285025929	6.781326643010221e-11
2.6700803019082415	6.712259406047037e-11
2.6929190144750157	6.637976724284239e-11
2.715953079515397	6.608153046889893e-11
2.7391841679899893	6.547866872615376e-11
2.762613965152072	6.488348489405483e-11
2.7862441706698506	6.413472495497203e-11
2.810076498749759	6.297492894704129e-11
2.834112678260812	6.182960671717627e-11
2.8583544528600218	6.116453692261797e-11
2.8828035811188886	6.06690361758028e-11
2.9074618366509744	6.044220370921266e-11
2.932331008240563	5.968684684683889e-11
2.9574128999724265	5.849231816499276e-11
2.9827093313626993	5.74814315870839e-11
3.008222137490868	5.6299925820799164e-11
3.0339531691328974	5.4886872670735285e-11
3.059904292895489	5.378839811079041e-11
3.0860773913514925	5.262506769611018e-11
3.112474363176469	5.1535867107269224e-11
3.1390971232864318	5.038606275407015e-11
3.165947602976758	4.923200186969994e-11
3.193027750062289	4.8004457798322145e-11
3.2203395290186325	4.6873227254839584e-11
3.247884921124673	4.5491531640638054e-11
3.2756659246062965	4.374056607861905e-11
3.3036845547813485	4.2285711667370445e-11
3.3319428442058348	4.068251591758425e-11
3.360442842821364	3.939177432981109e-11
3.38918661810386	3.838532829839061e-11
3.4181762552135426	3.680448102025239e-11
3.4474138571461896	3.550545373600279e-11
3.476901544885695	3.432126538841055e-11
3.5066414575579348	3.324991924319693e-11
3.5366357525859398	3.236238545192881e-11
3.566886605846405	3.1522319586130074e-11
3.5973962118275375	3.0564036566640736e-11
3.628166783788244	2.9436952835636804e-11
3.6592005539186907	2.814719377071036e-11
3.6904997735022382	2.7305128781114025e-11
3.7220667130787466	2.6549715468720144e-11
3.7539036626092943	2.588610287894202e-11
3.786012931642298	2.5174363292549798e-11
3.8183968494810507	2.4543592969908048e-11
3.8510577653526994	2.3869130615023047e-11
3.883998048578667	2.3269676336771204e-11
3.9172200887465247	2.26296003922312e-11
3.950726295883342	2.211143900757157e-11
3.984519100630522	2.1652305351259982e-11
4.01860095442012	2.1225772365954044e-11
4.052974329652682	2.075496600211769e-11
4.087641719876601	2.0320444754571608e-11
4.122605639969001	1.9932082461702413e-11
4.157868626318185	1.9514419921471975e-11
4.193433237007619	1.914152346800288e-11
4.229302052001507	1.875844799221869e-11
4.265477673331959	1.8413383475179046e-11
4.301962725287737	1.8109380896480964e-11
4.3387598546046355	1.7811213142314347e-11
4.375871730657485	1.753248975617362e-11
4.413301045653792	1.7303392624747908e-11
4.451050514829043	1.709014928652934e-11
4.489122876643676	1.6879660190385943e-11
4.527520892981732	1.6656875163092742e-11
4.566247349351218	1.644842765962082e-11
4.605305055086172	1.6271813536156888e-11
4.644696843550457	1.6139586779608634e-11
4.68442557234331	1.600310769524118e-11
4.724494123506634	1.5854281771575197e-11
4.764905403734074	1.5752889405405213e-11
4.805662344581874	1.5734546155456677e-11
4.846767902681545	1.566899252075837e-11
4.888225059954344	1.5629417497320796e-11
4.930036823827591	1.5584693137251188e-11
4.972206227452847	1.558204591661359e-11
5.01473632992593	1.556957659427809e-11
5.057630216508849	1.552149833500904e-11
5.100890998853607	1.548691852933359e-11
5.144521815227932	1.5533406450525312e-11
5.1885258307429405	1.5556368506414462e-11
5.23290623758274	1.5560179033014655e-11
5.277666255235999	1.5619933478307108e-11
5.322809130729501	1.569303139382803e-11
5.368338138863696	1.574654266230711e-11
5.414256582450256	1.5800567206304914e-11
5.46056779255168	1.5844519365704564e-11
5.5072751287229345	1.589547815128659e-11
5.554381979255166	1.593393284550647e-11
5.6018917614214985	1.6016256644951e-11
5.649807921724936	1.6066903356746598e-11
5.698133936148376	1.6091032849141567e-11
5.74687331040677	1.6125114172242698e-11
5.796029580201445	1.614063952489334e-11
5.8456063114765815	1.6123039715167463e-11
5.89560710067791	1.610783953200506e-11
5.946035575013601	1.607919747856336e-11
5.996895392717398	1.6044294096968468e-11
6.0481902433139885	1.597178121845886e-11
6.099923847886666	1.5914717892406207e-11
6.152099959347258	1.5832538073134847e-11
6.2047223627083765	1.573402206863877e-11
6.257794875357999	1.5611125198566178e-11
6.311321347336386	1.5503588016666544e-11
6.365305661615377	1.5378946981158204e-11
6.41975173438008	1.524871768881647e-11
6.47466351531295	1.5086084026162603e-11
6.530044987880321	1.4929441733743736e-11
6.585900169621379	1.472016162610146e-11
6.642233112439599	1.4483560720270203e-11
6.699047902896687	1.4322266765497643e-11
6.756348662509035	1.408658716006455e-11
6.8141395480467	1.3853038648391953e-11
6.872424751834954	1.3619382235526458e-11
6.93120850205841	1.3390388993167356e-11
6.9904950630677405	1.3133031887726505e-11
7.05028873568903	1.287687685268755e-11
7.110593857535774	1.2624827448419027e-11
7.171414803323535	1.2379471583402311e-11
7.232755985187301	1.2142425977309332e-11
7.294621853001559	1.1907081310174461e-11
7.3570168947030945	1.1676807708242176e-11
7.419945636616564	1.1451182387068122e-11
7.483412643782852	1.1262019285691869e-11
7.547422520290228	1.1068710656232863e-11
7.611979909608336	1.0925355677687508e-11
7.677089494925063	1.0747889024456308e-11
7.742755999486251	1.0637735762011e-11
7.808984186938347	1.05272636145463e-11
7.875778861673976	1.043568650792214e-11
7.943144869180454	1.0362850514552971e-11
8.0110870963913	1.0258846537254053e-11
8.079610472040757	1.0153815402097144e-11
8.148719967021325	1.0057121505900253e-11
8.218420594744366	9.984535993994616e-12
8.288717411503802	9.962508447983267e-12
8.359615516842904	9.950215938192219e-12
8.43112005392423	9.894356347643884e-12
8.503236209902733	9.871259155608513e-12
8.57596921630204	9.856023554255444e-12
8.649324349393972	9.850521005269083e-12
8.723306930581298	9.847605033330045e-12
8.79792232678377	9.858163697014515e-12
8.873175950827441	9.86886169089915e-12
8.94907326183735	9.921150958671651e-12
9.025619765633525	9.91424305411754e-12
9.102821015130393	9.917676842881988e-12
9.180682610739627	9.910290379852692e-12
9.259210200776382	9.911279207375053e-12
9.338409481869066	9.916692547786526e-12
9.41828619937259	9.912811383501957e-12
9.498846147785137	9.917280847872319e-12
9.580095171168526	9.8938265500799e-12
9.66203916357216	9.88978307585496e-12
9.744684069460584	9.858676899957905e-12
9.828035884144724	9.823436268610772e-12
9.912100654216811	9.768535160299042e-12
9.996884477989004	9.713798552351813e-12
10.082393505935793	9.667422279119446e-12
10.16863394114016	9.623356808199519e-12
10.255612039743584	9.595603677371196e-12
10.343334111399882	9.569560912193637e-12
10.431806519732897	9.522167036426036e-12
10.52103568279818	9.475753547643859e-12
10.611028073548558	9.424771678852321e-12
10.701790220303675	9.376220259206985e-12
10.793328707223617	9.315564572028692e-12
10.885650174786534	9.258446458307988e-12
10.97876132027033	9.194111274269832e-12
11.072668898238554	9.115944967988627e-12
11.167379721030366	9.039273337876675e-12
11.262900659254715	8.937300094723513e-12
11.359238642288787	8.865818108965851e-12
11.45640065878066	8.78949053664045e-12
11.554393757156276	8.715748691915482e-12
11.653225046130778	8.63359414105665e-12
11.752901695224184	8.548357675838582e-12
11.853430935281473	8.460117733095802e-12
11.95482005899716	8.366010182714791e-12
12.057076421444322	8.27072342341399e-12
12.160207440608124	8.16482326691221e-12
12.264220597923995	8.05722942667478e-12
12.369123438820326	7.935717129756493e-12
12.474923573265821	7.819156314276756e-12
12.581628676321586	7.70216275607939e-12
12.689246488697881	7.583526191815167e-12
12.797784817315637	7.46456115485232e-12
12.90725153587283	7.345225885235948e-12
13.017654585415642	7.21748289782057e-12
13.129001974914518	7.058210956031154e-12
13.241301781845186	6.89285266218776e-12
13.354562152774614	6.729505419120658e-12
13.468791303951962	6.5715085945733686e-12
13.58399752190465	6.403769904225517e-12
13.700189164039474	6.245446958031131e-12
13.817374659248852	6.0836188658599895e-12
13.935562508522327	5.924283936090985e-12
14.05476128556323	5.76787985275115e-12
14.174979637410623	5.616869714448922e-12
14.29622628506662	5.462835903926767e-12
14.418510024129024	5.316379096557443e-12
14.54183972542935	5.164242370412511e-12
14.666224335676397	5.025867204059362e-12
14.791672878105238	4.8930816918667714e-12
14.918194453131784	4.757790398687041e-12
15.045798239012987	4.633636075505785e-12
15.174493492512639	4.51608765537665e-12
15.304289549572866	4.404735680783457e-12
15.435195825991434	4.296065493139653e-12
15.567221818104768	4.199574789518994e-12
15.700377103476825	4.106408568026068e-12
15.834671341593932	4.015537593102319e-12
15.970114274565482	3.929677863478704e-12
16.106715727830636	3.847529674581645e-12
16.24448561087114	3.763323111867105e-12
16.383433917930166	3.681158536217054e-12
16.523570728737287	3.6183097005860898e-12
16.66490620923976	3.5642997887947262e-12
16.807450612339952	3.5122388833262665e-12
16.951214278639103	3.460960845678562e-12
17.096207637187515	3.419111058406822e-12
17.242441206241068	3.374586607874973e-12
17.389925594024234	3.3372432960874772e-12
17.53867149949968	3.3007716857673967e-12
17.688689713144377	3.2651522412123415e-12
17.839991117732335	3.2211028333486484e-12
17.992586689124135	3.1793309543342746e-12
18.146487497063138	3.136922034931196e-12
18.30170470597846	3.0998973816439816e-12
18.45824957579495	3.0522094840258904e-12
18.61613346275	3.0020061614779956e-12
18.775367820217294	2.952903017254985e-12
18.935964199537775	2.8966565778540045e-12
19.097934250857545	2.8407327768745558e-12
19.261289723973	2.7877896170464318e-12
19.42604246918324	2.726969505881428e-12
19.592204438149704	2.6680480859561565e-12
19.75978768476314	2.6428114202931017e-12
19.928804366018102	2.701813304301237e-12
20.099266742894816	2.9513087972823696e-12
20.271187181248607	3.301230115174125e-12
20.444578152707006	3.389991031302679e-12
20.619452235574457	3.2761809449832724e-12
20.795822115744745	3.2517971628355154e-12
20.973700587621344	3.2113536873135533e-12
21.153100555045512	3.0784390599099236e-12
21.3340350322324	2.9978429161428082e-12
21.516517144715092	2.919542400299776e-12
21.700560130296836	2.7541228072476887e-12
21.88617734001134	2.6920112942920304e-12
22.073382239091238	2.6503170965120676e-12
22.26218840794498	2.692639422394654e-12
22.452609543141953	2.75721343220793e-12
22.64465945840605	2.7574807013774452e-12
22.83835208561782	2.5977459185091347e-12
23.033701475825097	2.2655958706342405e-12
23.23072180026226	2.253461691567957e-12
23.429427351378344	2.2542880699627053e-12
23.629832543873807	2.265150793039139e-12
23.831951915746195	2.2827652430584373e-12
24.03580012934483	2.293441012088235e-12
24.241391972434432	2.301995136610789e-12
24.448742359267836	2.3119820959652343e-12
24.657866331667975	2.3234928696877462e-12
24.868779060119046	2.33657296323537e-12
25.08149584486696	2.3513750810488394e-12
25.29603211702936	2.367979300357579e-12
25.51240343971499	2.3865220264110564e-12
25.730625509152677	2.407170165274252e-12
25.950714155830028	2.4300451655847534e-12
26.172685345641796	2.4553392914682454e-12
26.39655518104807	2.4832800329888295e-12
26.622339902242437	2.5140747311950976e-12
26.850055888330107	2.547952998110218e-12
27.07971965851602	2.5852513612952168e-12
27.311347873303287	2.6263017701322126e-12
27.544957335701774	2.6714919453202304e-12
27.780564992446983	2.7212721010588083e-12
28.018187935229502	2.776128706201798e-12
28.257843401934853	2.836651182790193e-12
28.499548777893946	2.9036345150444556e-12
28.74332159714432	2.9778641998923668e-12
28.989179543702107	3.060324322808394e-12
29.237140452844816	3.1522100100675162e-12
29.487222312405255	3.2549717425108033e-12
29.739443264076378	3.3703615542712007e-12
29.993821604727295	3.5005156780441717e-12
30.25037578773066	3.6481334322802824e-12
30.509124424301312	3.816587833808729e-12
30.77008628484632	4.010236860708342e-12
31.03328030032675	4.234669368627943e-12
31.298725563630924	4.497343888886348e-12
31.56644133095943	4.808276586853018e-12
31.83644702322212	5.18137465239524e-12
32.10876222744691	5.6364111387285555e-12
32.38340669820064	6.2023912132827525e-12
32.66040035902221	6.9236934612691895e-12
32.939763303867885	7.872032017992638e-12
33.221515798568866	9.168124689540816e-12
33.50567828230158	1.103444063545461e-11
33.79227136907033	1.391521678102662e-11
34.081315849202646	1.8776136495940267e-11
34.37283269085759	2.7520026149734484e-11
34.666843041546784	3.740691570080119e-11
34.96336822966847	2.984398312730995e-11
35.26242976605484	1.940703094501887e-11
35.56404934553245	1.3569361154836206e-11
35.868248848495966	1.0219465027087634e-11
36.17505034249555	8.105251639227839e-12
36.48447608383764	6.665111842498206e-12
36.796548519199455	5.625881601158678e-12
37.11129028725741	4.843330887704552e-12
37.42872422032942	4.234010563160077e-12
37.748873346031075	3.746711562258787e-12
38.07176088894632	3.3487081618472248e-12
38.397410272312136	3.0178440756233625e-12
38.7258451197177	2.738832382163178e-12
39.057089256818195	2.500484632530245e-12
39.39116671306318	2.2947210217210366e-12
39.728101723439664	2.1154075098927723e-12
40.06791873023033	1.9578803203687546e-12
40.41064238478658	1.8185198556101654e-12
40.756297549316734	1.6944475723648596e-12
41.10490929868978	1.583318940333076e-12
41.45650292225429	1.483311100727871e-12
41.81110392567292	1.392892077101268e-12
42.1687380327728	1.3107908321611019e-12
42.529431187411575	1.2359511882086689e-12
42.89320955535935	1.1674908625877856e-12
43.260099526196974	1.1046902165077098e-12
43.63012771523039	1.0468817147747568e-12
44.00332096542127	9.93538577290131e-13
44.37970634933444	9.441888406992044e-13
44.759311171101764	8.984288576967117e-13
45.14216296840277	8.558917841894544e-13
45.52828951446244	8.162886300679265e-13
45.91771882006595	7.793275719011615e-13
46.31047913559052	7.447831072941936e-13
46.70659895305497	7.12438715092225e-13
47.106107008186534	6.821075122971675e-13
47.50903228250535	6.536151018187012e-13
47.91540400542704	6.268215556614146e-13
48.32525165638299	6.015876082439606e-13
48.73860496695884	5.777895963291493e-13
49.155493923051424	5.553219086572543e-13
49.57594876704398	5.340846687842727e-13
49.99999999999994	5.139863898290206e-13