#Mirror displacement noise requirements in [m/sqrt(Hz). The mirror vibration levels have to be below these values in order to keep the contribution of these noises to DARM below the target sensitivity by the safety factor 10.
#freq, SAS Noise,ETMX,ETMY,ITMX,ITMY,BS,PRM,SRM
0.1,NaN,NaN,NaN,NaN,NaN,NaN,NaN,NaN
0.10139,NaN,NaN,NaN,NaN,NaN,NaN,NaN,NaN
0.1028,NaN,NaN,NaN,NaN,NaN,NaN,NaN,NaN
0.10424,NaN,NaN,NaN,NaN,NaN,NaN,NaN,NaN
0.10569,NaN,NaN,NaN,NaN,NaN,NaN,NaN,NaN
0.10716,NaN,NaN,NaN,NaN,NaN,NaN,NaN,NaN
0.10865,NaN,NaN,NaN,NaN,NaN,NaN,NaN,NaN
0.11016,NaN,NaN,NaN,NaN,NaN,NaN,NaN,NaN
0.1117,NaN,NaN,NaN,NaN,NaN,NaN,NaN,NaN
0.11325,NaN,NaN,NaN,NaN,NaN,NaN,NaN,NaN
0.11483,NaN,NaN,NaN,NaN,NaN,NaN,NaN,NaN
0.11643,NaN,NaN,NaN,NaN,NaN,NaN,NaN,NaN
0.11805,NaN,NaN,NaN,NaN,NaN,NaN,NaN,NaN
0.1197,NaN,NaN,NaN,NaN,NaN,NaN,NaN,NaN
0.12136,NaN,NaN,NaN,NaN,NaN,NaN,NaN,NaN
0.12305,NaN,NaN,NaN,NaN,NaN,NaN,NaN,NaN
0.12477,NaN,NaN,NaN,NaN,NaN,NaN,NaN,NaN
0.1265,NaN,NaN,NaN,NaN,NaN,NaN,NaN,NaN
0.12826,NaN,NaN,NaN,NaN,NaN,NaN,NaN,NaN
0.13005,NaN,NaN,NaN,NaN,NaN,NaN,NaN,NaN
0.13186,NaN,NaN,NaN,NaN,NaN,NaN,NaN,NaN
0.1337,NaN,NaN,NaN,NaN,NaN,NaN,NaN,NaN
0.13556,NaN,NaN,NaN,NaN,NaN,NaN,NaN,NaN
0.13745,NaN,NaN,NaN,NaN,NaN,NaN,NaN,NaN
0.13936,NaN,NaN,NaN,NaN,NaN,NaN,NaN,NaN
0.1413,NaN,NaN,NaN,NaN,NaN,NaN,NaN,NaN
0.14327,NaN,NaN,NaN,NaN,NaN,NaN,NaN,NaN
0.14527,NaN,NaN,NaN,NaN,NaN,NaN,NaN,NaN
0.14729,NaN,NaN,NaN,NaN,NaN,NaN,NaN,NaN
0.14934,NaN,NaN,NaN,NaN,NaN,NaN,NaN,NaN
0.15142,NaN,NaN,NaN,NaN,NaN,NaN,NaN,NaN
0.15353,NaN,NaN,NaN,NaN,NaN,NaN,NaN,NaN
0.15567,NaN,NaN,NaN,NaN,NaN,NaN,NaN,NaN
0.15783,NaN,NaN,NaN,NaN,NaN,NaN,NaN,NaN
0.16003,NaN,NaN,NaN,NaN,NaN,NaN,NaN,NaN
0.16226,NaN,NaN,NaN,NaN,NaN,NaN,NaN,NaN
0.16452,NaN,NaN,NaN,NaN,NaN,NaN,NaN,NaN
0.16681,NaN,NaN,NaN,NaN,NaN,NaN,NaN,NaN
0.16913,NaN,NaN,NaN,NaN,NaN,NaN,NaN,NaN
0.17149,NaN,NaN,NaN,NaN,NaN,NaN,NaN,NaN
0.17388,NaN,NaN,NaN,NaN,NaN,NaN,NaN,NaN
0.1763,NaN,NaN,NaN,NaN,NaN,NaN,NaN,NaN
0.17875,NaN,NaN,NaN,NaN,NaN,NaN,NaN,NaN
0.18124,NaN,NaN,NaN,NaN,NaN,NaN,NaN,NaN
0.18377,NaN,NaN,NaN,NaN,NaN,NaN,NaN,NaN
0.18632,NaN,NaN,NaN,NaN,NaN,NaN,NaN,NaN
0.18892,NaN,NaN,NaN,NaN,NaN,NaN,NaN,NaN
0.19155,NaN,NaN,NaN,NaN,NaN,NaN,NaN,NaN
0.19422,NaN,NaN,NaN,NaN,NaN,NaN,NaN,NaN
0.19692,NaN,NaN,NaN,NaN,NaN,NaN,NaN,NaN
0.19966,NaN,NaN,NaN,NaN,NaN,NaN,NaN,NaN
0.20244,NaN,NaN,NaN,NaN,NaN,NaN,NaN,NaN
0.20526,NaN,NaN,NaN,NaN,NaN,NaN,NaN,NaN
0.20812,NaN,NaN,NaN,NaN,NaN,NaN,NaN,NaN
0.21102,NaN,NaN,NaN,NaN,NaN,NaN,NaN,NaN
0.21396,NaN,NaN,NaN,NaN,NaN,NaN,NaN,NaN
0.21694,NaN,NaN,NaN,NaN,NaN,NaN,NaN,NaN
0.21996,NaN,NaN,NaN,NaN,NaN,NaN,NaN,NaN
0.22302,NaN,NaN,NaN,NaN,NaN,NaN,NaN,NaN
0.22613,NaN,NaN,NaN,NaN,NaN,NaN,NaN,NaN
0.22928,NaN,NaN,NaN,NaN,NaN,NaN,NaN,NaN
0.23247,NaN,NaN,NaN,NaN,NaN,NaN,NaN,NaN
0.23571,NaN,NaN,NaN,NaN,NaN,NaN,NaN,NaN
0.23899,NaN,NaN,NaN,NaN,NaN,NaN,NaN,NaN
0.24232,NaN,NaN,NaN,NaN,NaN,NaN,NaN,NaN
0.24569,NaN,NaN,NaN,NaN,NaN,NaN,NaN,NaN
0.24911,NaN,NaN,NaN,NaN,NaN,NaN,NaN,NaN
0.25258,NaN,NaN,NaN,NaN,NaN,NaN,NaN,NaN
0.2561,NaN,NaN,NaN,NaN,NaN,NaN,NaN,NaN
0.25967,NaN,NaN,NaN,NaN,NaN,NaN,NaN,NaN
0.26328,NaN,NaN,NaN,NaN,NaN,NaN,NaN,NaN
0.26695,NaN,NaN,NaN,NaN,NaN,NaN,NaN,NaN
0.27067,NaN,NaN,NaN,NaN,NaN,NaN,NaN,NaN
0.27443,NaN,NaN,NaN,NaN,NaN,NaN,NaN,NaN
0.27826,NaN,NaN,NaN,NaN,NaN,NaN,NaN,NaN
0.28213,NaN,NaN,NaN,NaN,NaN,NaN,NaN,NaN
0.28606,NaN,NaN,NaN,NaN,NaN,NaN,NaN,NaN
0.29004,NaN,NaN,NaN,NaN,NaN,NaN,NaN,NaN
0.29408,NaN,NaN,NaN,NaN,NaN,NaN,NaN,NaN
0.29818,NaN,NaN,NaN,NaN,NaN,NaN,NaN,NaN
0.30233,NaN,NaN,NaN,NaN,NaN,NaN,NaN,NaN
0.30654,NaN,NaN,NaN,NaN,NaN,NaN,NaN,NaN
0.31081,NaN,NaN,NaN,NaN,NaN,NaN,NaN,NaN
0.31514,NaN,NaN,NaN,NaN,NaN,NaN,NaN,NaN
0.31952,NaN,NaN,NaN,NaN,NaN,NaN,NaN,NaN
0.32397,NaN,NaN,NaN,NaN,NaN,NaN,NaN,NaN
0.32849,NaN,NaN,NaN,NaN,NaN,NaN,NaN,NaN
0.33306,NaN,NaN,NaN,NaN,NaN,NaN,NaN,NaN
0.3377,NaN,NaN,NaN,NaN,NaN,NaN,NaN,NaN
0.3424,NaN,NaN,NaN,NaN,NaN,NaN,NaN,NaN
0.34717,NaN,NaN,NaN,NaN,NaN,NaN,NaN,NaN
0.352,NaN,NaN,NaN,NaN,NaN,NaN,NaN,NaN
0.3569,NaN,NaN,NaN,NaN,NaN,NaN,NaN,NaN
0.36187,NaN,NaN,NaN,NaN,NaN,NaN,NaN,NaN
0.36691,NaN,NaN,NaN,NaN,NaN,NaN,NaN,NaN
0.37202,NaN,NaN,NaN,NaN,NaN,NaN,NaN,NaN
0.3772,NaN,NaN,NaN,NaN,NaN,NaN,NaN,NaN
0.38246,NaN,NaN,NaN,NaN,NaN,NaN,NaN,NaN
0.38778,NaN,NaN,NaN,NaN,NaN,NaN,NaN,NaN
0.39318,NaN,NaN,NaN,NaN,NaN,NaN,NaN,NaN
0.39866,NaN,NaN,NaN,NaN,NaN,NaN,NaN,NaN
0.40421,NaN,NaN,NaN,NaN,NaN,NaN,NaN,NaN
0.40984,NaN,NaN,NaN,NaN,NaN,NaN,NaN,NaN
0.41555,NaN,NaN,NaN,NaN,NaN,NaN,NaN,NaN
0.42133,NaN,NaN,NaN,NaN,NaN,NaN,NaN,NaN
0.4272,NaN,NaN,NaN,NaN,NaN,NaN,NaN,NaN
0.43315,NaN,NaN,NaN,NaN,NaN,NaN,NaN,NaN
0.43918,NaN,NaN,NaN,NaN,NaN,NaN,NaN,NaN
0.4453,NaN,NaN,NaN,NaN,NaN,NaN,NaN,NaN
0.4515,NaN,NaN,NaN,NaN,NaN,NaN,NaN,NaN
0.45778,NaN,NaN,NaN,NaN,NaN,NaN,NaN,NaN
0.46416,NaN,NaN,NaN,NaN,NaN,NaN,NaN,NaN
0.47062,NaN,NaN,NaN,NaN,NaN,NaN,NaN,NaN
0.47718,NaN,NaN,NaN,NaN,NaN,NaN,NaN,NaN
0.48382,NaN,NaN,NaN,NaN,NaN,NaN,NaN,NaN
0.49056,NaN,NaN,NaN,NaN,NaN,NaN,NaN,NaN
0.49739,NaN,NaN,NaN,NaN,NaN,NaN,NaN,NaN
0.50432,NaN,NaN,NaN,NaN,NaN,NaN,NaN,NaN
0.51134,NaN,NaN,NaN,NaN,NaN,NaN,NaN,NaN
0.51846,NaN,NaN,NaN,NaN,NaN,NaN,NaN,NaN
0.52568,NaN,NaN,NaN,NaN,NaN,NaN,NaN,NaN
0.533,NaN,NaN,NaN,NaN,NaN,NaN,NaN,NaN
0.54042,NaN,NaN,NaN,NaN,NaN,NaN,NaN,NaN
0.54795,NaN,NaN,NaN,NaN,NaN,NaN,NaN,NaN
0.55558,NaN,NaN,NaN,NaN,NaN,NaN,NaN,NaN
0.56331,NaN,NaN,NaN,NaN,NaN,NaN,NaN,NaN
0.57116,NaN,NaN,NaN,NaN,NaN,NaN,NaN,NaN
0.57911,NaN,NaN,NaN,NaN,NaN,NaN,NaN,NaN
0.58718,NaN,NaN,NaN,NaN,NaN,NaN,NaN,NaN
0.59535,NaN,NaN,NaN,NaN,NaN,NaN,NaN,NaN
0.60364,NaN,NaN,NaN,NaN,NaN,NaN,NaN,NaN
0.61205,NaN,NaN,NaN,NaN,NaN,NaN,NaN,NaN
0.62057,NaN,NaN,NaN,NaN,NaN,NaN,NaN,NaN
0.62921,NaN,NaN,NaN,NaN,NaN,NaN,NaN,NaN
0.63798,NaN,NaN,NaN,NaN,NaN,NaN,NaN,NaN
0.64686,NaN,NaN,NaN,NaN,NaN,NaN,NaN,NaN
0.65587,NaN,NaN,NaN,NaN,NaN,NaN,NaN,NaN
0.665,NaN,NaN,NaN,NaN,NaN,NaN,NaN,NaN
0.67426,NaN,NaN,NaN,NaN,NaN,NaN,NaN,NaN
0.68365,NaN,NaN,NaN,NaN,NaN,NaN,NaN,NaN
0.69317,NaN,NaN,NaN,NaN,NaN,NaN,NaN,NaN
0.70282,NaN,NaN,NaN,NaN,NaN,NaN,NaN,NaN
0.71261,NaN,NaN,NaN,NaN,NaN,NaN,NaN,NaN
0.72253,NaN,NaN,NaN,NaN,NaN,NaN,NaN,NaN
0.7326,NaN,NaN,NaN,NaN,NaN,NaN,NaN,NaN
0.7428,NaN,NaN,NaN,NaN,NaN,NaN,NaN,NaN
0.75314,NaN,NaN,NaN,NaN,NaN,NaN,NaN,NaN
0.76363,NaN,NaN,NaN,NaN,NaN,NaN,NaN,NaN
0.77426,NaN,NaN,NaN,NaN,NaN,NaN,NaN,NaN
0.78505,NaN,NaN,NaN,NaN,NaN,NaN,NaN,NaN
0.79598,NaN,NaN,NaN,NaN,NaN,NaN,NaN,NaN
0.80706,NaN,NaN,NaN,NaN,NaN,NaN,NaN,NaN
0.8183,NaN,NaN,NaN,NaN,NaN,NaN,NaN,NaN
0.8297,NaN,NaN,NaN,NaN,NaN,NaN,NaN,NaN
0.84125,NaN,NaN,NaN,NaN,NaN,NaN,NaN,NaN
0.85296,NaN,NaN,NaN,NaN,NaN,NaN,NaN,NaN
0.86484,NaN,NaN,NaN,NaN,NaN,NaN,NaN,NaN
0.87689,NaN,NaN,NaN,NaN,NaN,NaN,NaN,NaN
0.8891,NaN,NaN,NaN,NaN,NaN,NaN,NaN,NaN
0.90148,NaN,NaN,NaN,NaN,NaN,NaN,NaN,NaN
0.91403,NaN,NaN,NaN,NaN,NaN,NaN,NaN,NaN
0.92676,NaN,NaN,NaN,NaN,NaN,NaN,NaN,NaN
0.93966,NaN,NaN,NaN,NaN,NaN,NaN,NaN,NaN
0.95275,NaN,NaN,NaN,NaN,NaN,NaN,NaN,NaN
0.96602,NaN,NaN,NaN,NaN,NaN,NaN,NaN,NaN
0.97947,NaN,NaN,NaN,NaN,NaN,NaN,NaN,NaN
0.99311,NaN,NaN,NaN,NaN,NaN,NaN,NaN,NaN
1.0069,1.465e-14,4.5035e-12,4.2917e-12,3.8636e-11,2.0862e-12,2.3979e-12,2.1277e-11,1.8477e-12
1.021,2.4751e-14,7.5974e-12,7.2608e-12,1.5731e-10,3.6382e-12,4.3555e-12,4.0942e-11,3.3391e-12
1.0352,2.3954e-14,7.3428e-12,7.0359e-12,4.7003e-10,3.6274e-12,4.5185e-12,4.4958e-11,3.4477e-12
1.0496,2.4449e-13,7.4855e-11,7.1898e-11,1.0542e-09,3.8075e-11,4.9305e-11,5.1891e-10,3.7457e-11
1.0642,3.3463e-14,1.0234e-11,9.8511e-12,8.3533e-11,5.3506e-12,7.1971e-12,8.0068e-11,5.4457e-12
1.079,1.9008e-14,5.8072e-12,5.6012e-12,3.4196e-11,3.116e-12,4.3505e-12,5.1132e-11,3.2795e-12
1.0941,1.4067e-14,4.2936e-12,4.1491e-12,2.0122e-11,2.3611e-12,3.4194e-12,4.2436e-11,2.5686e-12
1.1093,1.2205e-14,3.7221e-12,3.603e-12,1.4677e-11,2.0949e-12,3.1452e-12,4.1197e-11,2.355e-12
1.1247,1.272e-14,3.876e-12,3.758e-12,1.3327e-11,2.23e-12,3.469e-12,4.7941e-11,2.5895e-12
1.1404,1.7222e-14,5.2439e-12,5.0917e-12,1.6115e-11,3.0806e-12,4.9629e-12,7.2341e-11,3.6942e-12
1.1563,1.1823e-14,3.5974e-12,3.4978e-12,1.006e-11,2.1557e-12,3.595e-12,5.5254e-11,2.6689e-12
1.1724,4.3538e-15,1.3239e-12,1.2889e-12,3.4157e-12,8.0843e-13,1.395e-12,2.2604e-11,1.0331e-12
1.1887,2.3426e-15,7.1188e-13,6.9392e-13,1.7128e-12,4.426e-13,7.9e-13,1.3492e-11,5.8365e-13
1.2053,7.87e-15,2.3902e-12,2.3325e-12,5.4093e-12,1.5117e-12,2.7901e-12,5.0223e-11,2.0567e-12
1.222,2.6529e-15,8.0528e-13,7.8669e-13,1.7263e-12,5.1772e-13,9.8768e-13,1.8737e-11,7.2657e-13
1.2391,3.3458e-14,1.0151e-11,9.9265e-12,2.0732e-11,6.6288e-12,1.3068e-11,2.6127e-10,9.5944e-12
1.2563,1.6928e-15,5.1335e-13,5.0247e-13,1.0038e-12,3.4027e-13,6.93e-13,1.4603e-11,5.0786e-13
1.2738,6.3768e-16,1.9329e-13,1.8936e-13,3.6339e-13,1.2996e-13,2.7337e-13,6.0719e-12,1.9999e-13
1.2915,3.824e-16,1.1586e-13,1.136e-13,2.1017e-13,7.8973e-14,1.7153e-13,4.0165e-12,1.2528e-13
1.3095,2.6628e-16,8.0646e-14,7.9137e-14,1.416e-13,5.5695e-14,1.2488e-13,3.0835e-12,9.1067e-14
1.3278,2.0108e-16,6.0875e-14,5.9781e-14,1.0373e-13,4.2572e-14,9.8525e-14,2.5659e-12,7.174e-14
1.3463,1.5874e-16,4.804e-14,4.7211e-14,7.9636e-14,3.4003e-14,8.1208e-14,2.2313e-12,5.9048e-14
1.365,1.2964e-16,3.922e-14,3.8569e-14,6.3382e-14,2.8083e-14,6.9199e-14,2.0069e-12,5.025e-14
1.384,1.0789e-16,3.2629e-14,3.2108e-14,5.1503e-14,2.3624e-14,6.0049e-14,1.839e-12,4.3551e-14
1.4033,9.1543e-17,2.7677e-14,2.7252e-14,4.2741e-14,2.0253e-14,5.3099e-14,1.718e-12,3.8465e-14
1.4228,7.9027e-17,2.3886e-14,2.3533e-14,3.6142e-14,1.7659e-14,4.7744e-14,1.633e-12,3.4547e-14
1.4426,6.9836e-17,2.1102e-14,2.0802e-14,3.1329e-14,1.5755e-14,4.3922e-14,1.5891e-12,3.1748e-14
1.4627,6.4009e-17,1.9336e-14,1.9071e-14,2.8201e-14,1.4574e-14,4.1888e-14,1.6043e-12,3.0247e-14
1.4831,6.5001e-17,1.9631e-14,1.9371e-14,2.8158e-14,1.4932e-14,4.424e-14,1.7951e-12,3.1914e-14
1.5038,1.4345e-16,4.3313e-14,4.2761e-14,6.1162e-14,3.3235e-14,1.0149e-13,4.367e-12,7.3151e-14
1.5247,8.5004e-17,2.566e-14,2.5344e-14,3.5705e-14,1.9856e-14,6.2493e-14,2.8543e-12,4.5003e-14
1.5459,4.8386e-17,1.4603e-14,1.443e-14,2.004e-14,1.1392e-14,3.6948e-14,1.7934e-12,2.6586e-14
1.5675,4.0766e-17,1.2301e-14,1.216e-14,1.6661e-14,9.6719e-15,3.2321e-14,1.6692e-12,2.3238e-14
1.5893,3.7273e-17,1.1244e-14,1.112e-14,1.5044e-14,8.9085e-15,3.0671e-14,1.6877e-12,2.2036e-14
1.6114,3.5213e-17,1.0621e-14,1.0508e-14,1.4044e-14,8.4762e-15,3.0064e-14,1.7653e-12,2.1585e-14
1.6339,3.4064e-17,1.0272e-14,1.0167e-14,1.3434e-14,8.2561e-15,3.0164e-14,1.8933e-12,2.1643e-14
1.6566,3.3739e-17,1.0172e-14,1.0071e-14,1.3165e-14,8.2314e-15,3.0976e-14,2.0823e-12,2.2212e-14
1.6797,3.4362e-17,1.0358e-14,1.0259e-14,1.3273e-14,8.4371e-15,3.27e-14,2.3592e-12,2.3434e-14
1.7031,3.6316e-17,1.0946e-14,1.0844e-14,1.3894e-14,8.9721e-15,3.5811e-14,2.7796e-12,2.565e-14
1.7268,4.0756e-17,1.2282e-14,1.2172e-14,1.5451e-14,1.0129e-14,4.1634e-14,3.4858e-12,2.9805e-14
1.7508,5.0277e-17,1.5149e-14,1.5017e-14,1.8895e-14,1.2568e-14,5.3188e-14,4.8181e-12,3.8058e-14
1.7752,7.5628e-17,2.2785e-14,2.2593e-14,2.8188e-14,1.901e-14,8.2838e-14,8.1468e-12,5.9246e-14
1.7999,4.3446e-16,1.3087e-13,1.2981e-13,1.6065e-13,1.0979e-13,4.9257e-13,5.2799e-11,3.5214e-13
1.825,1.45e-16,4.3674e-14,4.333e-14,5.3216e-14,3.6836e-14,1.7013e-13,1.9966e-11,1.2158e-13
1.8504,4.4998e-17,1.3551e-14,1.3448e-14,1.6396e-14,1.1489e-14,5.4622e-14,7.0551e-12,3.9019e-14
1.8762,2.4047e-17,7.241e-15,7.1877e-15,8.7019e-15,6.1696e-15,3.0194e-14,4.3186e-12,2.1562e-14
1.9023,1.5261e-17,4.5948e-15,4.5621e-15,5.4863e-15,3.9339e-15,1.9816e-14,3.1616e-12,1.4146e-14
1.9288,1.0524e-17,3.1682e-15,3.1464e-15,3.7596e-15,2.7252e-15,1.4129e-14,2.5367e-12,1.0084e-14
1.9557,7.6305e-18,2.2968e-15,2.2815e-15,2.7095e-15,1.9846e-15,1.059e-14,2.1625e-12,7.5555e-15
1.9829,5.7221e-18,1.7222e-15,1.7111e-15,2.0201e-15,1.4946e-15,8.2075e-15,1.9322e-12,5.8543e-15
2.0105,4.397e-18,1.3232e-15,1.315e-15,1.5437e-15,1.1532e-15,6.517e-15,1.7997e-12,4.6475e-15
2.0385,3.4422e-18,1.0358e-15,1.0295e-15,1.2021e-15,9.0641e-16,5.271e-15,1.7472e-12,3.7582e-15
2.0669,2.7532e-18,8.2841e-16,8.2354e-16,9.5663e-16,7.278e-16,4.355e-15,1.7895e-12,3.1045e-15
2.0957,2.2307e-18,6.7114e-16,6.6732e-16,7.7131e-16,5.919e-16,3.6443e-15,1.9478e-12,2.5975e-15
2.1248,1.8267e-18,5.4952e-16,5.4649e-16,6.2864e-16,4.8645e-16,3.0816e-15,2.3193e-12,2.1961e-15
2.1544,1.5097e-18,4.5412e-16,4.5169e-16,5.172e-16,4.0344e-16,2.6295e-15,3.2573e-12,1.8737e-15
2.1844,1.258e-18,3.784e-16,3.7644e-16,4.2913e-16,3.3734e-16,2.262e-15,7.1296e-12,1.6117e-15
2.2149,1.0563e-18,3.1769e-16,3.1609e-16,3.5881e-16,2.8418e-16,1.9604e-15,8.1544e-12,1.3966e-15
2.2457,8.9596e-19,2.6946e-16,2.6814e-16,3.0314e-16,2.4182e-16,1.7161e-15,2.495e-12,1.2225e-15
2.277,7.6707e-19,2.3067e-16,2.2959e-16,2.5853e-16,2.0768e-16,1.5161e-15,1.3293e-12,1.08e-15
2.3087,6.6079e-19,1.987e-16,1.9779e-16,2.2189e-16,1.7944e-16,1.3475e-15,8.5251e-13,9.5988e-16
2.3408,5.7261e-19,1.7218e-16,1.7141e-16,1.9159e-16,1.5595e-16,1.2046e-15,6.0025e-13,8.5809e-16
2.3734,4.9902e-19,1.5004e-16,1.494e-16,1.664e-16,1.363e-16,1.0828e-15,4.4763e-13,7.7139e-16
2.4065,4.3728e-19,1.3147e-16,1.3092e-16,1.4533e-16,1.1976e-16,9.7864e-16,3.4732e-13,6.9718e-16
2.44,3.8543e-19,1.1588e-16,1.1541e-16,1.2769e-16,1.0584e-16,8.8956e-16,2.7771e-13,6.3375e-16
2.474,3.4257e-19,1.0299e-16,1.0258e-16,1.1314e-16,9.432e-17,8.1526e-16,2.28e-13,5.8086e-16
2.5084,3.0586e-19,9.1948e-17,9.1598e-17,1.0072e-16,8.4424e-17,7.5048e-16,1.9067e-13,5.3475e-16
2.5433,2.7425e-19,8.2445e-17,8.214e-17,9.0057e-17,7.5886e-17,6.9374e-16,1.6193e-13,4.9438e-16
2.5788,2.4692e-19,7.4225e-17,7.3959e-17,8.0859e-17,6.8485e-17,6.4384e-16,1.3933e-13,4.5888e-16
2.6147,2.2316e-19,6.7082e-17,6.6849e-17,7.2886e-17,6.2039e-17,5.9976e-16,1.2126e-13,4.2753e-16
2.6511,2.0242e-19,6.0846e-17,6.0641e-17,6.5944e-17,5.6399e-17,5.6067e-16,1.0658e-13,3.9973e-16
2.688,1.8451e-19,5.5463e-17,5.5281e-17,5.9962e-17,5.1521e-17,5.2666e-16,9.4641e-14,3.7555e-16
2.7254,1.6876e-19,5.0727e-17,5.0566e-17,5.4713e-17,4.7223e-17,4.9636e-16,8.472e-14,3.5401e-16
2.7634,1.5476e-19,4.6519e-17,4.6375e-17,5.006e-17,4.3395e-17,4.6898e-16,7.6346e-14,3.3457e-16
2.8019,1.4227e-19,4.2765e-17,4.2637e-17,4.5919e-17,3.9973e-17,4.4418e-16,6.9214e-14,3.1694e-16
2.8409,1.3109e-19,3.9406e-17,3.9292e-17,4.2223e-17,3.6905e-17,4.2163e-16,6.3093e-14,3.0094e-16
2.8804,1.211e-19,3.6402e-17,3.6299e-17,3.8923e-17,3.4156e-17,4.0119e-16,5.7816e-14,2.8643e-16
2.9206,1.1234e-19,3.3771e-17,3.3679e-17,3.6039e-17,3.1746e-17,3.8336e-16,5.3342e-14,2.7378e-16
2.9612,1.09e-19,3.2765e-17,3.2678e-17,3.4897e-17,3.0855e-17,3.8305e-16,5.1582e-14,2.7364e-16
3.0025,9.9876e-20,3.0023e-17,2.9946e-17,3.1918e-17,2.8322e-17,3.6146e-16,4.7205e-14,2.583e-16
3.0443,8.9989e-20,2.7053e-17,2.6985e-17,2.8709e-17,2.5563e-17,3.3539e-16,4.2559e-14,2.3976e-16
3.0867,8.3514e-20,2.5108e-17,2.5047e-17,2.6598e-17,2.3763e-17,3.2049e-16,3.9587e-14,2.292e-16
3.1296,7.7748e-20,2.3375e-17,2.332e-17,2.4721e-17,2.2158e-17,3.072e-16,3.6994e-14,2.1978e-16
3.1732,7.2486e-20,2.1794e-17,2.1744e-17,2.3011e-17,2.0691e-17,2.9487e-16,3.4671e-14,2.1104e-16
3.2174,6.7679e-20,2.035e-17,2.0305e-17,2.1452e-17,1.9349e-17,2.8343e-16,3.2583e-14,2.0294e-16
3.2622,6.3244e-20,1.9018e-17,1.8977e-17,2.0017e-17,1.8109e-17,2.7264e-16,3.0684e-14,1.9531e-16
3.3076,5.9144e-20,1.7786e-17,1.7748e-17,1.8693e-17,1.6959e-17,2.6245e-16,2.895e-14,1.8809e-16
3.3537,5.5346e-20,1.6645e-17,1.6611e-17,1.7469e-17,1.5893e-17,2.5278e-16,2.736e-14,1.8126e-16
3.4004,5.1823e-20,1.5587e-17,1.5556e-17,1.6336e-17,1.4902e-17,2.4361e-16,2.5898e-14,1.7477e-16
3.4478,4.8552e-20,1.4604e-17,1.4576e-17,1.5285e-17,1.3981e-17,2.3488e-16,2.455e-14,1.686e-16
3.4958,4.5515e-20,1.3692e-17,1.3666e-17,1.4312e-17,1.3124e-17,2.266e-16,2.3307e-14,1.6274e-16
3.5445,4.269e-20,1.2844e-17,1.282e-17,1.3408e-17,1.2326e-17,2.187e-16,2.2156e-14,1.5717e-16
3.5938,4.0058e-20,1.2053e-17,1.2032e-17,1.2567e-17,1.1581e-17,2.1116e-16,2.1086e-14,1.5184e-16
3.6439,3.7602e-20,1.1315e-17,1.1296e-17,1.1784e-17,1.0885e-17,2.0395e-16,2.009e-14,1.4674e-16
3.6946,3.5309e-20,1.0627e-17,1.0609e-17,1.1055e-17,1.0234e-17,1.9704e-16,1.9162e-14,1.4187e-16
3.7461,3.3168e-20,9.9839e-18,9.9677e-18,1.0374e-17,9.6248e-18,1.9043e-16,1.8294e-14,1.372e-16
3.7982,3.1167e-20,9.3829e-18,9.3681e-18,9.739e-18,9.0549e-18,1.8408e-16,1.7482e-14,1.3272e-16
3.8511,2.9297e-20,8.8214e-18,8.8078e-18,9.1466e-18,8.5217e-18,1.78e-16,1.6722e-14,1.2843e-16
3.9047,2.7546e-20,8.2958e-18,8.2834e-18,8.5929e-18,8.0219e-18,1.7216e-16,1.6009e-14,1.2431e-16
3.9591,2.5907e-20,7.8035e-18,7.7922e-18,8.0751e-18,7.5532e-18,1.6655e-16,1.5338e-14,1.2035e-16
4.0142,2.4371e-20,7.3424e-18,7.3321e-18,7.5906e-18,7.1135e-18,1.6115e-16,1.4708e-14,1.1654e-16
4.0701,2.2932e-20,6.9102e-18,6.9008e-18,7.1372e-18,6.7009e-18,1.5596e-16,1.4114e-14,1.1288e-16
4.1268,2.1582e-20,6.505e-18,6.4963e-18,6.7126e-18,6.3135e-18,1.5096e-16,1.3554e-14,1.0936e-16
4.1843,2.0317e-20,6.125e-18,6.1171e-18,6.3151e-18,5.9498e-18,1.4614e-16,1.3027e-14,1.0596e-16
4.2426,1.9129e-20,5.7685e-18,5.7613e-18,5.9425e-18,5.6082e-18,1.415e-16,1.2529e-14,1.027e-16
4.3016,1.8015e-20,5.4339e-18,5.4272e-18,5.5931e-18,5.2871e-18,1.3703e-16,1.206e-14,9.9545e-17
4.3615,1.6968e-20,5.1196e-18,5.1136e-18,5.2655e-18,4.9853e-18,1.3272e-16,1.1617e-14,9.6508e-17
4.4223,1.5985e-20,4.8245e-18,4.8189e-18,4.9581e-18,4.7015e-18,1.2856e-16,1.1199e-14,9.3579e-17
4.4839,1.5061e-20,4.5472e-18,4.5421e-18,4.6696e-18,4.4346e-18,1.2455e-16,1.0805e-14,9.0753e-17
4.5463,1.4193e-20,4.2866e-18,4.2819e-18,4.3988e-18,4.1835e-18,1.2068e-16,1.0434e-14,8.8027e-17
4.6096,1.3377e-20,4.0417e-18,4.0374e-18,4.1446e-18,3.9472e-18,1.1694e-16,1.0086e-14,8.5395e-17
4.6738,1.261e-20,3.8114e-18,3.8075e-18,3.9058e-18,3.7249e-18,1.1332e-16,9.7602e-15,8.2854e-17
4.7389,1.1888e-20,3.5949e-18,3.5913e-18,3.6814e-18,3.5156e-18,1.0983e-16,9.4562e-15,8.04e-17
4.8049,1.121e-20,3.3911e-18,3.3878e-18,3.4705e-18,3.3185e-18,1.0646e-16,9.1747e-15,7.8029e-17
4.8718,1.0571e-20,3.1995e-18,3.1965e-18,3.2723e-18,3.1329e-18,1.032e-16,8.9167e-15,7.5738e-17
4.9396,9.9702e-21,3.0191e-18,3.0164e-18,3.086e-18,2.9581e-18,1.0005e-16,8.684e-15,7.3525e-17
5.0084,9.4046e-21,2.8494e-18,2.8468e-18,2.9107e-18,2.7934e-18,9.7002e-17,8.479e-15,7.1386e-17
5.0782,8.8722e-21,2.6896e-18,2.6872e-18,2.7459e-18,2.6383e-18,9.4052e-17,8.3064e-15,6.9319e-17
5.1489,8.3709e-21,2.5391e-18,2.537e-18,2.5909e-18,2.4921e-18,9.1197e-17,8.1725e-15,6.7321e-17
5.2206,7.8988e-21,2.3974e-18,2.3955e-18,2.445e-18,2.3544e-18,8.8432e-17,8.0874e-15,6.5389e-17
5.2933,7.4542e-21,2.264e-18,2.2622e-18,2.3077e-18,2.2245e-18,8.5753e-17,8.0671e-15,6.3522e-17
5.367,7.0353e-21,2.1383e-18,2.1367e-18,2.1784e-18,2.1021e-18,8.3157e-17,8.1368e-15,6.1718e-17
5.4417,6.6407e-21,2.0199e-18,2.0184e-18,2.0567e-18,1.9867e-18,8.064e-17,8.3385e-15,5.9976e-17
5.5175,6.2689e-21,1.9083e-18,1.9069e-18,1.9422e-18,1.8779e-18,7.8198e-17,8.7445e-15,5.8295e-17
5.5943,5.9185e-21,1.8032e-18,1.8019e-18,1.8343e-18,1.7753e-18,7.5832e-17,9.4846e-15,5.6673e-17
5.6722,5.5882e-21,1.7041e-18,1.7029e-18,1.7327e-18,1.6786e-18,7.3541e-17,1.0803e-14,5.511e-17
5.7512,5.2769e-21,1.6107e-18,1.6096e-18,1.637e-18,1.5873e-18,7.133e-17,1.3153e-14,5.3603e-17
5.8313,4.9834e-21,1.5226e-18,1.5216e-18,1.5468e-18,1.5012e-18,6.9204e-17,1.7104e-14,5.2149e-17
5.9125,4.7066e-21,1.4396e-18,1.4386e-18,1.4618e-18,1.4199e-18,6.7168e-17,2.088e-14,5.0741e-17
5.9948,4.4457e-21,1.3612e-18,1.3604e-18,1.3817e-18,1.3432e-18,6.5219e-17,1.8386e-14,4.9374e-17
6.0783,4.1996e-21,1.2873e-18,1.2866e-18,1.3062e-18,1.2708e-18,6.3347e-17,1.3584e-14,4.8043e-17
6.163,3.9675e-21,1.2176e-18,1.2169e-18,1.235e-18,1.2024e-18,6.1543e-17,1.0402e-14,4.6747e-17
6.2488,3.7485e-21,1.1519e-18,1.1512e-18,1.1679e-18,1.1379e-18,5.9796e-17,8.4922e-15,4.5487e-17
6.3358,3.5419e-21,1.0898e-18,1.0892e-18,1.1046e-18,1.077e-18,5.8102e-17,7.2847e-15,4.4264e-17
6.424,3.347e-21,1.0313e-18,1.0307e-18,1.0449e-18,1.0195e-18,5.6457e-17,6.4679e-15,4.3078e-17
6.5135,3.1632e-21,9.7605e-19,9.7554e-19,9.8862e-19,9.6523e-19,5.4858e-17,5.8807e-15,4.1929e-17
6.6042,2.9896e-21,9.2393e-19,9.2346e-19,9.3553e-19,9.1399e-19,5.3307e-17,5.4362e-15,4.0817e-17
6.6962,2.8259e-21,8.7474e-19,8.7431e-19,8.8545e-19,8.6561e-19,5.1801e-17,5.0849e-15,3.9741e-17
6.7894,2.6713e-21,8.2831e-19,8.2792e-19,8.3819e-19,8.1992e-19,5.034e-17,4.7973e-15,3.8699e-17
6.884,2.5254e-21,7.8449e-19,7.8412e-19,7.936e-19,7.7677e-19,4.8923e-17,4.5547e-15,3.7691e-17
6.9798,2.3877e-21,7.4311e-19,7.4277e-19,7.5153e-19,7.3602e-19,4.755e-17,4.3454e-15,3.6716e-17
7.077,2.2577e-21,7.0405e-19,7.0374e-19,7.1182e-19,6.9753e-19,4.6219e-17,4.1611e-15,3.5773e-17
7.1756,2.135e-21,6.6716e-19,6.6687e-19,6.7434e-19,6.6117e-19,4.4929e-17,3.9964e-15,3.486e-17
7.2755,2.0191e-21,6.3232e-19,6.3206e-19,6.3896e-19,6.2682e-19,4.3679e-17,3.8474e-15,3.3977e-17
7.3768,1.9096e-21,5.9943e-19,5.9918e-19,6.0556e-19,5.9437e-19,4.2468e-17,3.711e-15,3.3123e-17
7.4795,1.8063e-21,5.6835e-19,5.6813e-19,5.7402e-19,5.637e-19,4.1296e-17,3.5853e-15,3.2296e-17
7.5837,1.7087e-21,5.39e-19,5.3879e-19,5.4424e-19,5.3472e-19,4.016e-17,3.4685e-15,3.1497e-17
7.6893,1.6165e-21,5.1127e-19,5.1108e-19,5.1612e-19,5.0734e-19,3.906e-17,3.3595e-15,3.0723e-17
7.7964,1.5294e-21,4.8507e-19,4.8489e-19,4.8955e-19,4.8145e-19,3.7995e-17,3.2572e-15,2.9975e-17
7.9049,1.4472e-21,4.6031e-19,4.6015e-19,4.6446e-19,4.5699e-19,3.6964e-17,3.1609e-15,2.9252e-17
8.015,1.3695e-21,4.3692e-19,4.3677e-19,4.4076e-19,4.3386e-19,3.5966e-17,3.07e-15,2.8552e-17
8.1266,1.2961e-21,4.1481e-19,4.1467e-19,4.1837e-19,4.12e-19,3.4999e-17,2.9838e-15,2.7875e-17
8.2398,1.2267e-21,3.9391e-19,3.9378e-19,3.9721e-19,3.9133e-19,3.4063e-17,2.902e-15,2.7221e-17
8.3545,1.1612e-21,3.7416e-19,3.7404e-19,3.7721e-19,3.7178e-19,3.3158e-17,2.8242e-15,2.6588e-17
8.4709,1.0992e-21,3.5548e-19,3.5537e-19,3.5832e-19,3.5329e-19,3.2281e-17,2.7502e-15,2.5977e-17
8.5888,1.0407e-21,3.3783e-19,3.3773e-19,3.4045e-19,3.3581e-19,3.1433e-17,2.6795e-15,2.5386e-17
8.7084,9.8542e-22,3.2113e-19,3.2104e-19,3.2357e-19,3.1928e-19,3.0612e-17,2.6121e-15,2.4814e-17
8.8297,9.3316e-22,3.0534e-19,3.0525e-19,3.076e-19,3.0364e-19,2.9817e-17,2.5477e-15,2.4262e-17
8.9527,8.8376e-22,2.9041e-19,2.9033e-19,2.9251e-19,2.8884e-19,2.9048e-17,2.486e-15,2.3729e-17
9.0773,8.3707e-22,2.7628e-19,2.7621e-19,2.7823e-19,2.7484e-19,2.8304e-17,2.4271e-15,2.3214e-17
9.2037,7.9294e-22,2.6292e-19,2.6285e-19,2.6473e-19,2.6159e-19,2.7584e-17,2.3706e-15,2.2716e-17
9.3319,7.5122e-22,2.5027e-19,2.5021e-19,2.5196e-19,2.4905e-19,2.6887e-17,2.3166e-15,2.2235e-17
9.4618,7.1178e-22,2.3831e-19,2.3825e-19,2.3987e-19,2.3718e-19,2.6213e-17,2.2648e-15,2.1772e-17
9.5936,6.745e-22,2.2698e-19,2.2693e-19,2.2844e-19,2.2595e-19,2.5561e-17,2.2152e-15,2.1324e-17
9.7272,6.3925e-22,2.1627e-19,2.1622e-19,2.1762e-19,2.1531e-19,2.493e-17,2.1676e-15,2.0892e-17
9.8627,6.0592e-22,2.0612e-19,2.0607e-19,2.0738e-19,2.0524e-19,2.432e-17,2.122e-15,2.0475e-17
10,5.7441e-22,1.9651e-19,1.9647e-19,1.9769e-19,1.957e-19,2.373e-17,2.0784e-15,2.0073e-17
10.139,5.4462e-22,1.8742e-19,1.8738e-19,1.8851e-19,1.8667e-19,2.3159e-17,2.0365e-15,1.9685e-17
10.28,5.1645e-22,1.788e-19,1.7876e-19,1.7982e-19,1.7811e-19,2.2607e-17,1.9964e-15,1.9311e-17
10.424,4.8982e-22,1.7064e-19,1.7061e-19,1.7159e-19,1.7001e-19,2.2073e-17,1.958e-15,1.8951e-17
10.569,4.6463e-22,1.6291e-19,1.6288e-19,1.638e-19,1.6233e-19,2.1557e-17,1.9212e-15,1.8604e-17
10.716,4.4082e-22,1.5559e-19,1.5556e-19,1.5641e-19,1.5505e-19,2.1057e-17,1.8859e-15,1.827e-17
10.865,4.183e-22,1.4864e-19,1.4862e-19,1.4942e-19,1.4815e-19,2.0575e-17,1.8522e-15,1.7948e-17
11.016,3.9702e-22,1.4207e-19,1.4204e-19,1.4279e-19,1.4161e-19,2.0108e-17,1.82e-15,1.7639e-17
11.17,3.769e-22,1.3583e-19,1.3581e-19,1.3651e-19,1.3541e-19,1.9657e-17,1.7892e-15,1.7341e-17
11.325,3.5788e-22,1.2992e-19,1.299e-19,1.3055e-19,1.2953e-19,1.9221e-17,1.7598e-15,1.7055e-17
11.483,3.399e-22,1.2432e-19,1.243e-19,1.2491e-19,1.2396e-19,1.88e-17,1.7317e-15,1.6781e-17
11.643,3.2292e-22,1.19e-19,1.1898e-19,1.1956e-19,1.1867e-19,1.8393e-17,1.705e-15,1.6518e-17
11.805,3.0688e-22,1.1397e-19,1.1395e-19,1.1449e-19,1.1366e-19,1.8e-17,1.6796e-15,1.6266e-17
11.97,2.9174e-22,1.0919e-19,1.0918e-19,1.0968e-19,1.0891e-19,1.7621e-17,1.6555e-15,1.6024e-17
12.136,2.7745e-22,1.0467e-19,1.0465e-19,1.0512e-19,1.0441e-19,1.7256e-17,1.6326e-15,1.5794e-17
12.305,2.6398e-22,1.0038e-19,1.0036e-19,1.0081e-19,1.0014e-19,1.6904e-17,1.6111e-15,1.5575e-17
12.477,2.513e-22,9.6316e-20,9.6302e-20,9.6719e-20,9.6096e-20,1.6566e-17,1.5909e-15,1.5367e-17
12.65,2.3949e-22,9.2499e-20,9.2486e-20,9.2877e-20,9.2296e-20,1.6247e-17,1.5725e-15,1.5175e-17
12.826,2.283e-22,8.8862e-20,8.885e-20,8.9218e-20,8.8675e-20,1.5936e-17,1.555e-15,1.499e-17
13.005,2.1782e-22,8.5427e-20,8.5416e-20,8.5762e-20,8.5255e-20,1.564e-17,1.5389e-15,1.4818e-17
13.186,2.081e-22,8.2201e-20,8.219e-20,8.2517e-20,8.2042e-20,1.5361e-17,1.5246e-15,1.4661e-17
13.37,1.9913e-22,7.9178e-20,7.9168e-20,7.9476e-20,7.9031e-20,1.5101e-17,1.5122e-15,1.4521e-17
13.556,1.9094e-22,7.6363e-20,7.6354e-20,7.6645e-20,7.6228e-20,1.4861e-17,1.502e-15,1.44e-17
13.745,1.836e-22,7.3768e-20,7.3759e-20,7.4035e-20,7.3643e-20,1.4647e-17,1.4946e-15,1.4304e-17
13.936,1.7722e-22,7.1416e-20,7.1408e-20,7.1669e-20,7.13e-20,1.4465e-17,1.4906e-15,1.4239e-17
14.13,1.72e-22,6.9349e-20,6.9341e-20,6.9589e-20,6.9241e-20,1.4326e-17,1.4913e-15,1.4218e-17
14.327,1.6829e-22,6.7641e-20,6.7634e-20,6.7871e-20,6.7541e-20,1.4249e-17,1.4989e-15,1.4259e-17
14.527,1.6667e-22,6.6429e-20,6.6422e-20,6.6651e-20,6.6336e-20,1.4268e-17,1.5172e-15,1.4399e-17
14.729,1.6825e-22,6.5974e-20,6.5968e-20,6.619e-20,6.5885e-20,1.4446e-17,1.5533e-15,1.4705e-17
14.934,1.7518e-22,6.6815e-20,6.6809e-20,6.703e-20,6.673e-20,1.4912e-17,1.6218e-15,1.5313e-17
15.142,1.9215e-22,7.0199e-20,7.0193e-20,7.0421e-20,7.0114e-20,1.5966e-17,1.7571e-15,1.6543e-17
15.353,2.3123e-22,7.9523e-20,7.9516e-20,7.9769e-20,7.9431e-20,1.8428e-17,2.0529e-15,1.9269e-17
15.567,3.343e-22,1.0715e-19,1.0714e-19,1.0748e-19,1.0703e-19,2.5296e-17,2.8534e-15,2.6698e-17
15.783,8.1715e-22,2.4787e-19,2.4785e-19,2.4861e-19,2.4761e-19,5.9603e-17,6.8101e-15,6.3504e-17
16.003,1.374e-21,4.1374e-19,4.1371e-19,4.1495e-19,4.1333e-19,1.0132e-16,1.173e-14,1.0899e-16
16.226,3.6463e-22,1.1472e-19,1.1471e-19,1.1505e-19,1.1461e-19,2.8604e-17,3.357e-15,3.1075e-17
16.452,2.1899e-22,7.3793e-20,7.3787e-20,7.4001e-20,7.3728e-20,1.8731e-17,2.2292e-15,2.0554e-17
16.681,1.6259e-22,5.8712e-20,5.8708e-20,5.8875e-20,5.8664e-20,1.5169e-17,1.8314e-15,1.6815e-17
16.913,1.3309e-22,5.1022e-20,5.1018e-20,5.1161e-20,5.0983e-20,1.3415e-17,1.6437e-15,1.5026e-17
17.149,1.1488e-22,4.6272e-20,4.6268e-20,4.6396e-20,4.6238e-20,1.2379e-17,1.5398e-15,1.4012e-17
17.388,1.0234e-22,4.2929e-20,4.2926e-20,4.3042e-20,4.29e-20,1.1683e-17,1.476e-15,1.3367e-17
17.63,9.3013e-23,4.0354e-20,4.0351e-20,4.0458e-20,4.0329e-20,1.117e-17,1.4338e-15,1.292e-17
17.875,8.5657e-23,3.8241e-20,3.8239e-20,3.8338e-20,3.8219e-20,1.0764e-17,1.4044e-15,1.259e-17
18.124,7.9594e-23,3.6428e-20,3.6426e-20,3.6519e-20,3.6408e-20,1.0425e-17,1.3831e-15,1.2332e-17
18.377,7.4439e-23,3.4824e-20,3.4822e-20,3.491e-20,3.4807e-20,1.0131e-17,1.3673e-15,1.2122e-17
18.632,6.9947e-23,3.3375e-20,3.3373e-20,3.3456e-20,3.336e-20,9.8683e-18,1.3553e-15,1.1946e-17
18.892,6.596e-23,3.2045e-20,3.2043e-20,3.2121e-20,3.2032e-20,9.6281e-18,1.3463e-15,1.1794e-17
19.155,6.2372e-23,3.0811e-20,3.0809e-20,3.0883e-20,3.0799e-20,9.405e-18,1.3394e-15,1.166e-17
19.422,5.9109e-23,2.9656e-20,2.9654e-20,2.9724e-20,2.9646e-20,9.1951e-18,1.3343e-15,1.154e-17
19.692,5.6115e-23,2.8568e-20,2.8566e-20,2.8633e-20,2.856e-20,8.9959e-18,1.3306e-15,1.1431e-17
19.966,5.3351e-23,2.7539e-20,2.7538e-20,2.7601e-20,2.7532e-20,8.8054e-18,1.3282e-15,1.1331e-17
20.244,5.0788e-23,2.6563e-20,2.6561e-20,2.6621e-20,2.6557e-20,8.6221e-18,1.3268e-15,1.1238e-17
20.526,4.8401e-23,2.5633e-20,2.5632e-20,2.5689e-20,2.5629e-20,8.4452e-18,1.3264e-15,1.1152e-17
20.812,4.6174e-23,2.4747e-20,2.4746e-20,2.48e-20,2.4743e-20,8.2739e-18,1.3269e-15,1.1071e-17
21.102,4.4092e-23,2.3901e-20,2.39e-20,2.3951e-20,2.3898e-20,8.1077e-18,1.3282e-15,1.0994e-17
21.396,4.2149e-23,2.3092e-20,2.3091e-20,2.314e-20,2.309e-20,7.9463e-18,1.3303e-15,1.0923e-17
21.694,4.0341e-23,2.232e-20,2.2319e-20,2.2366e-20,2.2319e-20,7.7898e-18,1.3332e-15,1.0856e-17
21.996,3.8677e-23,2.1586e-20,2.1585e-20,2.1629e-20,2.1585e-20,7.6389e-18,1.3372e-15,1.0796e-17
22.302,3.7193e-23,2.0893e-20,2.0892e-20,2.0934e-20,2.0892e-20,7.4958e-18,1.3426e-15,1.0744e-17
22.613,3.6005e-23,2.0259e-20,2.0258e-20,2.0298e-20,2.0259e-20,7.3674e-18,1.3509e-15,1.0713e-17
22.928,3.5544e-23,1.9751e-20,1.975e-20,1.9789e-20,1.9752e-20,7.2792e-18,1.3669e-15,1.074e-17
23.247,3.9363e-23,1.9968e-20,1.9967e-20,2.0006e-20,1.997e-20,7.4567e-18,1.4347e-15,1.1165e-17
23.571,1.3684e-22,4.3838e-20,4.3836e-20,4.392e-20,4.3842e-20,1.6584e-17,3.2706e-15,2.5205e-17
23.899,1.1407e-22,3.7334e-20,3.7333e-20,3.7403e-20,3.7339e-20,1.4305e-17,2.8931e-15,2.2073e-17
24.232,3.5647e-23,1.8173e-20,1.8172e-20,1.8206e-20,1.8175e-20,7.0512e-18,1.4631e-15,1.1048e-17
24.569,3.0007e-23,1.6878e-20,1.6877e-20,1.6908e-20,1.6881e-20,6.6303e-18,1.4121e-15,1.0551e-17
24.911,2.7646e-23,1.6147e-20,1.6146e-20,1.6175e-20,1.615e-20,6.4209e-18,1.4043e-15,1.0379e-17
25.258,2.6063e-23,1.5547e-20,1.5547e-20,1.5575e-20,1.5551e-20,6.2573e-18,1.406e-15,1.0277e-17
25.61,2.4783e-23,1.5004e-20,1.5004e-20,1.5031e-20,1.5008e-20,6.1105e-18,1.4113e-15,1.0198e-17
25.967,2.3664e-23,1.4495e-20,1.4495e-20,1.452e-20,1.4499e-20,5.9721e-18,1.4184e-15,1.0131e-17
26.328,2.2647e-23,1.4011e-20,1.401e-20,1.4035e-20,1.4015e-20,5.8389e-18,1.4268e-15,1.0069e-17
26.695,2.1708e-23,1.3547e-20,1.3547e-20,1.357e-20,1.3551e-20,5.7095e-18,1.4362e-15,1.0011e-17
27.067,2.0836e-23,1.3102e-20,1.3102e-20,1.3124e-20,1.3106e-20,5.5834e-18,1.4465e-15,9.9561e-18
27.443,1.998e-23,1.2668e-20,1.2668e-20,1.2689e-20,1.2673e-20,5.4576e-18,1.4569e-15,9.8989e-18
27.826,1.9206e-23,1.2255e-20,1.2255e-20,1.2275e-20,1.2259e-20,5.3363e-18,1.4686e-15,9.8465e-18
28.213,1.8462e-23,1.1854e-20,1.1854e-20,1.1873e-20,1.1859e-20,5.2163e-18,1.4809e-15,9.7938e-18
28.606,1.7753e-23,1.1467e-20,1.1466e-20,1.1485e-20,1.1471e-20,5.0981e-18,1.4938e-15,9.7414e-18
29.004,1.7077e-23,1.1092e-20,1.1092e-20,1.1109e-20,1.1096e-20,4.9817e-18,1.5073e-15,9.6892e-18
29.408,1.6435e-23,1.0729e-20,1.0729e-20,1.0746e-20,1.0734e-20,4.8671e-18,1.5216e-15,9.6373e-18
29.818,1.5821e-23,1.0378e-20,1.0378e-20,1.0394e-20,1.0383e-20,4.7542e-18,1.5366e-15,9.5853e-18
30.233,1.5235e-23,1.0038e-20,1.0038e-20,1.0054e-20,1.0043e-20,4.6428e-18,1.5523e-15,9.5332e-18
30.654,1.4674e-23,9.7089e-21,9.7087e-21,9.7237e-21,9.7136e-21,4.5331e-18,1.5687e-15,9.4808e-18
31.081,1.4138e-23,9.3899e-21,9.3897e-21,9.4041e-21,9.3946e-21,4.4249e-18,1.586e-15,9.4282e-18
31.514,1.3625e-23,9.0809e-21,9.0806e-21,9.0944e-21,9.0855e-21,4.3183e-18,1.604e-15,9.3752e-18
31.952,1.3135e-23,8.7814e-21,8.7812e-21,8.7944e-21,8.786e-21,4.2133e-18,1.623e-15,9.3218e-18
32.397,1.2666e-23,8.4912e-21,8.491e-21,8.5036e-21,8.4957e-21,4.1098e-18,1.6428e-15,9.268e-18
32.849,1.2217e-23,8.2098e-21,8.2096e-21,8.2217e-21,8.2143e-21,4.0079e-18,1.6636e-15,9.2135e-18
33.306,1.1787e-23,7.937e-21,7.9369e-21,7.9484e-21,7.9415e-21,3.9074e-18,1.6853e-15,9.1584e-18
33.77,1.1375e-23,7.6725e-21,7.6724e-21,7.6835e-21,7.6769e-21,3.8085e-18,1.7081e-15,9.1026e-18
34.24,1.098e-23,7.416e-21,7.4159e-21,7.4265e-21,7.4204e-21,3.711e-18,1.7319e-15,9.046e-18
34.717,1.0601e-23,7.1672e-21,7.1671e-21,7.1773e-21,7.1715e-21,3.615e-18,1.7568e-15,8.9886e-18
35.2,1.0239e-23,6.926e-21,6.9259e-21,6.9356e-21,6.9302e-21,3.5205e-18,1.7829e-15,8.9303e-18
35.69,9.8915e-24,6.6919e-21,6.6918e-21,6.7012e-21,6.6961e-21,3.4275e-18,1.8102e-15,8.871e-18
36.187,9.5583e-24,6.4649e-21,6.4647e-21,6.4737e-21,6.4689e-21,3.3359e-18,1.8387e-15,8.8107e-18
36.691,9.2389e-24,6.2445e-21,6.2444e-21,6.253e-21,6.2485e-21,3.2458e-18,1.8685e-15,8.7492e-18
37.202,8.9327e-24,6.0307e-21,6.0306e-21,6.0389e-21,6.0347e-21,3.1571e-18,1.8996e-15,8.6866e-18
37.72,8.6392e-24,5.8232e-21,5.8231e-21,5.831e-21,5.8271e-21,3.0698e-18,1.932e-15,8.6227e-18
38.246,8.358e-24,5.6218e-21,5.6218e-21,5.6293e-21,5.6256e-21,2.9839e-18,1.9657e-15,8.5575e-18
38.778,8.0887e-24,5.4264e-21,5.4263e-21,5.4336e-21,5.4301e-21,2.8995e-18,2.0008e-15,8.4909e-18
39.318,7.8309e-24,5.2366e-21,5.2366e-21,5.2435e-21,5.2403e-21,2.8164e-18,2.0371e-15,8.4229e-18
39.866,7.5843e-24,5.0525e-21,5.0524e-21,5.0591e-21,5.056e-21,2.7348e-18,2.0746e-15,8.3534e-18
40.421,7.3491e-24,4.8737e-21,4.8736e-21,4.88e-21,4.8771e-21,2.6546e-18,2.1132e-15,8.2823e-18
40.984,7.1253e-24,4.7002e-21,4.7001e-21,4.7062e-21,4.7036e-21,2.5757e-18,2.1528e-15,8.2096e-18
41.555,6.9135e-24,4.5318e-21,4.5318e-21,4.5377e-21,4.5351e-21,2.4984e-18,2.1932e-15,8.1355e-18
42.133,6.7151e-24,4.3687e-21,4.3686e-21,4.3742e-21,4.3719e-21,2.4225e-18,2.2341e-15,8.0601e-18
42.72,6.5327e-24,4.2108e-21,4.2107e-21,4.2161e-21,4.2139e-21,2.3483e-18,2.2753e-15,7.9839e-18
43.315,6.3712e-24,4.0584e-21,4.0584e-21,4.0636e-21,4.0615e-21,2.276e-18,2.3167e-15,7.9077e-18
43.918,6.2407e-24,3.9125e-21,3.9125e-21,3.9174e-21,3.9155e-21,2.2061e-18,2.3581e-15,7.8338e-18
44.53,6.1636e-24,3.7751e-21,3.7751e-21,3.7798e-21,3.778e-21,2.1399e-18,2.4005e-15,7.7667e-18
45.15,6.1949e-24,3.6518e-21,3.6517e-21,3.6563e-21,3.6546e-21,2.0807e-18,2.4472e-15,7.7192e-18
45.778,6.505e-24,3.5619e-21,3.5619e-21,3.5663e-21,3.5647e-21,2.0398e-18,2.5118e-15,7.7356e-18
46.416,7.7144e-24,3.597e-21,3.597e-21,3.6014e-21,3.5998e-21,2.0701e-18,2.6641e-15,8.0253e-18
47.062,1.3884e-23,4.7379e-21,4.7378e-21,4.7436e-21,4.7416e-21,2.7398e-18,3.6766e-15,1.0859e-17
47.718,8.253e-23,2.4819e-20,2.4818e-20,2.4849e-20,2.4838e-20,1.4419e-17,2.0122e-14,5.8427e-17
48.382,1.146e-23,3.9885e-21,3.9885e-21,3.9934e-21,3.9917e-21,2.3279e-18,3.3672e-15,9.6441e-18
49.056,7.5371e-24,3.1178e-21,3.1177e-21,3.1215e-21,3.1203e-21,1.8278e-18,2.7302e-15,7.7422e-18
49.739,6.2728e-24,2.8326e-21,2.8326e-21,2.836e-21,2.8349e-21,1.6678e-18,2.5621e-15,7.2233e-18
50.432,5.652e-24,2.6505e-21,2.6505e-21,2.6536e-21,2.6527e-21,1.5672e-18,2.465e-15,6.94e-18
51.134,5.2667e-24,2.4999e-21,2.4999e-21,2.5029e-21,2.502e-21,1.4842e-18,2.3793e-15,6.7205e-18
51.846,4.9914e-24,2.3625e-21,2.3625e-21,2.3653e-21,2.3645e-21,1.4083e-18,2.2899e-15,6.52e-18
52.568,4.7757e-24,2.2315e-21,2.2315e-21,2.2341e-21,2.2334e-21,1.3354e-18,2.1922e-15,6.3214e-18
53.3,4.5963e-24,2.1038e-21,2.1037e-21,2.1062e-21,2.1055e-21,1.2637e-18,2.0851e-15,6.1164e-18
54.042,4.4421e-24,1.9775e-21,1.9775e-21,1.9798e-21,1.9792e-21,1.1922e-18,1.9691e-15,5.9e-18
54.795,4.3076e-24,1.8516e-21,1.8515e-21,1.8537e-21,1.8531e-21,1.1203e-18,1.8451e-15,5.6682e-18
55.558,4.185e-24,1.7249e-21,1.7249e-21,1.727e-21,1.7264e-21,1.0473e-18,1.7144e-15,5.4174e-18
56.331,4.0712e-24,1.5972e-21,1.5972e-21,1.5991e-21,1.5986e-21,9.7305e-19,1.5787e-15,5.1454e-18
57.116,3.9627e-24,1.4684e-21,1.4684e-21,1.4701e-21,1.4697e-21,8.9751e-19,1.4399e-15,4.8515e-18
57.911,3.8781e-24,1.337e-21,1.337e-21,1.3386e-21,1.3382e-21,8.1982e-19,1.2981e-15,4.5296e-18
58.718,3.7962e-24,1.2053e-21,1.2053e-21,1.2067e-21,1.2063e-21,7.4132e-19,1.1569e-15,4.1863e-18
59.535,3.7039e-24,1.0796e-21,1.0796e-21,1.0808e-21,1.0806e-21,6.6601e-19,1.0233e-15,3.8436e-18
60.364,3.6218e-24,9.6409e-22,9.6408e-22,9.6519e-22,9.6494e-22,5.9647e-19,9.017e-16,3.5175e-18
61.205,3.5447e-24,8.7264e-22,8.7263e-22,8.7363e-22,8.7341e-22,5.4141e-19,8.0493e-16,3.2622e-18
62.057,3.4718e-24,8.2193e-22,8.2192e-22,8.2286e-22,8.2265e-22,5.1134e-19,7.4753e-16,3.1475e-18
62.921,3.4024e-24,8.1715e-22,8.1714e-22,8.1807e-22,8.1787e-22,5.097e-19,7.3273e-16,3.2047e-18
63.798,3.3363e-24,8.4348e-22,8.4347e-22,8.4443e-22,8.4423e-22,5.2747e-19,7.4579e-16,3.3869e-18
64.686,3.274e-24,8.8106e-22,8.8105e-22,8.8205e-22,8.8185e-22,5.5232e-19,7.6835e-16,3.6214e-18
65.587,3.2153e-24,9.1784e-22,9.1783e-22,9.1887e-22,9.1866e-22,5.7675e-19,7.8973e-16,3.8607e-18
66.5,3.1593e-24,9.4876e-22,9.4875e-22,9.4982e-22,9.4962e-22,5.9755e-19,8.0579e-16,4.0827e-18
67.426,3.1056e-24,9.7243e-22,9.7242e-22,9.7352e-22,9.7331e-22,6.1382e-19,8.1563e-16,4.2798e-18
68.365,3.0543e-24,9.8908e-22,9.8908e-22,9.9019e-22,9.8998e-22,6.2566e-19,8.1974e-16,4.4508e-18
69.317,3.0051e-24,9.9959e-22,9.9958e-22,1.0007e-21,1.0005e-21,6.3361e-19,8.1907e-16,4.5975e-18
70.282,2.9581e-24,1.005e-21,1.005e-21,1.0061e-21,1.0059e-21,6.383e-19,8.1467e-16,4.723e-18
71.261,2.9142e-24,1.0065e-21,1.0065e-21,1.0076e-21,1.0074e-21,6.4047e-19,8.0765e-16,4.8314e-18
72.253,2.8722e-24,1.0048e-21,1.0048e-21,1.006e-21,1.0058e-21,6.4059e-19,7.9866e-16,4.9249e-18
73.26,2.832e-24,1.0008e-21,1.0008e-21,1.0019e-21,1.0017e-21,6.3914e-19,7.884e-16,5.0065e-18
74.28,2.7936e-24,9.9508e-22,9.9508e-22,9.9618e-22,9.96e-22,6.3655e-19,7.774e-16,5.0787e-18
75.314,2.7567e-24,9.8819e-22,9.8818e-22,9.8928e-22,9.891e-22,6.3316e-19,7.661e-16,5.1435e-18
76.363,2.7215e-24,9.8058e-22,9.8058e-22,9.8166e-22,9.8149e-22,6.2925e-19,7.5484e-16,5.203e-18
77.426,2.6885e-24,9.7279e-22,9.7278e-22,9.7386e-22,9.7369e-22,6.2517e-19,7.44e-16,5.2596e-18
78.505,2.6573e-24,9.6502e-22,9.6501e-22,9.6608e-22,9.6592e-22,6.2104e-19,7.337e-16,5.3141e-18
79.598,2.6276e-24,9.5744e-22,9.5743e-22,9.5849e-22,9.5833e-22,6.1699e-19,7.2405e-16,5.3674e-18
80.706,2.5993e-24,9.5022e-22,9.5021e-22,9.5126e-22,9.5111e-22,6.1311e-19,7.1514e-16,5.4203e-18
81.83,2.5724e-24,9.435e-22,9.4349e-22,9.4453e-22,9.4438e-22,6.0951e-19,7.0705e-16,5.4736e-18
82.97,2.5469e-24,9.3737e-22,9.3737e-22,9.384e-22,9.3825e-22,6.0624e-19,6.9983e-16,5.5279e-18
84.125,2.523e-24,9.3198e-22,9.3197e-22,9.33e-22,9.3286e-22,6.034e-19,6.9353e-16,5.5839e-18
85.296,2.5011e-24,9.2745e-22,9.2745e-22,9.2846e-22,9.2833e-22,6.0108e-19,6.8825e-16,5.6425e-18
86.484,2.4807e-24,9.2368e-22,9.2368e-22,9.2469e-22,9.2456e-22,5.992e-19,6.8386e-16,5.703e-18
87.689,2.4617e-24,9.2068e-22,9.2068e-22,9.2169e-22,9.2155e-22,5.9779e-19,6.8037e-16,5.7657e-18
88.91,2.4441e-24,9.1845e-22,9.1845e-22,9.1945e-22,9.1933e-22,5.9684e-19,6.7775e-16,5.8306e-18
90.148,2.4282e-24,9.17e-22,9.1699e-22,9.1799e-22,9.1787e-22,5.9635e-19,6.7598e-16,5.8975e-18
91.403,2.4138e-24,9.163e-22,9.1629e-22,9.173e-22,9.1717e-22,5.9632e-19,6.7505e-16,5.9666e-18
92.676,2.402e-24,9.1655e-22,9.1654e-22,9.1754e-22,9.1742e-22,5.9687e-19,6.7507e-16,6.039e-18
93.966,2.3922e-24,9.1758e-22,9.1757e-22,9.1858e-22,9.1846e-22,5.979e-19,6.7592e-16,6.1137e-18
95.275,2.3845e-24,9.1938e-22,9.1937e-22,9.2037e-22,9.2026e-22,5.9939e-19,6.7758e-16,6.1905e-18
96.602,2.3792e-24,9.2195e-22,9.2194e-22,9.2295e-22,9.2283e-22,6.0136e-19,6.8004e-16,6.2695e-18
97.947,2.3766e-24,9.2531e-22,9.2531e-22,9.2632e-22,9.262e-22,6.0381e-19,6.8331e-16,6.3507e-18
99.311,2.377e-24,9.2952e-22,9.2952e-22,9.3053e-22,9.3041e-22,6.0678e-19,6.8742e-16,6.4345e-18
100.69,2.3792e-24,9.3424e-22,9.3423e-22,9.3525e-22,9.3514e-22,6.1006e-19,6.9213e-16,6.5185e-18
102.1,2.3832e-24,9.3944e-22,9.3943e-22,9.4046e-22,9.4034e-22,6.1362e-19,6.9741e-16,6.6024e-18
103.52,2.3913e-24,9.4558e-22,9.4558e-22,9.4661e-22,9.4649e-22,6.1777e-19,7.036e-16,6.6894e-18
104.96,2.4045e-24,9.5283e-22,9.5282e-22,9.5386e-22,9.5375e-22,6.226e-19,7.1082e-16,6.7805e-18
106.42,2.4238e-24,9.6139e-22,9.6139e-22,9.6243e-22,9.6232e-22,6.2827e-19,7.1924e-16,6.8772e-18
107.9,2.4509e-24,9.7161e-22,9.716e-22,9.7266e-22,9.7255e-22,6.3498e-19,7.2911e-16,6.9818e-18
109.41,2.4882e-24,9.8395e-22,9.8395e-22,9.8502e-22,9.8491e-22,6.4305e-19,7.408e-16,7.0979e-18
110.93,2.5388e-24,9.9914e-22,9.9914e-22,1.0002e-21,1.0001e-21,6.5295e-19,7.5486e-16,7.2304e-18
112.47,2.6075e-24,1.0183e-21,1.0183e-21,1.0194e-21,1.0192e-21,6.6538e-19,7.7215e-16,7.3873e-18
114.04,2.7015e-24,1.043e-21,1.043e-21,1.0441e-21,1.044e-21,6.8146e-19,7.9399e-16,7.5808e-18
115.63,2.8322e-24,1.0762e-21,1.0762e-21,1.0774e-21,1.0772e-21,7.0301e-19,8.2258e-16,7.8313e-18
117.24,3.0182e-24,1.1226e-21,1.1226e-21,1.1238e-21,1.1237e-21,7.3317e-19,8.617e-16,8.1734e-18
118.87,3.2924e-24,1.1911e-21,1.1911e-21,1.1924e-21,1.1923e-21,7.7767e-19,9.1827e-16,8.6709e-18
120.53,3.7175e-24,1.2992e-21,1.2992e-21,1.3006e-21,1.3004e-21,8.4795e-19,1.0061e-15,9.4504e-18
122.2,4.4288e-24,1.486e-21,1.486e-21,1.4876e-21,1.4874e-21,9.6949e-19,1.1562e-15,1.0794e-17
123.91,5.7767e-24,1.8555e-21,1.8555e-21,1.8575e-21,1.8573e-21,1.21e-18,1.4506e-15,1.3451e-17
125.63,9.0309e-24,2.7884e-21,2.7884e-21,2.7915e-21,2.7912e-21,1.8176e-18,2.1907e-15,2.0161e-17
127.38,2.5228e-23,7.5969e-21,7.5969e-21,7.6052e-21,7.6043e-21,4.9494e-18,5.9983e-15,5.475e-17
129.15,2.8056e-23,8.4426e-21,8.4426e-21,8.4518e-21,8.4509e-21,5.4973e-18,6.7002e-15,6.0614e-17
130.95,8.8538e-24,2.7389e-21,2.7389e-21,2.7419e-21,2.7416e-21,1.7823e-18,2.185e-15,1.9578e-17
132.78,5.3658e-24,1.7474e-21,1.7474e-21,1.7493e-21,1.7491e-21,1.1363e-18,1.4014e-15,1.2429e-17
134.63,3.9619e-24,1.3754e-21,1.3754e-21,1.3769e-21,1.3767e-21,8.938e-19,1.1089e-15,9.7291e-18
136.5,3.2341e-24,1.1982e-21,1.1982e-21,1.1996e-21,1.1994e-21,7.7811e-19,9.7139e-16,8.4252e-18
138.4,2.8047e-24,1.1025e-21,1.1025e-21,1.1037e-21,1.1036e-21,7.1539e-19,8.9871e-16,7.7017e-18
140.33,2.53e-24,1.0462e-21,1.0462e-21,1.0474e-21,1.0473e-21,6.7829e-19,8.5755e-16,7.2571e-18
142.28,2.3439e-24,1.0109e-21,1.0109e-21,1.0121e-21,1.0119e-21,6.5483e-19,8.3327e-16,6.9597e-18
144.26,2.2122e-24,9.8771e-22,9.8771e-22,9.888e-22,9.8869e-22,6.3918e-19,8.187e-16,6.7456e-18
146.27,2.1156e-24,9.7179e-22,9.7179e-22,9.7286e-22,9.7275e-22,6.2827e-19,8.1007e-16,6.581e-18
148.31,2.0426e-24,9.6052e-22,9.6052e-22,9.6158e-22,9.6148e-22,6.2035e-19,8.0524e-16,6.4472e-18
150.38,1.9861e-24,9.5234e-22,9.5234e-22,9.5339e-22,9.5329e-22,6.1441e-19,8.0294e-16,6.333e-18
152.47,1.9414e-24,9.4627e-22,9.4627e-22,9.4732e-22,9.4721e-22,6.0982e-19,8.024e-16,6.2318e-18
154.59,1.9055e-24,9.4169e-22,9.4169e-22,9.4273e-22,9.4263e-22,6.0617e-19,8.031e-16,6.1394e-18
156.75,1.8763e-24,9.382e-22,9.382e-22,9.3924e-22,9.3913e-22,6.032e-19,8.0471e-16,6.0529e-18
158.93,1.8524e-24,9.3552e-22,9.3552e-22,9.3656e-22,9.3645e-22,6.0073e-19,8.0702e-16,5.9706e-18
161.14,1.8327e-24,9.3347e-22,9.3347e-22,9.3451e-22,9.344e-22,5.9864e-19,8.0988e-16,5.8914e-18
163.39,1.8165e-24,9.3193e-22,9.3193e-22,9.3297e-22,9.3286e-22,5.9686e-19,8.1317e-16,5.8144e-18
165.66,1.8034e-24,9.3082e-22,9.3081e-22,9.3185e-22,9.3175e-22,5.9532e-19,8.1683e-16,5.7393e-18
167.97,1.7931e-24,9.3007e-22,9.3007e-22,9.3111e-22,9.3101e-22,5.94e-19,8.2083e-16,5.6658e-18
170.31,1.7854e-24,9.2968e-22,9.2967e-22,9.3071e-22,9.3061e-22,5.9287e-19,8.2512e-16,5.5937e-18
172.68,1.7803e-24,9.2961e-22,9.2961e-22,9.3065e-22,9.3055e-22,5.9193e-19,8.2972e-16,5.5231e-18
175.08,1.7779e-24,9.2989e-22,9.2989e-22,9.3093e-22,9.3082e-22,5.9119e-19,8.3461e-16,5.454e-18
177.52,1.7785e-24,9.3053e-22,9.3053e-22,9.3158e-22,9.3147e-22,5.9064e-19,8.3984e-16,5.3865e-18
179.99,1.7823e-24,9.3158e-22,9.3158e-22,9.3263e-22,9.3252e-22,5.9033e-19,8.4543e-16,5.3211e-18
182.5,1.7901e-24,9.3311e-22,9.331e-22,9.3416e-22,9.3405e-22,5.9029e-19,8.5145e-16,5.2579e-18
185.04,1.8027e-24,9.352e-22,9.3519e-22,9.3625e-22,9.3614e-22,5.9058e-19,8.5799e-16,5.1976e-18
187.62,1.8213e-24,9.3798e-22,9.3798e-22,9.3905e-22,9.3893e-22,5.9127e-19,8.6516e-16,5.1409e-18
190.23,1.8478e-24,9.4168e-22,9.4167e-22,9.4275e-22,9.4263e-22,5.9251e-19,8.7318e-16,5.0887e-18
192.88,1.8849e-24,9.4659e-22,9.4658e-22,9.4766e-22,9.4755e-22,5.9447e-19,8.8233e-16,5.0426e-18
195.57,1.9368e-24,9.5322e-22,9.5321e-22,9.543e-22,9.5419e-22,5.9747e-19,8.9311e-16,5.0051e-18
198.29,2.0101e-24,9.6243e-22,9.6242e-22,9.6352e-22,9.6341e-22,6.0204e-19,9.0633e-16,4.9802e-18
201.05,2.1159e-24,9.758e-22,9.758e-22,9.7692e-22,9.768e-22,6.0916e-19,9.2353e-16,4.9756e-18
203.85,2.2734e-24,9.9655e-22,9.9655e-22,9.9769e-22,9.9757e-22,6.2081e-19,9.478e-16,5.0065e-18
206.69,2.5193e-24,1.0319e-21,1.0319e-21,1.0331e-21,1.033e-21,6.4147e-19,9.8618e-16,5.1072e-18
209.57,2.9316e-24,1.1007e-21,1.1007e-21,1.102e-21,1.1019e-21,6.8275e-19,1.0569e-15,5.3663e-18
212.48,3.7071e-24,1.2602e-21,1.2602e-21,1.2617e-21,1.2615e-21,7.799e-19,1.2156e-15,6.0512e-18
215.44,5.5154e-24,1.7239e-21,1.7239e-21,1.7259e-21,1.7257e-21,1.0644e-18,1.6703e-15,8.1523e-18
218.44,1.3062e-23,3.9344e-21,3.9344e-21,3.939e-21,3.9385e-21,2.4236e-18,3.8289e-15,1.8323e-17
221.49,2.8645e-23,8.5984e-21,8.5984e-21,8.6084e-21,8.6073e-21,5.2838e-18,8.4031e-15,3.9431e-17
224.57,6.5505e-24,2.0018e-21,2.0018e-21,2.0042e-21,2.0039e-21,1.2271e-18,1.9643e-15,9.0389e-18
227.7,3.8238e-24,1.2639e-21,1.2639e-21,1.2654e-21,1.2652e-21,7.7282e-19,1.2451e-15,5.6189e-18
230.87,2.8093e-24,1.0633e-21,1.0633e-21,1.0645e-21,1.0644e-21,6.4847e-19,1.0514e-15,4.6538e-18
234.08,2.3057e-24,1.0011e-21,1.0011e-21,1.0023e-21,1.0021e-21,6.0894e-19,9.9351e-16,4.3136e-18
237.34,2.0175e-24,9.81e-22,9.81e-22,9.8216e-22,9.8203e-22,5.9512e-19,9.7691e-16,4.1612e-18
240.65,1.837e-24,9.7599e-22,9.7599e-22,9.7715e-22,9.7702e-22,5.9046e-19,9.7507e-16,4.0753e-18
244,1.7165e-24,9.7742e-22,9.7742e-22,9.7858e-22,9.7845e-22,5.8967e-19,9.7947e-16,4.0175e-18
247.4,1.6318e-24,9.8212e-22,9.8212e-22,9.8329e-22,9.8316e-22,5.908e-19,9.8696e-16,3.9735e-18
250.84,1.5696e-24,9.8876e-22,9.8875e-22,9.8994e-22,9.898e-22,5.9306e-19,9.9622e-16,3.9376e-18
254.33,1.5224e-24,9.9671e-22,9.967e-22,9.979e-22,9.9776e-22,5.9604e-19,1.0066e-15,3.9069e-18
257.88,1.4853e-24,1.0057e-21,1.0057e-21,1.0069e-21,1.0067e-21,5.9957e-19,1.0178e-15,3.88e-18
261.47,1.4554e-24,1.0155e-21,1.0155e-21,1.0167e-21,1.0166e-21,6.0353e-19,1.0297e-15,3.8561e-18
265.11,1.4306e-24,1.026e-21,1.026e-21,1.0273e-21,1.0271e-21,6.0787e-19,1.0421e-15,3.8348e-18
268.8,1.4097e-24,1.0373e-21,1.0373e-21,1.0385e-21,1.0384e-21,6.1255e-19,1.055e-15,3.8158e-18
272.54,1.3916e-24,1.0492e-21,1.0492e-21,1.0505e-21,1.0503e-21,6.1754e-19,1.0683e-15,3.7988e-18
276.34,1.3757e-24,1.0618e-21,1.0618e-21,1.0631e-21,1.0629e-21,6.2283e-19,1.0819e-15,3.7837e-18
280.19,1.3615e-24,1.0749e-21,1.0749e-21,1.0763e-21,1.0761e-21,6.284e-19,1.0959e-15,3.7703e-18
284.09,1.3486e-24,1.0887e-21,1.0887e-21,1.0901e-21,1.0899e-21,6.3424e-19,1.1102e-15,3.7586e-18
288.04,1.3369e-24,1.1032e-21,1.1032e-21,1.1045e-21,1.1044e-21,6.4034e-19,1.1248e-15,3.7483e-18
292.06,1.326e-24,1.1182e-21,1.1182e-21,1.1196e-21,1.1194e-21,6.4669e-19,1.1396e-15,3.7395e-18
296.12,1.3158e-24,1.1338e-21,1.1338e-21,1.1352e-21,1.135e-21,6.5328e-19,1.1546e-15,3.7321e-18
300.25,1.3062e-24,1.1499e-21,1.1499e-21,1.1514e-21,1.1512e-21,6.6009e-19,1.1698e-15,3.7259e-18
304.43,1.2972e-24,1.1667e-21,1.1667e-21,1.1682e-21,1.168e-21,6.6713e-19,1.1851e-15,3.7208e-18
308.67,1.2885e-24,1.184e-21,1.184e-21,1.1855e-21,1.1854e-21,6.7439e-19,1.2006e-15,3.7169e-18
312.96,1.2803e-24,1.2019e-21,1.2019e-21,1.2035e-21,1.2033e-21,6.8184e-19,1.2161e-15,3.7139e-18
317.32,1.2723e-24,1.2204e-21,1.2204e-21,1.2219e-21,1.2218e-21,6.8948e-19,1.2317e-15,3.7119e-18
321.74,1.2646e-24,1.2394e-21,1.2394e-21,1.241e-21,1.2408e-21,6.9731e-19,1.2473e-15,3.7108e-18
326.22,1.2572e-24,1.2589e-21,1.2589e-21,1.2605e-21,1.2603e-21,7.0531e-19,1.2629e-15,3.7105e-18
330.76,1.2499e-24,1.279e-21,1.279e-21,1.2806e-21,1.2805e-21,7.1348e-19,1.2785e-15,3.7109e-18
335.37,1.2429e-24,1.2996e-21,1.2996e-21,1.3013e-21,1.3011e-21,7.2179e-19,1.294e-15,3.7121e-18
340.04,1.236e-24,1.3207e-21,1.3207e-21,1.3225e-21,1.3223e-21,7.3026e-19,1.3094e-15,3.7138e-18
344.78,1.2293e-24,1.3424e-21,1.3424e-21,1.3441e-21,1.3439e-21,7.3885e-19,1.3246e-15,3.7161e-18
349.58,1.2228e-24,1.3645e-21,1.3645e-21,1.3663e-21,1.3661e-21,7.4758e-19,1.3397e-15,3.7189e-18
354.45,1.2164e-24,1.3872e-21,1.3872e-21,1.389e-21,1.3888e-21,7.5642e-19,1.3546e-15,3.7222e-18
359.38,1.2101e-24,1.4103e-21,1.4103e-21,1.4122e-21,1.412e-21,7.6537e-19,1.3693e-15,3.7259e-18
364.39,1.2039e-24,1.434e-21,1.434e-21,1.4359e-21,1.4357e-21,7.7441e-19,1.3837e-15,3.73e-18
369.46,1.1978e-24,1.4581e-21,1.4581e-21,1.4601e-21,1.4599e-21,7.8355e-19,1.3979e-15,3.7345e-18
374.61,1.1919e-24,1.4828e-21,1.4827e-21,1.4848e-21,1.4845e-21,7.9278e-19,1.4118e-15,3.7392e-18
379.82,1.186e-24,1.5079e-21,1.5079e-21,1.5099e-21,1.5097e-21,8.0207e-19,1.4254e-15,3.7442e-18
385.11,1.1803e-24,1.5334e-21,1.5334e-21,1.5355e-21,1.5353e-21,8.1144e-19,1.4387e-15,3.7495e-18
390.47,1.1746e-24,1.5595e-21,1.5595e-21,1.5617e-21,1.5614e-21,8.2086e-19,1.4516e-15,3.7549e-18
395.91,1.1691e-24,1.586e-21,1.586e-21,1.5882e-21,1.588e-21,8.3033e-19,1.4642e-15,3.7606e-18
401.42,1.1637e-24,1.613e-21,1.613e-21,1.6153e-21,1.615e-21,8.3985e-19,1.4764e-15,3.7664e-18
407.01,1.1584e-24,1.6405e-21,1.6405e-21,1.6428e-21,1.6425e-21,8.4941e-19,1.4883e-15,3.7723e-18
412.68,1.1532e-24,1.6684e-21,1.6684e-21,1.6708e-21,1.6705e-21,8.59e-19,1.4997e-15,3.7783e-18
418.43,1.1482e-24,1.6968e-21,1.6968e-21,1.6992e-21,1.6989e-21,8.6861e-19,1.5107e-15,3.7844e-18
424.26,1.1433e-24,1.7256e-21,1.7256e-21,1.7281e-21,1.7278e-21,8.7824e-19,1.5214e-15,3.7906e-18
430.16,1.1386e-24,1.755e-21,1.7549e-21,1.7575e-21,1.7572e-21,8.8788e-19,1.5316e-15,3.7968e-18
436.15,1.1341e-24,1.7847e-21,1.7847e-21,1.7873e-21,1.787e-21,8.9752e-19,1.5414e-15,3.803e-18
442.23,1.1299e-24,1.8149e-21,1.8149e-21,1.8176e-21,1.8173e-21,9.0716e-19,1.5508e-15,3.8093e-18
448.39,1.126e-24,1.8456e-21,1.8456e-21,1.8483e-21,1.848e-21,9.1679e-19,1.5597e-15,3.8155e-18
454.63,1.1225e-24,1.8767e-21,1.8767e-21,1.8795e-21,1.8792e-21,9.2641e-19,1.5683e-15,3.8217e-18
460.96,1.1196e-24,1.9083e-21,1.9083e-21,1.9112e-21,1.9109e-21,9.36e-19,1.5763e-15,3.8279e-18
467.38,1.1175e-24,1.9403e-21,1.9403e-21,1.9432e-21,1.9429e-21,9.4555e-19,1.584e-15,3.834e-18
473.89,1.1165e-24,1.9727e-21,1.9727e-21,1.9757e-21,1.9754e-21,9.5506e-19,1.5912e-15,3.84e-18
480.49,1.1174e-24,2.0056e-21,2.0055e-21,2.0086e-21,2.0083e-21,9.6451e-19,1.5979e-15,3.8458e-18
487.18,1.1214e-24,2.0387e-21,2.0387e-21,2.0419e-21,2.0416e-21,9.7386e-19,1.6041e-15,3.8513e-18
493.96,1.1311e-24,2.0721e-21,2.0721e-21,2.0754e-21,2.075e-21,9.8306e-19,1.6097e-15,3.8563e-18
500.84,1.1525e-24,2.1055e-21,2.1055e-21,2.1088e-21,2.1085e-21,9.9199e-19,1.6145e-15,3.8604e-18
507.82,1.2024e-24,2.1381e-21,2.1381e-21,2.1415e-21,2.1411e-21,1.0003e-18,1.6179e-15,3.8622e-18
514.89,1.3432e-24,2.1666e-21,2.1666e-21,2.1701e-21,2.1697e-21,1.0064e-18,1.6176e-15,3.856e-18
522.06,1.9796e-24,2.1626e-21,2.1626e-21,2.1661e-21,2.1658e-21,9.9735e-19,1.5928e-15,3.7921e-18
529.33,1.7584e-23,4.8086e-21,4.8086e-21,4.8165e-21,4.8157e-21,2.2015e-18,3.4929e-15,8.3078e-18
536.7,1.7583e-24,2.2522e-21,2.2522e-21,2.2559e-21,2.2556e-21,1.0235e-18,1.6132e-15,3.834e-18
544.17,1.264e-24,2.3171e-21,2.317e-21,2.3209e-21,2.3205e-21,1.0451e-18,1.6362e-15,3.8865e-18
551.75,1.1417e-24,2.3602e-21,2.3602e-21,2.3642e-21,2.3638e-21,1.0565e-18,1.6428e-15,3.9008e-18
559.43,1.0928e-24,2.4005e-21,2.4005e-21,2.4046e-21,2.4042e-21,1.0663e-18,1.6466e-15,3.9093e-18
567.22,1.0673e-24,2.4403e-21,2.4403e-21,2.4445e-21,2.4441e-21,1.0756e-18,1.6493e-15,3.9161e-18
575.12,1.0513e-24,2.4802e-21,2.4802e-21,2.4845e-21,2.4841e-21,1.0846e-18,1.6514e-15,3.9221e-18
583.13,1.04e-24,2.5205e-21,2.5205e-21,2.5249e-21,2.5245e-21,1.0935e-18,1.653e-15,3.9278e-18
591.25,1.0312e-24,2.5612e-21,2.5612e-21,2.5658e-21,2.5653e-21,1.1023e-18,1.6542e-15,3.9332e-18
599.48,1.0238e-24,2.6024e-21,2.6024e-21,2.6071e-21,2.6067e-21,1.1109e-18,1.655e-15,3.9384e-18
607.83,1.0174e-24,2.6441e-21,2.6441e-21,2.6489e-21,2.6485e-21,1.1195e-18,1.6554e-15,3.9434e-18
616.3,1.0116e-24,2.6864e-21,2.6864e-21,2.6913e-21,2.6908e-21,1.1279e-18,1.6554e-15,3.9484e-18
624.88,1.0062e-24,2.7291e-21,2.7291e-21,2.7342e-21,2.7338e-21,1.1363e-18,1.6551e-15,3.9532e-18
633.58,1.0011e-24,2.7725e-21,2.7725e-21,2.7777e-21,2.7772e-21,1.1446e-18,1.6545e-15,3.9579e-18
642.4,9.962e-25,2.8164e-21,2.8163e-21,2.8217e-21,2.8212e-21,1.1527e-18,1.6536e-15,3.9625e-18
651.35,9.9152e-25,2.8608e-21,2.8608e-21,2.8663e-21,2.8658e-21,1.1608e-18,1.6523e-15,3.967e-18
660.42,9.8698e-25,2.9059e-21,2.9058e-21,2.9115e-21,2.911e-21,1.1688e-18,1.6506e-15,3.9714e-18
669.62,9.8256e-25,2.9515e-21,2.9515e-21,2.9573e-21,2.9568e-21,1.1767e-18,1.6487e-15,3.9758e-18
678.94,9.7824e-25,2.9977e-21,2.9977e-21,3.0037e-21,3.0032e-21,1.1845e-18,1.6464e-15,3.98e-18
688.4,9.7401e-25,3.0445e-21,3.0445e-21,3.0507e-21,3.0502e-21,1.1921e-18,1.6438e-15,3.9841e-18
697.98,9.6986e-25,3.0919e-21,3.0919e-21,3.0983e-21,3.0977e-21,1.1997e-18,1.641e-15,3.9882e-18
707.7,9.6577e-25,3.14e-21,3.14e-21,3.1465e-21,3.146e-21,1.2072e-18,1.6378e-15,3.9921e-18
717.56,9.6175e-25,3.1886e-21,3.1886e-21,3.1953e-21,3.1948e-21,1.2146e-18,1.6343e-15,3.996e-18
727.55,9.5779e-25,3.2379e-21,3.2379e-21,3.2448e-21,3.2443e-21,1.2219e-18,1.6305e-15,3.9998e-18
737.68,9.5389e-25,3.2879e-21,3.2879e-21,3.295e-21,3.2944e-21,1.2291e-18,1.6264e-15,4.0035e-18
747.95,9.5004e-25,3.3385e-21,3.3385e-21,3.3458e-21,3.3452e-21,1.2362e-18,1.622e-15,4.0071e-18
758.37,9.4624e-25,3.3897e-21,3.3897e-21,3.3973e-21,3.3967e-21,1.2431e-18,1.6174e-15,4.0106e-18
768.93,9.425e-25,3.4416e-21,3.4416e-21,3.4494e-21,3.4488e-21,1.25e-18,1.6124e-15,4.0141e-18
779.64,9.3882e-25,3.4942e-21,3.4942e-21,3.5022e-21,3.5017e-21,1.2568e-18,1.6072e-15,4.0174e-18
790.49,9.3519e-25,3.5475e-21,3.5475e-21,3.5558e-21,3.5552e-21,1.2635e-18,1.6017e-15,4.0207e-18
801.5,9.3162e-25,3.6015e-21,3.6015e-21,3.61e-21,3.6094e-21,1.27e-18,1.596e-15,4.0239e-18
812.66,9.2813e-25,3.6562e-21,3.6562e-21,3.6649e-21,3.6643e-21,1.2765e-18,1.5899e-15,4.0271e-18
823.98,9.2471e-25,3.7116e-21,3.7116e-21,3.7206e-21,3.72e-21,1.2828e-18,1.5836e-15,4.0301e-18
835.45,9.2138e-25,3.7677e-21,3.7677e-21,3.777e-21,3.7764e-21,1.2891e-18,1.5771e-15,4.0331e-18
847.09,9.1818e-25,3.8245e-21,3.8245e-21,3.8341e-21,3.8335e-21,1.2952e-18,1.5703e-15,4.0361e-18
858.88,9.1513e-25,3.8821e-21,3.8821e-21,3.892e-21,3.8914e-21,1.3013e-18,1.5633e-15,4.0389e-18
870.84,9.1232e-25,3.9405e-21,3.9405e-21,3.9507e-21,3.95e-21,1.3072e-18,1.556e-15,4.0417e-18
882.97,9.0988e-25,3.9996e-21,3.9996e-21,4.0101e-21,4.0094e-21,1.3131e-18,1.5485e-15,4.0444e-18
895.27,9.0808e-25,4.0595e-21,4.0594e-21,4.0703e-21,4.0696e-21,1.3188e-18,1.5407e-15,4.047e-18
907.73,9.0757e-25,4.1201e-21,4.1201e-21,4.1313e-21,4.1306e-21,1.3244e-18,1.5327e-15,4.0495e-18
920.37,9.1009e-25,4.1815e-21,4.1814e-21,4.193e-21,4.1923e-21,1.3299e-18,1.5245e-15,4.052e-18
933.19,9.2216e-25,4.2435e-21,4.2434e-21,4.2554e-21,4.2547e-21,1.3353e-18,1.516e-15,4.0542e-18
946.18,9.8583e-25,4.3053e-21,4.3052e-21,4.3175e-21,4.3168e-21,1.3402e-18,1.5069e-15,4.0553e-18
959.36,3.1743e-24,4.2752e-21,4.2751e-21,4.2876e-21,4.2869e-21,1.3165e-18,1.4659e-15,3.9704e-18
972.72,1.049e-24,4.4326e-21,4.4326e-21,4.4457e-21,4.445e-21,1.3502e-18,1.4887e-15,4.0588e-18
986.27,9.15e-25,4.5009e-21,4.5008e-21,4.5144e-21,4.5137e-21,1.3561e-18,1.4804e-15,4.0634e-18
1000,8.9067e-25,4.5677e-21,4.5677e-21,4.5817e-21,4.581e-21,1.3611e-18,1.4711e-15,4.0659e-18
1013.9,8.8062e-25,4.6353e-21,4.6352e-21,4.6497e-21,4.6489e-21,1.366e-18,1.4616e-15,4.0682e-18
1028,8.7447e-25,4.7036e-21,4.7036e-21,4.7185e-21,4.7177e-21,1.3708e-18,1.4519e-15,4.0703e-18
1042.4,8.698e-25,4.7728e-21,4.7728e-21,4.7882e-21,4.7874e-21,1.3755e-18,1.4421e-15,4.0723e-18
1056.9,8.6582e-25,4.8429e-21,4.8429e-21,4.8588e-21,4.8581e-21,1.3801e-18,1.432e-15,4.0743e-18
1071.6,8.6221e-25,4.9139e-21,4.9139e-21,4.9304e-21,4.9296e-21,1.3846e-18,1.4218e-15,4.0762e-18
1086.5,8.5883e-25,4.9859e-21,4.9859e-21,5.003e-21,5.0021e-21,1.389e-18,1.4115e-15,4.0781e-18
1101.6,8.556e-25,5.0588e-21,5.0588e-21,5.0765e-21,5.0756e-21,1.3933e-18,1.401e-15,4.0799e-18
1117,8.5247e-25,5.1327e-21,5.1327e-21,5.151e-21,5.1501e-21,1.3975e-18,1.3904e-15,4.0817e-18
1132.5,8.4942e-25,5.2076e-21,5.2076e-21,5.2265e-21,5.2256e-21,1.4016e-18,1.3797e-15,4.0835e-18
1148.3,8.4644e-25,5.2835e-21,5.2834e-21,5.303e-21,5.3021e-21,1.4057e-18,1.3688e-15,4.0852e-18
1164.3,8.4351e-25,5.3603e-21,5.3603e-21,5.3805e-21,5.3797e-21,1.4097e-18,1.3579e-15,4.0868e-18
1180.5,8.4062e-25,5.4382e-21,5.4382e-21,5.4591e-21,5.4583e-21,1.4135e-18,1.3468e-15,4.0884e-18
1197,8.3778e-25,5.5172e-21,5.5172e-21,5.5388e-21,5.5379e-21,1.4173e-18,1.3356e-15,4.09e-18
1213.6,8.3497e-25,5.5972e-21,5.5972e-21,5.6196e-21,5.6187e-21,1.4211e-18,1.3244e-15,4.0915e-18
1230.5,8.3221e-25,5.6783e-21,5.6782e-21,5.7014e-21,5.7005e-21,1.4247e-18,1.313e-15,4.093e-18
1247.7,8.2948e-25,5.7604e-21,5.7604e-21,5.7844e-21,5.7835e-21,1.4283e-18,1.3016e-15,4.0945e-18
1265,8.2678e-25,5.8436e-21,5.8436e-21,5.8685e-21,5.8676e-21,1.4317e-18,1.2901e-15,4.0959e-18
1282.6,8.2412e-25,5.928e-21,5.928e-21,5.9537e-21,5.9528e-21,1.4352e-18,1.2785e-15,4.0973e-18
1300.5,8.2149e-25,6.0135e-21,6.0135e-21,6.0401e-21,6.0392e-21,1.4385e-18,1.2668e-15,4.0986e-18
1318.6,8.1891e-25,6.1001e-21,6.1001e-21,6.1277e-21,6.1268e-21,1.4418e-18,1.2551e-15,4.0999e-18
1337,8.1636e-25,6.1879e-21,6.1879e-21,6.2165e-21,6.2156e-21,1.4449e-18,1.2434e-15,4.1012e-18
1355.6,8.1386e-25,6.2769e-21,6.2769e-21,6.3065e-21,6.3056e-21,1.4481e-18,1.2316e-15,4.1025e-18
1374.5,8.1142e-25,6.3671e-21,6.367e-21,6.3978e-21,6.3968e-21,1.4511e-18,1.2197e-15,4.1037e-18
1393.6,8.0905e-25,6.4584e-21,6.4584e-21,6.4903e-21,6.4893e-21,1.4541e-18,1.2078e-15,4.1049e-18
1413,8.0679e-25,6.551e-21,6.551e-21,6.584e-21,6.5831e-21,1.457e-18,1.1959e-15,4.106e-18
1432.7,8.0472e-25,6.6449e-21,6.6449e-21,6.6791e-21,6.6781e-21,1.4598e-18,1.1839e-15,4.1072e-18
1452.7,8.0304e-25,6.74e-21,6.74e-21,6.7755e-21,6.7745e-21,1.4626e-18,1.1719e-15,4.1083e-18
1472.9,8.0238e-25,6.8364e-21,6.8363e-21,6.8731e-21,6.8721e-21,1.4653e-18,1.1599e-15,4.1093e-18
1493.4,8.0578e-25,6.934e-21,6.934e-21,6.9721e-21,6.9711e-21,1.468e-18,1.1478e-15,4.1104e-18
1514.2,8.5451e-25,7.0325e-21,7.0324e-21,7.072e-21,7.071e-21,1.4705e-18,1.1357e-15,4.1111e-18
1535.3,9.7448e-25,7.1314e-21,7.1314e-21,7.1724e-21,7.1714e-21,1.4727e-18,1.1234e-15,4.1113e-18
1556.7,8.0178e-25,7.235e-21,7.235e-21,7.2776e-21,7.2765e-21,1.4756e-18,1.1116e-15,4.1134e-18
1578.3,7.9083e-25,7.3382e-21,7.3381e-21,7.3823e-21,7.3813e-21,1.478e-18,1.0995e-15,4.1144e-18
1600.3,7.8642e-25,7.4426e-21,7.4426e-21,7.4885e-21,7.4874e-21,1.4804e-18,1.0874e-15,4.1153e-18
1622.6,7.8334e-25,7.5485e-21,7.5485e-21,7.5961e-21,7.595e-21,1.4827e-18,1.0753e-15,4.1162e-18
1645.2,7.8071e-25,7.6558e-21,7.6558e-21,7.7052e-21,7.7041e-21,1.4849e-18,1.0632e-15,4.1171e-18
1668.1,7.7829e-25,7.7646e-21,7.7645e-21,7.8158e-21,7.8147e-21,1.4871e-18,1.0511e-15,4.118e-18
1691.3,7.7597e-25,7.8748e-21,7.8747e-21,7.9279e-21,7.9268e-21,1.4893e-18,1.039e-15,4.1189e-18
1714.9,7.7372e-25,7.9865e-21,7.9864e-21,8.0417e-21,8.0406e-21,1.4914e-18,1.0268e-15,4.1197e-18
1738.8,7.7153e-25,8.0997e-21,8.0996e-21,8.157e-21,8.1559e-21,1.4934e-18,1.0147e-15,4.1205e-18
1763,7.6937e-25,8.2144e-21,8.2144e-21,8.2739e-21,8.2728e-21,1.4954e-18,1.0025e-15,4.1213e-18
1787.5,7.6725e-25,8.3307e-21,8.3307e-21,8.3925e-21,8.3914e-21,1.4974e-18,9.9035e-16,4.1221e-18
1812.4,7.6516e-25,8.4485e-21,8.4485e-21,8.5127e-21,8.5116e-21,1.4993e-18,9.7816e-16,4.1228e-18
1837.7,7.6309e-25,8.568e-21,8.568e-21,8.6347e-21,8.6335e-21,1.5011e-18,9.6596e-16,4.1236e-18
1863.2,7.6106e-25,8.6891e-21,8.689e-21,8.7583e-21,8.7572e-21,1.5029e-18,9.5373e-16,4.1243e-18
1889.2,7.5905e-25,8.8118e-21,8.8117e-21,8.8837e-21,8.8826e-21,1.5047e-18,9.4147e-16,4.125e-18
1915.5,7.5706e-25,8.9361e-21,8.9361e-21,9.0109e-21,9.0097e-21,1.5064e-18,9.2918e-16,4.1257e-18
1942.2,7.551e-25,9.0622e-21,9.0622e-21,9.1398e-21,9.1387e-21,1.5081e-18,9.1684e-16,4.1264e-18
1969.2,7.5317e-25,9.1899e-21,9.1899e-21,9.2706e-21,9.2695e-21,1.5097e-18,9.0445e-16,4.1271e-18
1996.6,7.5126e-25,9.3194e-21,9.3194e-21,9.4033e-21,9.4021e-21,1.5113e-18,8.9199e-16,4.1278e-18
2024.4,7.4939e-25,9.4507e-21,9.4506e-21,9.5378e-21,9.5367e-21,1.5129e-18,8.7946e-16,4.1284e-18
2052.6,7.4755e-25,9.5837e-21,9.5836e-21,9.6742e-21,9.6731e-21,1.5144e-18,8.6684e-16,4.129e-18
2081.2,7.4577e-25,9.7185e-21,9.7184e-21,9.8126e-21,9.8115e-21,1.5159e-18,8.5411e-16,4.1297e-18
2110.2,7.4407e-25,9.8551e-21,9.8551e-21,9.9529e-21,9.9518e-21,1.5174e-18,8.4126e-16,4.1303e-18
2139.6,7.4256e-25,9.9936e-21,9.9936e-21,1.0095e-20,1.0094e-20,1.5188e-18,8.2827e-16,4.1309e-18
2169.4,7.4163e-25,1.0134e-20,1.0134e-20,1.024e-20,1.0239e-20,1.5201e-18,8.1511e-16,4.1315e-18
2199.6,7.4442e-25,1.0276e-20,1.0276e-20,1.0386e-20,1.0385e-20,1.5215e-18,8.0176e-16,4.132e-18
2230.2,1.4022e-24,1.0414e-20,1.0414e-20,1.0528e-20,1.0527e-20,1.5219e-18,7.8774e-16,4.1302e-18
2261.3,7.4083e-25,1.0566e-20,1.0566e-20,1.0685e-20,1.0684e-20,1.5241e-18,7.744e-16,4.1332e-18
2292.8,7.3443e-25,1.0715e-20,1.0715e-20,1.0838e-20,1.0837e-20,1.5253e-18,7.6032e-16,4.1337e-18
2324.7,7.319e-25,1.0865e-20,1.0865e-20,1.0993e-20,1.0992e-20,1.5265e-18,7.4594e-16,4.1343e-18
2357.1,7.2994e-25,1.1017e-20,1.1017e-20,1.1151e-20,1.115e-20,1.5277e-18,7.3122e-16,4.1348e-18
2389.9,7.2815e-25,1.1171e-20,1.1171e-20,1.131e-20,1.1309e-20,1.5289e-18,7.1613e-16,4.1354e-18
2423.2,7.2643e-25,1.1327e-20,1.1327e-20,1.1472e-20,1.1471e-20,1.53e-18,7.0064e-16,4.1359e-18
2456.9,7.2476e-25,1.1486e-20,1.1486e-20,1.1636e-20,1.1635e-20,1.5311e-18,6.8474e-16,4.1364e-18
2491.1,7.2313e-25,1.1646e-20,1.1646e-20,1.1803e-20,1.1802e-20,1.5322e-18,6.6841e-16,4.1369e-18
2525.8,7.2152e-25,1.1809e-20,1.1809e-20,1.1972e-20,1.1971e-20,1.5332e-18,6.5168e-16,4.1374e-18
2561,7.1994e-25,1.1974e-20,1.1974e-20,1.2143e-20,1.2142e-20,1.5342e-18,6.3456e-16,4.1379e-18
2596.7,7.1837e-25,1.2141e-20,1.2141e-20,1.2317e-20,1.2316e-20,1.5352e-18,6.1714e-16,4.1384e-18
2632.8,7.1683e-25,1.231e-20,1.231e-20,1.2494e-20,1.2493e-20,1.5362e-18,5.9955e-16,4.1389e-18
2669.5,7.1531e-25,1.2482e-20,1.2482e-20,1.2673e-20,1.2672e-20,1.5371e-18,5.8195e-16,4.1394e-18
2706.7,7.1381e-25,1.2656e-20,1.2656e-20,1.2855e-20,1.2854e-20,1.538e-18,5.6461e-16,4.1399e-18
2744.3,7.1233e-25,1.2832e-20,1.2832e-20,1.3039e-20,1.3038e-20,1.5388e-18,5.4785e-16,4.1404e-18
2782.6,7.1086e-25,1.3011e-20,1.3011e-20,1.3226e-20,1.3225e-20,1.5396e-18,5.3208e-16,4.1408e-18
2821.3,7.0942e-25,1.3192e-20,1.3192e-20,1.3416e-20,1.3415e-20,1.5404e-18,5.1773e-16,4.1413e-18
2860.6,7.0801e-25,1.3376e-20,1.3376e-20,1.3609e-20,1.3608e-20,1.5411e-18,5.0526e-16,4.1418e-18
2900.4,7.0663e-25,1.3562e-20,1.3561e-20,1.3804e-20,1.3804e-20,1.5419e-18,4.9506e-16,4.1422e-18
2940.8,7.0531e-25,1.375e-20,1.375e-20,1.4003e-20,1.4002e-20,1.5425e-18,4.8739e-16,4.1427e-18
2981.8,7.0415e-25,1.3941e-20,1.3941e-20,1.4204e-20,1.4203e-20,1.5432e-18,4.8237e-16,4.1432e-18
3023.3,7.0381e-25,1.4135e-20,1.4135e-20,1.4408e-20,1.4408e-20,1.5439e-18,4.7987e-16,4.1436e-18
3065.4,8.8884e-25,1.433e-20,1.433e-20,1.4615e-20,1.4614e-20,1.5444e-18,4.796e-16,4.1438e-18
3108.1,7.0216e-25,1.453e-20,1.453e-20,1.4826e-20,1.4826e-20,1.5452e-18,4.812e-16,4.1446e-18
3151.4,6.9884e-25,1.4731e-20,1.4731e-20,1.504e-20,1.504e-20,1.5459e-18,4.8409e-16,4.145e-18
3195.2,6.9724e-25,1.4935e-20,1.4935e-20,1.5257e-20,1.5257e-20,1.5465e-18,4.8781e-16,4.1455e-18
3239.7,6.9586e-25,1.5142e-20,1.5142e-20,1.5477e-20,1.5477e-20,1.5472e-18,4.9191e-16,4.146e-18
3284.9,6.9454e-25,1.5352e-20,1.5352e-20,1.5701e-20,1.5701e-20,1.5478e-18,4.9604e-16,4.1464e-18
3330.6,6.9326e-25,1.5564e-20,1.5564e-20,1.5928e-20,1.5927e-20,1.5484e-18,4.9992e-16,4.1469e-18
3377,6.9201e-25,1.5779e-20,1.5779e-20,1.6158e-20,1.6158e-20,1.5491e-18,5.0336e-16,4.1474e-18
3424,6.9077e-25,1.5998e-20,1.5998e-20,1.6392e-20,1.6392e-20,1.5497e-18,5.0626e-16,4.1478e-18
3471.7,6.8956e-25,1.6219e-20,1.6219e-20,1.6629e-20,1.6629e-20,1.5503e-18,5.0857e-16,4.1483e-18
3520,6.8836e-25,1.6443e-20,1.6443e-20,1.687e-20,1.687e-20,1.5509e-18,5.1026e-16,4.1488e-18
3569,6.8717e-25,1.667e-20,1.667e-20,1.7115e-20,1.7115e-20,1.5514e-18,5.1135e-16,4.1493e-18
3618.7,6.8601e-25,1.69e-20,1.69e-20,1.7363e-20,1.7364e-20,1.552e-18,5.1189e-16,4.1498e-18
3669.1,6.8485e-25,1.7133e-20,1.7133e-20,1.7616e-20,1.7616e-20,1.5525e-18,5.1192e-16,4.1502e-18
3720.2,6.8372e-25,1.7369e-20,1.7369e-20,1.7872e-20,1.7873e-20,1.5531e-18,5.1148e-16,4.1507e-18
3772,6.826e-25,1.7608e-20,1.7608e-20,1.8132e-20,1.8133e-20,1.5536e-18,5.1064e-16,4.1512e-18
3824.6,6.815e-25,1.785e-20,1.785e-20,1.8397e-20,1.8398e-20,1.5541e-18,5.0944e-16,4.1517e-18
3877.8,6.8043e-25,1.8096e-20,1.8096e-20,1.8665e-20,1.8666e-20,1.5546e-18,5.0793e-16,4.1523e-18
3931.8,6.7942e-25,1.8345e-20,1.8345e-20,1.8938e-20,1.8939e-20,1.5551e-18,5.0616e-16,4.1528e-18
3986.6,6.787e-25,1.8597e-20,1.8597e-20,1.9215e-20,1.9216e-20,1.5556e-18,5.0417e-16,4.1533e-18
4042.1,7.1555e-25,1.8852e-20,1.8852e-20,1.9496e-20,1.9497e-20,1.556e-18,5.02e-16,4.1538e-18
4098.4,6.7702e-25,1.9111e-20,1.9111e-20,1.9782e-20,1.9784e-20,1.5565e-18,4.9968e-16,4.1544e-18
4155.5,6.7525e-25,1.9373e-20,1.9373e-20,2.0072e-20,2.0074e-20,1.5569e-18,4.9725e-16,4.1549e-18
4213.3,6.7413e-25,1.9639e-20,1.9639e-20,2.0367e-20,2.0369e-20,1.5574e-18,4.9472e-16,4.1555e-18
4272,6.7309e-25,1.9908e-20,1.9908e-20,2.0667e-20,2.0669e-20,1.5578e-18,4.9214e-16,4.156e-18
4331.5,6.7209e-25,2.018e-20,2.018e-20,2.0971e-20,2.0974e-20,1.5582e-18,4.8952e-16,4.1566e-18
4391.8,6.711e-25,2.0456e-20,2.0456e-20,2.1281e-20,2.1284e-20,1.5586e-18,4.8689e-16,4.1572e-18
4453,6.7013e-25,2.0736e-20,2.0736e-20,2.1595e-20,2.1598e-20,1.559e-18,4.8428e-16,4.1578e-18
4515,6.6918e-25,2.1019e-20,2.1019e-20,2.1915e-20,2.1918e-20,1.5594e-18,4.8173e-16,4.1584e-18
4577.8,6.6824e-25,2.1306e-20,2.1306e-20,2.224e-20,2.2243e-20,1.5598e-18,4.7925e-16,4.159e-18
4641.6,6.6731e-25,2.1596e-20,2.1596e-20,2.257e-20,2.2574e-20,1.5601e-18,4.7674e-16,4.1596e-18
4706.2,6.6639e-25,2.1891e-20,2.1891e-20,2.2906e-20,2.291e-20,1.5605e-18,4.7424e-16,4.1602e-18
4771.8,6.6549e-25,2.2189e-20,2.2189e-20,2.3247e-20,2.3251e-20,1.5609e-18,4.7185e-16,4.1609e-18
4838.2,6.646e-25,2.2491e-20,2.2491e-20,2.3594e-20,2.3598e-20,1.5612e-18,4.6958e-16,4.1615e-18
4905.6,6.6373e-25,2.2797e-20,2.2797e-20,2.3947e-20,2.3951e-20,1.5615e-18,4.6743e-16,4.1622e-18
4973.9,6.6287e-25,2.3106e-20,2.3106e-20,2.4305e-20,2.431e-20,1.5619e-18,4.6542e-16,4.1629e-18
5043.2,6.6206e-25,2.342e-20,2.342e-20,2.467e-20,2.4675e-20,1.5622e-18,4.6355e-16,4.1635e-18
5113.4,6.6154e-25,2.3738e-20,2.3738e-20,2.5041e-20,2.5047e-20,1.5625e-18,4.6183e-16,4.1643e-18
5184.6,6.7365e-25,2.4059e-20,2.4059e-20,2.5418e-20,2.5424e-20,1.5628e-18,4.6029e-16,4.165e-18
5256.8,6.5964e-25,2.4385e-20,2.4385e-20,2.5802e-20,2.5808e-20,1.5631e-18,4.5893e-16,4.1657e-18
5330,6.5871e-25,2.4715e-20,2.4715e-20,2.6192e-20,2.6199e-20,1.5634e-18,4.5778e-16,4.1665e-18
5404.2,6.5788e-25,2.5049e-20,2.5049e-20,2.6589e-20,2.6597e-20,1.5637e-18,4.5684e-16,4.1672e-18
5479.5,6.5708e-25,2.5387e-20,2.5387e-20,2.6994e-20,2.7001e-20,1.564e-18,4.5613e-16,4.168e-18
5555.8,6.5629e-25,2.5729e-20,2.5729e-20,2.7405e-20,2.7413e-20,1.5643e-18,4.5569e-16,4.1688e-18
5633.1,6.5552e-25,2.6075e-20,2.6076e-20,2.7823e-20,2.7832e-20,1.5645e-18,4.5551e-16,4.1697e-18
5711.6,6.5476e-25,2.6426e-20,2.6426e-20,2.8249e-20,2.8259e-20,1.5648e-18,4.5564e-16,4.1705e-18
5791.1,6.5401e-25,2.6781e-20,2.6782e-20,2.8683e-20,2.8693e-20,1.565e-18,4.5609e-16,4.1714e-18
5871.8,6.5327e-25,2.7141e-20,2.7141e-20,2.9124e-20,2.9135e-20,1.5653e-18,4.569e-16,4.1723e-18
5953.5,6.5254e-25,2.7505e-20,2.7505e-20,2.9574e-20,2.9585e-20,1.5655e-18,4.5807e-16,4.1732e-18
6036.4,6.5182e-25,2.7873e-20,2.7873e-20,3.0031e-20,3.0043e-20,1.5658e-18,4.5966e-16,4.1741e-18
6120.5,6.5112e-25,2.8246e-20,2.8246e-20,3.0498e-20,3.051e-20,1.566e-18,4.6169e-16,4.175e-18
6205.7,6.5042e-25,2.8623e-20,2.8623e-20,3.0972e-20,3.0985e-20,1.5662e-18,4.6421e-16,4.176e-18
6292.1,6.4976e-25,2.9005e-20,2.9005e-20,3.1456e-20,3.147e-20,1.5664e-18,4.6724e-16,4.177e-18
6379.8,6.4941e-25,2.9392e-20,2.9392e-20,3.1949e-20,3.1963e-20,1.5666e-18,4.7082e-16,4.178e-18
6468.6,6.4892e-25,2.9783e-20,2.9783e-20,3.2451e-20,3.2466e-20,1.5668e-18,4.75e-16,4.1791e-18
6558.7,6.4775e-25,3.0178e-20,3.0178e-20,3.2963e-20,3.2978e-20,1.567e-18,4.7981e-16,4.1801e-18
6650,6.4706e-25,3.0579e-20,3.0579e-20,3.3484e-20,3.3501e-20,1.5672e-18,4.8527e-16,4.1812e-18
6742.6,6.4641e-25,3.0984e-20,3.0984e-20,3.4016e-20,3.4033e-20,1.5674e-18,4.9141e-16,4.1824e-18
6836.5,6.4577e-25,3.1393e-20,3.1393e-20,3.4558e-20,3.4576e-20,1.5675e-18,4.9821e-16,4.1835e-18
6931.7,6.4515e-25,3.1808e-20,3.1808e-20,3.5111e-20,3.513e-20,1.5676e-18,5.0563e-16,4.1847e-18
7028.2,6.4453e-25,3.2227e-20,3.2227e-20,3.5675e-20,3.5695e-20,1.5678e-18,5.1353e-16,4.1859e-18
7126.1,6.4392e-25,3.2651e-20,3.2651e-20,3.625e-20,3.6271e-20,1.5679e-18,5.2167e-16,4.1871e-18
7225.3,6.4332e-25,3.308e-20,3.308e-20,3.6837e-20,3.6859e-20,1.5679e-18,5.2962e-16,4.1884e-18
7326,6.4273e-25,3.3514e-20,3.3514e-20,3.7436e-20,3.7459e-20,1.568e-18,5.3684e-16,4.1897e-18
7428,6.4215e-25,3.3953e-20,3.3953e-20,3.8047e-20,3.8072e-20,1.568e-18,5.4329e-16,4.1912e-18
7531.4,6.4157e-25,3.4396e-20,3.4396e-20,3.8672e-20,3.8697e-20,1.5681e-18,5.4843e-16,4.1927e-18
7636.3,6.4102e-25,3.4845e-20,3.4845e-20,3.9309e-20,3.9336e-20,1.5681e-18,5.5023e-16,4.1941e-18
7742.6,6.4053e-25,3.5298e-20,3.5298e-20,3.996e-20,3.9988e-20,1.568e-18,5.4529e-16,4.1955e-18
7850.5,6.4142e-25,3.5756e-20,3.5756e-20,4.0625e-20,4.0654e-20,1.5679e-18,5.3219e-16,4.197e-18
7959.8,6.3938e-25,3.622e-20,3.6219e-20,4.1304e-20,4.1335e-20,1.5678e-18,5.1109e-16,4.1985e-18
8070.6,6.3882e-25,3.6688e-20,3.6687e-20,4.1999e-20,4.2031e-20,1.5676e-18,4.828e-16,4.2e-18
8183,6.3829e-25,3.7161e-20,3.7161e-20,4.2709e-20,4.2742e-20,1.5673e-18,4.4887e-16,4.2016e-18
8297,6.3776e-25,3.7639e-20,3.7639e-20,4.3435e-20,4.3469e-20,1.567e-18,4.1142e-16,4.2033e-18
8412.5,6.3725e-25,3.8122e-20,3.8122e-20,4.4177e-20,4.4213e-20,1.5666e-18,3.7272e-16,4.205e-18
8529.6,6.3675e-25,3.8611e-20,3.861e-20,4.4937e-20,4.4975e-20,1.5662e-18,3.3472e-16,4.2067e-18
8648.4,6.3625e-25,3.9104e-20,3.9102e-20,4.5714e-20,4.5754e-20,1.5656e-18,2.9885e-16,4.2085e-18
8768.9,6.3576e-25,3.9602e-20,3.96e-20,4.651e-20,4.6551e-20,1.565e-18,2.6597e-16,4.2104e-18
8891,6.3527e-25,4.0105e-20,4.0103e-20,4.7324e-20,4.7368e-20,1.5642e-18,2.3647e-16,4.2123e-18
9014.8,6.348e-25,4.0613e-20,4.0611e-20,4.8159e-20,4.8204e-20,1.5634e-18,2.1041e-16,4.2143e-18
9140.3,6.3433e-25,4.1126e-20,4.1123e-20,4.9013e-20,4.9061e-20,1.5625e-18,1.8765e-16,4.2163e-18
9267.6,6.3391e-25,4.1643e-20,4.1641e-20,4.9889e-20,4.994e-20,1.5615e-18,1.6797e-16,4.2184e-18
9396.6,6.3379e-25,4.2166e-20,4.2163e-20,5.0787e-20,5.0841e-20,1.5605e-18,1.5107e-16,4.2205e-18
9527.5,6.3297e-25,4.2693e-20,4.269e-20,5.1707e-20,5.1766e-20,1.5595e-18,1.3668e-16,4.2227e-18
9660.2,6.3251e-25,4.3226e-20,4.3222e-20,5.2651e-20,5.2714e-20,1.5586e-18,1.245e-16,4.2249e-18
9794.7,6.3208e-25,4.3763e-20,4.3759e-20,5.362e-20,5.3688e-20,1.5577e-18,1.1427e-16,4.2272e-18
9931.1,6.3164e-25,4.4304e-20,4.43e-20,5.4614e-20,5.4689e-20,1.5571e-18,1.0576e-16,4.2295e-18
10069,NaN,NaN,NaN,NaN,NaN,NaN,NaN,NaN
10210,NaN,NaN,NaN,NaN,NaN,NaN,NaN,NaN
10352,NaN,NaN,NaN,NaN,NaN,NaN,NaN,NaN
10496,NaN,NaN,NaN,NaN,NaN,NaN,NaN,NaN
10642,NaN,NaN,NaN,NaN,NaN,NaN,NaN,NaN
10790,NaN,NaN,NaN,NaN,NaN,NaN,NaN,NaN
10941,NaN,NaN,NaN,NaN,NaN,NaN,NaN,NaN
11093,NaN,NaN,NaN,NaN,NaN,NaN,NaN,NaN
11247,NaN,NaN,NaN,NaN,NaN,NaN,NaN,NaN
11404,NaN,NaN,NaN,NaN,NaN,NaN,NaN,NaN
11563,NaN,NaN,NaN,NaN,NaN,NaN,NaN,NaN
11724,NaN,NaN,NaN,NaN,NaN,NaN,NaN,NaN
11887,NaN,NaN,NaN,NaN,NaN,NaN,NaN,NaN
12053,NaN,NaN,NaN,NaN,NaN,NaN,NaN,NaN
12220,NaN,NaN,NaN,NaN,NaN,NaN,NaN,NaN
12391,NaN,NaN,NaN,NaN,NaN,NaN,NaN,NaN
12563,NaN,NaN,NaN,NaN,NaN,NaN,NaN,NaN
12738,NaN,NaN,NaN,NaN,NaN,NaN,NaN,NaN
12915,NaN,NaN,NaN,NaN,NaN,NaN,NaN,NaN
13095,NaN,NaN,NaN,NaN,NaN,NaN,NaN,NaN
13278,NaN,NaN,NaN,NaN,NaN,NaN,NaN,NaN
13463,NaN,NaN,NaN,NaN,NaN,NaN,NaN,NaN
13650,NaN,NaN,NaN,NaN,NaN,NaN,NaN,NaN
13840,NaN,NaN,NaN,NaN,NaN,NaN,NaN,NaN
14033,NaN,NaN,NaN,NaN,NaN,NaN,NaN,NaN
14228,NaN,NaN,NaN,NaN,NaN,NaN,NaN,NaN
14426,NaN,NaN,NaN,NaN,NaN,NaN,NaN,NaN
14627,NaN,NaN,NaN,NaN,NaN,NaN,NaN,NaN
14831,NaN,NaN,NaN,NaN,NaN,NaN,NaN,NaN
15038,NaN,NaN,NaN,NaN,NaN,NaN,NaN,NaN
15247,NaN,NaN,NaN,NaN,NaN,NaN,NaN,NaN
15459,NaN,NaN,NaN,NaN,NaN,NaN,NaN,NaN
15675,NaN,NaN,NaN,NaN,NaN,NaN,NaN,NaN
15893,NaN,NaN,NaN,NaN,NaN,NaN,NaN,NaN
16114,NaN,NaN,NaN,NaN,NaN,NaN,NaN,NaN
16339,NaN,NaN,NaN,NaN,NaN,NaN,NaN,NaN
16566,NaN,NaN,NaN,NaN,NaN,NaN,NaN,NaN
16797,NaN,NaN,NaN,NaN,NaN,NaN,NaN,NaN
17031,NaN,NaN,NaN,NaN,NaN,NaN,NaN,NaN
17268,NaN,NaN,NaN,NaN,NaN,NaN,NaN,NaN
17508,NaN,NaN,NaN,NaN,NaN,NaN,NaN,NaN
17752,NaN,NaN,NaN,NaN,NaN,NaN,NaN,NaN
17999,NaN,NaN,NaN,NaN,NaN,NaN,NaN,NaN
18250,NaN,NaN,NaN,NaN,NaN,NaN,NaN,NaN
18504,NaN,NaN,NaN,NaN,NaN,NaN,NaN,NaN
18762,NaN,NaN,NaN,NaN,NaN,NaN,NaN,NaN
19023,NaN,NaN,NaN,NaN,NaN,NaN,NaN,NaN
19288,NaN,NaN,NaN,NaN,NaN,NaN,NaN,NaN
19557,NaN,NaN,NaN,NaN,NaN,NaN,NaN,NaN
19829,NaN,NaN,NaN,NaN,NaN,NaN,NaN,NaN
20105,NaN,NaN,NaN,NaN,NaN,NaN,NaN,NaN
20385,NaN,NaN,NaN,NaN,NaN,NaN,NaN,NaN
20669,NaN,NaN,NaN,NaN,NaN,NaN,NaN,NaN
20957,NaN,NaN,NaN,NaN,NaN,NaN,NaN,NaN
21248,NaN,NaN,NaN,NaN,NaN,NaN,NaN,NaN
21544,NaN,NaN,NaN,NaN,NaN,NaN,NaN,NaN
21844,NaN,NaN,NaN,NaN,NaN,NaN,NaN,NaN
22149,NaN,NaN,NaN,NaN,NaN,NaN,NaN,NaN
22457,NaN,NaN,NaN,NaN,NaN,NaN,NaN,NaN
22770,NaN,NaN,NaN,NaN,NaN,NaN,NaN,NaN
23087,NaN,NaN,NaN,NaN,NaN,NaN,NaN,NaN
23408,NaN,NaN,NaN,NaN,NaN,NaN,NaN,NaN
23734,NaN,NaN,NaN,NaN,NaN,NaN,NaN,NaN
24065,NaN,NaN,NaN,NaN,NaN,NaN,NaN,NaN
24400,NaN,NaN,NaN,NaN,NaN,NaN,NaN,NaN
24740,NaN,NaN,NaN,NaN,NaN,NaN,NaN,NaN
25084,NaN,NaN,NaN,NaN,NaN,NaN,NaN,NaN
25433,NaN,NaN,NaN,NaN,NaN,NaN,NaN,NaN
25788,NaN,NaN,NaN,NaN,NaN,NaN,NaN,NaN
26147,NaN,NaN,NaN,NaN,NaN,NaN,NaN,NaN
26511,NaN,NaN,NaN,NaN,NaN,NaN,NaN,NaN
26880,NaN,NaN,NaN,NaN,NaN,NaN,NaN,NaN
27254,NaN,NaN,NaN,NaN,NaN,NaN,NaN,NaN
27634,NaN,NaN,NaN,NaN,NaN,NaN,NaN,NaN
28019,NaN,NaN,NaN,NaN,NaN,NaN,NaN,NaN
28409,NaN,NaN,NaN,NaN,NaN,NaN,NaN,NaN
28804,NaN,NaN,NaN,NaN,NaN,NaN,NaN,NaN
29206,NaN,NaN,NaN,NaN,NaN,NaN,NaN,NaN
29612,NaN,NaN,NaN,NaN,NaN,NaN,NaN,NaN
30025,NaN,NaN,NaN,NaN,NaN,NaN,NaN,NaN
30443,NaN,NaN,NaN,NaN,NaN,NaN,NaN,NaN
30867,NaN,NaN,NaN,NaN,NaN,NaN,NaN,NaN
31296,NaN,NaN,NaN,NaN,NaN,NaN,NaN,NaN
31732,NaN,NaN,NaN,NaN,NaN,NaN,NaN,NaN
32174,NaN,NaN,NaN,NaN,NaN,NaN,NaN,NaN
32622,NaN,NaN,NaN,NaN,NaN,NaN,NaN,NaN
33076,NaN,NaN,NaN,NaN,NaN,NaN,NaN,NaN
33537,NaN,NaN,NaN,NaN,NaN,NaN,NaN,NaN
34004,NaN,NaN,NaN,NaN,NaN,NaN,NaN,NaN
34478,NaN,NaN,NaN,NaN,NaN,NaN,NaN,NaN
34958,NaN,NaN,NaN,NaN,NaN,NaN,NaN,NaN
35445,NaN,NaN,NaN,NaN,NaN,NaN,NaN,NaN
35938,NaN,NaN,NaN,NaN,NaN,NaN,NaN,NaN
36439,NaN,NaN,NaN,NaN,NaN,NaN,NaN,NaN
36946,NaN,NaN,NaN,NaN,NaN,NaN,NaN,NaN
37461,NaN,NaN,NaN,NaN,NaN,NaN,NaN,NaN
37982,NaN,NaN,NaN,NaN,NaN,NaN,NaN,NaN
38511,NaN,NaN,NaN,NaN,NaN,NaN,NaN,NaN
39047,NaN,NaN,NaN,NaN,NaN,NaN,NaN,NaN
39591,NaN,NaN,NaN,NaN,NaN,NaN,NaN,NaN
40142,NaN,NaN,NaN,NaN,NaN,NaN,NaN,NaN
40701,NaN,NaN,NaN,NaN,NaN,NaN,NaN,NaN
41268,NaN,NaN,NaN,NaN,NaN,NaN,NaN,NaN
41843,NaN,NaN,NaN,NaN,NaN,NaN,NaN,NaN
42426,NaN,NaN,NaN,NaN,NaN,NaN,NaN,NaN
43016,NaN,NaN,NaN,NaN,NaN,NaN,NaN,NaN
43615,NaN,NaN,NaN,NaN,NaN,NaN,NaN,NaN
44223,NaN,NaN,NaN,NaN,NaN,NaN,NaN,NaN
44839,NaN,NaN,NaN,NaN,NaN,NaN,NaN,NaN
45463,NaN,NaN,NaN,NaN,NaN,NaN,NaN,NaN
46096,NaN,NaN,NaN,NaN,NaN,NaN,NaN,NaN
46738,NaN,NaN,NaN,NaN,NaN,NaN,NaN,NaN
47389,NaN,NaN,NaN,NaN,NaN,NaN,NaN,NaN
48049,NaN,NaN,NaN,NaN,NaN,NaN,NaN,NaN
48718,NaN,NaN,NaN,NaN,NaN,NaN,NaN,NaN
49396,NaN,NaN,NaN,NaN,NaN,NaN,NaN,NaN
50084,NaN,NaN,NaN,NaN,NaN,NaN,NaN,NaN
50782,NaN,NaN,NaN,NaN,NaN,NaN,NaN,NaN
51489,NaN,NaN,NaN,NaN,NaN,NaN,NaN,NaN
52206,NaN,NaN,NaN,NaN,NaN,NaN,NaN,NaN
52933,NaN,NaN,NaN,NaN,NaN,NaN,NaN,NaN
53670,NaN,NaN,NaN,NaN,NaN,NaN,NaN,NaN
54417,NaN,NaN,NaN,NaN,NaN,NaN,NaN,NaN
55175,NaN,NaN,NaN,NaN,NaN,NaN,NaN,NaN
55943,NaN,NaN,NaN,NaN,NaN,NaN,NaN,NaN
56722,NaN,NaN,NaN,NaN,NaN,NaN,NaN,NaN
57512,NaN,NaN,NaN,NaN,NaN,NaN,NaN,NaN
58313,NaN,NaN,NaN,NaN,NaN,NaN,NaN,NaN
59125,NaN,NaN,NaN,NaN,NaN,NaN,NaN,NaN
59948,NaN,NaN,NaN,NaN,NaN,NaN,NaN,NaN
60783,NaN,NaN,NaN,NaN,NaN,NaN,NaN,NaN
61630,NaN,NaN,NaN,NaN,NaN,NaN,NaN,NaN
62488,NaN,NaN,NaN,NaN,NaN,NaN,NaN,NaN
63358,NaN,NaN,NaN,NaN,NaN,NaN,NaN,NaN
64240,NaN,NaN,NaN,NaN,NaN,NaN,NaN,NaN
65135,NaN,NaN,NaN,NaN,NaN,NaN,NaN,NaN
66042,NaN,NaN,NaN,NaN,NaN,NaN,NaN,NaN
66962,NaN,NaN,NaN,NaN,NaN,NaN,NaN,NaN
67894,NaN,NaN,NaN,NaN,NaN,NaN,NaN,NaN
68840,NaN,NaN,NaN,NaN,NaN,NaN,NaN,NaN
69798,NaN,NaN,NaN,NaN,NaN,NaN,NaN,NaN
70770,NaN,NaN,NaN,NaN,NaN,NaN,NaN,NaN
71756,NaN,NaN,NaN,NaN,NaN,NaN,NaN,NaN
72755,NaN,NaN,NaN,NaN,NaN,NaN,NaN,NaN
73768,NaN,NaN,NaN,NaN,NaN,NaN,NaN,NaN
74795,NaN,NaN,NaN,NaN,NaN,NaN,NaN,NaN
75837,NaN,NaN,NaN,NaN,NaN,NaN,NaN,NaN
76893,NaN,NaN,NaN,NaN,NaN,NaN,NaN,NaN
77964,NaN,NaN,NaN,NaN,NaN,NaN,NaN,NaN
79049,NaN,NaN,NaN,NaN,NaN,NaN,NaN,NaN
80150,NaN,NaN,NaN,NaN,NaN,NaN,NaN,NaN
81266,NaN,NaN,NaN,NaN,NaN,NaN,NaN,NaN
82398,NaN,NaN,NaN,NaN,NaN,NaN,NaN,NaN
83545,NaN,NaN,NaN,NaN,NaN,NaN,NaN,NaN
84709,NaN,NaN,NaN,NaN,NaN,NaN,NaN,NaN
85888,NaN,NaN,NaN,NaN,NaN,NaN,NaN,NaN
87084,NaN,NaN,NaN,NaN,NaN,NaN,NaN,NaN
88297,NaN,NaN,NaN,NaN,NaN,NaN,NaN,NaN
89527,NaN,NaN,NaN,NaN,NaN,NaN,NaN,NaN
90773,NaN,NaN,NaN,NaN,NaN,NaN,NaN,NaN
92037,NaN,NaN,NaN,NaN,NaN,NaN,NaN,NaN
93319,NaN,NaN,NaN,NaN,NaN,NaN,NaN,NaN
94618,NaN,NaN,NaN,NaN,NaN,NaN,NaN,NaN
95936,NaN,NaN,NaN,NaN,NaN,NaN,NaN,NaN
97272,NaN,NaN,NaN,NaN,NaN,NaN,NaN,NaN
98627,NaN,NaN,NaN,NaN,NaN,NaN,NaN,NaN
1e+05,NaN,NaN,NaN,NaN,NaN,NaN,NaN,NaN
