#Displacement noise coupling G: Multiply G with the displacement noise spectrum of each mirror in m/sqrt(Hz) to get the strain equivalent DARM noise.
#freq,ETMX,ETMY,ITMX,ITMY,BS,PRM,SRM
0.1,0.00034018,0.00032648,0.00064828,1.7121e-05,0.00035071,6.0113e-05,0.00055735
0.10139,0.00034019,0.00032648,0.00064845,1.6956e-05,0.00035085,6.0172e-05,0.00055762
0.1028,0.00034019,0.00032648,0.00064862,1.6783e-05,0.00035101,6.0233e-05,0.0005579
0.10424,0.0003402,0.00032647,0.0006488,1.6602e-05,0.00035117,6.0296e-05,0.00055818
0.10569,0.0003402,0.00032647,0.00064898,1.6422e-05,0.00035133,6.0361e-05,0.00055848
0.10716,0.0003402,0.00032647,0.00064917,1.6234e-05,0.0003515,6.0428e-05,0.00055878
0.10865,0.0003402,0.00032646,0.00064937,1.6038e-05,0.00035167,6.0496e-05,0.00055909
0.11016,0.00034021,0.00032646,0.00064957,1.5838e-05,0.00035185,6.0567e-05,0.00055941
0.1117,0.00034021,0.00032645,0.00064978,1.5631e-05,0.00035203,6.064e-05,0.00055974
0.11325,0.00034022,0.00032645,0.00064999,1.542e-05,0.00035222,6.0715e-05,0.00056008
0.11483,0.00034022,0.00032644,0.00065021,1.5202e-05,0.00035241,6.0792e-05,0.00056043
0.11643,0.00034023,0.00032644,0.00065043,1.4978e-05,0.00035261,6.0872e-05,0.00056079
0.11805,0.00034023,0.00032643,0.00065066,1.4747e-05,0.00035281,6.0954e-05,0.00056117
0.1197,0.00034024,0.00032643,0.0006509,1.4507e-05,0.00035302,6.1039e-05,0.00056155
0.12136,0.00034025,0.00032642,0.00065115,1.426e-05,0.00035324,6.1126e-05,0.00056194
0.12305,0.00034025,0.00032642,0.0006514,1.4008e-05,0.00035346,6.1216e-05,0.00056234
0.12477,0.00034026,0.00032641,0.00065166,1.3748e-05,0.00035369,6.1308e-05,0.00056276
0.1265,0.00034026,0.0003264,0.00065193,1.3479e-05,0.00035393,6.1403e-05,0.00056319
0.12826,0.00034027,0.0003264,0.00065221,1.3206e-05,0.00035417,6.1502e-05,0.00056363
0.13005,0.00034027,0.00032639,0.00065249,1.2923e-05,0.00035442,6.1603e-05,0.00056409
0.13186,0.00034028,0.00032639,0.00065278,1.263e-05,0.00035468,6.1707e-05,0.00056456
0.1337,0.00034029,0.00032638,0.00065308,1.2329e-05,0.00035494,6.1815e-05,0.00056504
0.13556,0.00034029,0.00032637,0.0006534,1.2017e-05,0.00035522,6.1926e-05,0.00056554
0.13745,0.0003403,0.00032637,0.00065372,1.1698e-05,0.0003555,6.204e-05,0.00056605
0.13936,0.00034031,0.00032636,0.00065405,1.1369e-05,0.00035579,6.2158e-05,0.00056657
0.1413,0.00034032,0.00032635,0.00065439,1.1028e-05,0.00035609,6.2279e-05,0.00056712
0.14327,0.00034032,0.00032635,0.00065473,1.0683e-05,0.00035639,6.2405e-05,0.00056768
0.14527,0.00034033,0.00032634,0.0006551,1.0321e-05,0.00035671,6.2534e-05,0.00056825
0.14729,0.00034034,0.00032633,0.00065547,9.9502e-06,0.00035704,6.2667e-05,0.00056885
0.14934,0.00034035,0.00032632,0.00065585,9.5678e-06,0.00035737,6.2805e-05,0.00056946
0.15142,0.00034035,0.00032631,0.00065625,9.174e-06,0.00035772,6.2946e-05,0.00057009
0.15353,0.00034036,0.0003263,0.00065665,8.7679e-06,0.00035807,6.3093e-05,0.00057074
0.15567,0.00034037,0.00032629,0.00065707,8.3478e-06,0.00035844,6.3244e-05,0.0005714
0.15783,0.00034038,0.00032628,0.0006575,7.9192e-06,0.00035882,6.34e-05,0.00057209
0.16003,0.00034039,0.00032627,0.00065795,7.4729e-06,0.00035921,6.356e-05,0.0005728
0.16226,0.0003404,0.00032626,0.00065841,7.0158e-06,0.00035961,6.3726e-05,0.00057354
0.16452,0.00034041,0.00032625,0.00065888,6.5444e-06,0.00036002,6.3898e-05,0.00057429
0.16681,0.00034042,0.00032624,0.00065937,6.0583e-06,0.00036044,6.4075e-05,0.00057507
0.16913,0.00034044,0.00032623,0.00065988,5.554e-06,0.00036088,6.4257e-05,0.00057587
0.17149,0.00034044,0.00032622,0.00066039,5.0389e-06,0.00036133,6.4446e-05,0.0005767
0.17388,0.00034046,0.00032621,0.00066093,4.5051e-06,0.0003618,6.4641e-05,0.00057755
0.1763,0.00034047,0.0003262,0.00066148,3.9573e-06,0.00036228,6.4842e-05,0.00057843
0.17875,0.00034048,0.00032618,0.00066205,3.389e-06,0.00036277,6.505e-05,0.00057933
0.18124,0.00034049,0.00032617,0.00066264,2.8069e-06,0.00036328,6.5265e-05,0.00058027
0.18377,0.00034051,0.00032616,0.00066325,2.2095e-06,0.00036381,6.5487e-05,0.00058123
0.18632,0.00034052,0.00032615,0.00066387,1.5951e-06,0.00036435,6.5716e-05,0.00058223
0.18892,0.00034053,0.00032613,0.00066452,9.8141e-07,0.00036491,6.5953e-05,0.00058325
0.19155,0.00034055,0.00032612,0.00066519,4.4653e-07,0.00036549,6.6199e-05,0.00058431
0.19422,0.00034056,0.0003261,0.00066587,5.8506e-07,0.00036608,6.6452e-05,0.00058541
0.19692,0.00034058,0.00032609,0.00066658,1.2162e-06,0.00036669,6.6715e-05,0.00058653
0.19966,0.0003406,0.00032607,0.00066732,1.927e-06,0.00036733,6.6986e-05,0.0005877
0.20244,0.00034061,0.00032605,0.00066808,2.6754e-06,0.00036798,6.7267e-05,0.0005889
0.20526,0.00034063,0.00032604,0.00066886,3.4483e-06,0.00036865,6.7557e-05,0.00059014
0.20812,0.00034065,0.00032602,0.00066967,4.2527e-06,0.00036934,6.7858e-05,0.00059142
0.21102,0.00034066,0.000326,0.0006705,5.0818e-06,0.00037006,6.8169e-05,0.00059274
0.21396,0.00034068,0.00032599,0.00067137,5.9417e-06,0.0003708,6.8492e-05,0.00059411
0.21694,0.0003407,0.00032596,0.00067226,6.8337e-06,0.00037156,6.8826e-05,0.00059552
0.21996,0.00034072,0.00032594,0.00067318,7.7534e-06,0.00037235,6.9172e-05,0.00059697
0.22302,0.00034074,0.00032592,0.00067414,8.7033e-06,0.00037316,6.953e-05,0.00059848
0.22613,0.00034076,0.0003259,0.00067512,9.6863e-06,0.000374,6.9902e-05,0.00060004
0.22928,0.00034078,0.00032588,0.00067614,1.0702e-05,0.00037487,7.0287e-05,0.00060164
0.23247,0.00034081,0.00032586,0.0006772,1.1756e-05,0.00037576,7.0686e-05,0.00060331
0.23571,0.00034083,0.00032583,0.00067829,1.2843e-05,0.00037669,7.1101e-05,0.00060503
0.23899,0.00034086,0.00032581,0.00067942,1.397e-05,0.00037764,7.1531e-05,0.0006068
0.24232,0.00034088,0.00032578,0.00068059,1.5136e-05,0.00037863,7.1977e-05,0.00060864
0.24569,0.00034091,0.00032576,0.0006818,1.6343e-05,0.00037965,7.244e-05,0.00061054
0.24911,0.00034094,0.00032573,0.00068305,1.7595e-05,0.0003807,7.2921e-05,0.00061251
0.25258,0.00034097,0.0003257,0.00068435,1.8889e-05,0.00038179,7.3421e-05,0.00061455
0.2561,0.00034099,0.00032567,0.00068569,2.0229e-05,0.00038291,7.394e-05,0.00061666
0.25967,0.00034102,0.00032564,0.00068709,2.1617e-05,0.00038408,7.448e-05,0.00061884
0.26328,0.00034106,0.00032561,0.00068853,2.3058e-05,0.00038528,7.5042e-05,0.0006211
0.26695,0.00034109,0.00032558,0.00069003,2.4553e-05,0.00038652,7.5626e-05,0.00062344
0.27067,0.00034112,0.00032555,0.00069158,2.6099e-05,0.00038781,7.6234e-05,0.00062586
0.27443,0.00034116,0.00032551,0.00069319,2.7707e-05,0.00038914,7.6867e-05,0.00062838
0.27826,0.00034119,0.00032547,0.00069486,2.9371e-05,0.00039052,7.7526e-05,0.00063098
0.28213,0.00034123,0.00032544,0.00069659,3.11e-05,0.00039195,7.8214e-05,0.00063368
0.28606,0.00034127,0.0003254,0.00069839,3.2895e-05,0.00039343,7.893e-05,0.00063649
0.29004,0.00034131,0.00032536,0.00070026,3.476e-05,0.00039496,7.9677e-05,0.00063939
0.29408,0.00034135,0.00032532,0.00070221,3.6697e-05,0.00039655,8.0456e-05,0.00064241
0.29818,0.00034139,0.00032527,0.00070423,3.871e-05,0.00039819,8.127e-05,0.00064554
0.30233,0.00034144,0.00032523,0.00070633,4.0805e-05,0.00039989,8.212e-05,0.00064879
0.30654,0.00034149,0.00032518,0.00070851,4.298e-05,0.00040166,8.3009e-05,0.00065217
0.31081,0.00034154,0.00032513,0.00071078,4.5246e-05,0.00040349,8.3938e-05,0.00065568
0.31514,0.00034159,0.00032508,0.00071315,4.7603e-05,0.00040539,8.491e-05,0.00065933
0.31952,0.00034164,0.00032503,0.00071561,5.0059e-05,0.00040736,8.5927e-05,0.00066312
0.32397,0.0003417,0.00032497,0.00071818,5.2617e-05,0.0004094,8.6993e-05,0.00066707
0.32849,0.00034176,0.00032491,0.00072086,5.5284e-05,0.00041152,8.8111e-05,0.00067118
0.33306,0.00034182,0.00032485,0.00072365,5.8064e-05,0.00041373,8.9283e-05,0.00067546
0.3377,0.00034188,0.00032479,0.00072656,6.0965e-05,0.00041601,9.0514e-05,0.00067992
0.3424,0.00034194,0.00032472,0.0007296,6.3994e-05,0.00041839,9.1807e-05,0.00068456
0.34717,0.00034201,0.00032465,0.00073278,6.7158e-05,0.00042086,9.3167e-05,0.0006894
0.352,0.00034208,0.00032458,0.00073609,7.0463e-05,0.00042343,9.4597e-05,0.00069445
0.3569,0.00034216,0.00032451,0.00073957,7.3921e-05,0.00042611,9.6104e-05,0.00069973
0.36187,0.00034224,0.00032443,0.0007432,7.754e-05,0.00042889,9.7692e-05,0.00070523
0.36691,0.00034232,0.00032434,0.00074701,8.1329e-05,0.00043179,9.9368e-05,0.00071099
0.37202,0.00034241,0.00032426,0.000751,8.5299e-05,0.0004348,0.00010114,0.00071701
0.3772,0.0003425,0.00032417,0.00075518,8.9463e-05,0.00043794,0.00010301,0.0007233
0.38246,0.00034259,0.00032407,0.00075957,9.3832e-05,0.00044122,0.00010499,0.00072989
0.38778,0.00034269,0.00032397,0.00076418,9.8422e-05,0.00044464,0.00010709,0.0007368
0.39318,0.0003428,0.00032387,0.00076904,0.00010325,0.0004482,0.00010931,0.00074404
0.39866,0.00034291,0.00032376,0.00077414,0.00010832,0.00045192,0.00011168,0.00075163
0.40421,0.00034303,0.00032364,0.00077952,0.00011367,0.0004558,0.00011419,0.00075961
0.40984,0.00034315,0.00032352,0.00078519,0.00011931,0.00045986,0.00011687,0.00076799
0.41555,0.00034328,0.00032339,0.00079117,0.00012526,0.0004641,0.00011972,0.00077681
0.42133,0.00034341,0.00032325,0.0007975,0.00013154,0.00046854,0.00012277,0.0007861
0.4272,0.00034356,0.00032311,0.00080419,0.00013819,0.00047319,0.00012604,0.00079589
0.43315,0.00034371,0.00032295,0.00081128,0.00014523,0.00047805,0.00012954,0.00080622
0.43918,0.00034388,0.00032279,0.00081881,0.00015271,0.00048315,0.00013329,0.00081713
0.4453,0.00034405,0.00032262,0.0008268,0.00016064,0.00048849,0.00013733,0.00082867
0.4515,0.00034423,0.00032243,0.0008353,0.00016908,0.0004941,0.00014169,0.00084089
0.45778,0.00034443,0.00032224,0.00084437,0.00017807,0.00049998,0.0001464,0.00085384
0.46416,0.00034464,0.00032203,0.00085404,0.00018766,0.00050617,0.0001515,0.0008676
0.47062,0.00034486,0.00032181,0.0008644,0.00019793,0.00051266,0.00015703,0.00088224
0.47718,0.0003451,0.00032157,0.0008755,0.00020892,0.0005195,0.00016305,0.00089783
0.48382,0.00034536,0.00032131,0.00088742,0.00022073,0.0005267,0.00016963,0.00091446
0.49056,0.00034564,0.00032103,0.00090026,0.00023344,0.00053427,0.00017683,0.00093225
0.49739,0.00034594,0.00032073,0.00091411,0.00024714,0.00054226,0.00018474,0.00095131
0.50432,0.00034626,0.00032041,0.00092912,0.00026198,0.00055068,0.00019347,0.00097177
0.51134,0.00034661,0.00032006,0.00094541,0.00027807,0.00055956,0.00020312,0.00099379
0.51846,0.00034699,0.00031967,0.00096315,0.00029559,0.00056894,0.00021386,0.0010176
0.52568,0.00034741,0.00031926,0.00098255,0.00031473,0.00057884,0.00022584,0.0010433
0.533,0.00034787,0.0003188,0.0010039,0.00033573,0.00058929,0.00023929,0.0010712
0.54042,0.00034838,0.00031829,0.0010273,0.00035886,0.00060032,0.00025447,0.0011016
0.54795,0.00034894,0.00031773,0.0010534,0.00038446,0.00061197,0.0002717,0.0011349
0.55558,0.00034956,0.0003171,0.0010824,0.00041296,0.00062423,0.0002914,0.0011715
0.56331,0.00035026,0.0003164,0.0011149,0.00044486,0.00063714,0.00031408,0.0012118
0.57116,0.00035105,0.00031562,0.0011516,0.00048084,0.00065069,0.00034042,0.0012566
0.57911,0.00035195,0.00031472,0.0011933,0.00052172,0.00066483,0.0003713,0.0013065
0.58718,0.00035298,0.00031369,0.0012414,0.00056862,0.00067949,0.00040791,0.0013628
0.59535,0.00035417,0.0003125,0.0012971,0.00062298,0.00069452,0.00045184,0.0014266
0.60364,0.00035558,0.00031109,0.0013627,0.00068682,0.00070966,0.00050535,0.0014997
0.61205,0.00035726,0.00030941,0.0014412,0.00076293,0.00072442,0.00057166,0.0015846
0.62057,0.0003593,0.00030737,0.0015367,0.00085538,0.000738,0.00065556,0.0016846
0.62921,0.00036184,0.00030483,0.0016559,0.00097034,0.00074898,0.00076444,0.0018048
0.63798,0.00036511,0.00030156,0.0018092,0.0011177,0.0007548,0.00091036,0.0019529
0.64686,0.00036947,0.0002972,0.0020145,0.0013142,0.00075062,0.0011143,0.0021421
0.65587,0.00037563,0.00029103,0.0023055,0.0015913,0.00072667,0.001416,0.0023962
0.665,0.00038512,0.00028155,0.0027535,0.0020159,0.00066085,0.0019011,0.0027647
0.67426,0.00040177,0.00026489,0.0035428,0.0027597,0.00049372,0.0027919,0.0033737
0.68365,0.00043964,0.00022703,0.005342,0.0044457,3.9563e-06,0.0048998,0.0046753
0.69317,0.00062133,4.541e-05,0.013996,0.012516,0.0027714,0.015335,0.010602
0.70282,5.6433e-05,0.00061024,0.012939,0.012541,0.0064536,0.017559,0.007367
0.71261,0.00025467,0.00041199,0.0035015,0.0037315,0.0034776,0.0062152,0.00086047
0.72253,0.00029487,0.00037179,0.0016021,0.0019312,0.0030839,0.0040776,0.00062122
0.7326,0.00031359,0.00035308,0.00073299,0.0010762,0.0030969,0.0032364,0.0014667
0.7428,0.0003258,0.00034087,0.00018616,0.00049788,0.0032927,0.0028402,0.0021713
0.75314,0.00033574,0.00033093,0.00023152,2.8013e-06,0.0036011,0.0026506,0.0028798
0.76363,0.00034488,0.00032179,0.00057044,0.00051019,0.003885,0.0025216,0.0035791
0.77426,0.00035109,0.00031557,0.00070013,0.00096091,0.003509,0.0021322,0.0037577
0.78505,0.00034051,0.00032616,2.0195e-05,0.00067363,0.00042519,0.00062097,0.0013004
0.79598,0.00030795,0.00035871,0.0013818,0.00092843,0.0045044,0.0014953,0.0037548
0.80706,0.00029502,0.00037165,0.0017173,0.0018008,0.0054218,0.0018215,0.005263
0.8183,0.00029758,0.00036909,0.0014546,0.0018343,0.0044678,0.001407,0.0046244
0.8297,0.00030252,0.00036415,0.001162,0.0016747,0.0035248,0.0010279,0.0038029
0.84125,0.00030685,0.00035981,0.00093125,0.0015076,0.0028293,0.00076253,0.0031484
0.85296,0.00031031,0.00035636,0.00075545,0.0013653,0.0023281,0.00058044,0.0026551
0.86484,0.00031306,0.0003536,0.00061941,0.0012483,0.0019588,0.00045263,0.0022798
0.87689,0.00031528,0.00035139,0.0005116,0.0011521,0.0016789,0.00036032,0.0019879
0.8891,0.00031709,0.00034957,0.00042418,0.0010721,0.001461,0.00029182,0.0017556
0.90148,0.00031861,0.00034806,0.00035186,0.0010047,0.0012873,0.00023978,0.0015668
0.91403,0.0003199,0.00034677,0.00029101,0.0009472,0.001146,0.00019945,0.0014108
0.92676,0.000321,0.00034567,0.00023907,0.00089767,0.0010291,0.00016763,0.0012797
0.93966,0.00032195,0.00034471,0.0001942,0.00085454,0.00093098,0.00014216,0.0011681
0.95275,0.00032279,0.00034388,0.00015503,0.00081666,0.00084754,0.0001215,0.0010721
0.96602,0.00032353,0.00034314,0.00012053,0.00078312,0.00077581,0.00010455,0.00098856
0.97947,0.00032418,0.00034248,8.9899e-05,0.00075322,0.00071355,9.0498e-05,0.0009153
0.99311,0.00032477,0.00034189,6.2524e-05,0.00072641,0.00065904,7.8753e-05,0.00085053
1.0069,0.0003253,0.00034136,3.7919e-05,0.00070223,0.00061096,6.8855e-05,0.00079288
1.021,0.00032578,0.00034088,1.5734e-05,0.00068031,0.00056827,6.0455e-05,0.00074125
1.0352,0.00032622,0.00034045,5.0961e-06,0.00066036,0.00053013,5.328e-05,0.00069477
1.0496,0.00032662,0.00034005,2.3193e-05,0.00064212,0.00049587,4.7116e-05,0.00065271
1.0642,0.00032698,0.00033969,4.0059e-05,0.0006254,0.00046495,4.1793e-05,0.00061448
1.079,0.00032732,0.00033935,5.5585e-05,0.00061,0.00043691,3.7174e-05,0.0005796
1.0941,0.00032763,0.00033904,6.9908e-05,0.00059579,0.00041139,3.3149e-05,0.00054765
1.1093,0.00032791,0.00033875,8.3158e-05,0.00058263,0.00038807,2.9626e-05,0.00051828
1.1247,0.00032818,0.00033849,9.5447e-05,0.00057041,0.00036668,2.6533e-05,0.00049122
1.1404,0.00032843,0.00033824,0.00010687,0.00055905,0.00034702,2.3807e-05,0.00046619
1.1563,0.00032866,0.00033801,0.00011752,0.00054845,0.00032887,2.1398e-05,0.000443
1.1724,0.00032887,0.00033779,0.00012746,0.00053855,0.00031209,1.9261e-05,0.00042145
1.1887,0.00032907,0.00033759,0.00013677,0.00052928,0.00029653,1.7362e-05,0.00040138
1.2053,0.00032926,0.0003374,0.00014549,0.00052059,0.00028207,1.567e-05,0.00038265
1.222,0.00032944,0.00033723,0.00015368,0.00051242,0.0002686,1.4159e-05,0.00036513
1.2391,0.00032961,0.00033706,0.00016138,0.00050474,0.00025603,1.2806e-05,0.00034873
1.2563,0.00032976,0.0003369,0.00016864,0.0004975,0.00024428,1.1592e-05,0.00033333
1.2738,0.00032991,0.00033675,0.00017548,0.00049067,0.00023327,1.0502e-05,0.00031886
1.2915,0.00033005,0.00033661,0.00018194,0.00048421,0.00022293,9.5206e-06,0.00030524
1.3095,0.00033019,0.00033648,0.00018806,0.00047811,0.00021322,8.6357e-06,0.0002924
1.3278,0.00033031,0.00033636,0.00019385,0.00047232,0.00020409,7.8366e-06,0.00028028
1.3463,0.00033043,0.00033624,0.00019933,0.00046684,0.00019547,7.114e-06,0.00026883
1.365,0.00033054,0.00033612,0.00020454,0.00046164,0.00018735,6.4598e-06,0.00025799
1.384,0.00033065,0.00033602,0.00020948,0.0004567,0.00017967,5.8667e-06,0.00024773
1.4033,0.00033075,0.00033591,0.00021418,0.000452,0.0001724,5.3285e-06,0.00023799
1.4228,0.00033085,0.00033582,0.00021865,0.00044752,0.00016552,4.8394e-06,0.00022875
1.4426,0.00033094,0.00033572,0.00022291,0.00044326,0.000159,4.3947e-06,0.00021997
1.4627,0.00033103,0.00033564,0.00022697,0.0004392,0.00015281,3.9899e-06,0.00021162
1.4831,0.00033111,0.00033555,0.00023085,0.00043533,0.00014693,3.6211e-06,0.00020367
1.5038,0.00033119,0.00033547,0.00023454,0.00043163,0.00014134,3.2849e-06,0.0001961
1.5247,0.00033127,0.0003354,0.00023807,0.0004281,0.00013602,2.9781e-06,0.00018889
1.5459,0.00033134,0.00033532,0.00024145,0.00042472,0.00013096,2.6981e-06,0.000182
1.5675,0.00033141,0.00033525,0.00024468,0.00042149,0.00012613,2.4423e-06,0.00017542
1.5893,0.00033148,0.00033518,0.00024777,0.0004184,0.00012152,2.2085e-06,0.00016914
1.6114,0.00033155,0.00033512,0.00025072,0.00041543,0.00011713,1.9947e-06,0.00016314
1.6339,0.00033161,0.00033506,0.00025356,0.0004126,0.00011293,1.7992e-06,0.00015739
1.6566,0.00033167,0.000335,0.00025628,0.00040988,0.00010892,1.6202e-06,0.0001519
1.6797,0.00033172,0.00033494,0.00025888,0.00040727,0.00010508,1.4565e-06,0.00014663
1.7031,0.00033178,0.00033489,0.00026138,0.00040476,0.00010141,1.3065e-06,0.00014158
1.7268,0.00033183,0.00033484,0.00026378,0.00040236,9.7893e-05,1.1692e-06,0.00013675
1.7508,0.00033188,0.00033479,0.00026609,0.00040005,9.4525e-05,1.0435e-06,0.00013211
1.7752,0.00033193,0.00033474,0.0002683,0.00039783,9.1297e-05,9.2833e-07,0.00012765
1.7999,0.00033197,0.00033469,0.00027043,0.0003957,8.8202e-05,8.2285e-07,0.00012338
1.825,0.00033202,0.00033465,0.00027248,0.00039365,8.5232e-05,7.2626e-07,0.00011927
1.8504,0.00033206,0.00033461,0.00027445,0.00039167,8.2381e-05,6.3781e-07,0.00011532
1.8762,0.0003321,0.00033456,0.00027635,0.00038977,7.9644e-05,5.5683e-07,0.00011153
1.9023,0.00033214,0.00033452,0.00027817,0.00038795,7.7014e-05,4.8271e-07,0.00010788
1.9288,0.00033218,0.00033449,0.00027993,0.00038618,7.4486e-05,4.1489e-07,0.00010437
1.9557,0.00033222,0.00033445,0.00028162,0.00038449,7.2056e-05,3.5285e-07,0.00010099
1.9829,0.00033225,0.00033441,0.00028325,0.00038285,6.9718e-05,2.9614e-07,9.7741e-05
2.0105,0.00033229,0.00033438,0.00028483,0.00038128,6.7469e-05,2.4432e-07,9.4609e-05
2.0385,0.00033232,0.00033435,0.00028634,0.00037976,6.5304e-05,1.9701e-07,9.1592e-05
2.0669,0.00033235,0.00033432,0.00028781,0.00037829,6.3219e-05,1.5385e-07,8.8684e-05
2.0957,0.00033238,0.00033428,0.00028922,0.00037688,6.1212e-05,1.1453e-07,8.5882e-05
2.1248,0.00033241,0.00033426,0.00029058,0.00037552,5.9277e-05,7.8759e-08,8.3179e-05
2.1544,0.00033244,0.00033423,0.00029189,0.0003742,5.7413e-05,4.6348e-08,8.0573e-05
2.1844,0.00033247,0.0003342,0.00029316,0.00037293,5.5616e-05,1.7645e-08,7.8058e-05
2.2149,0.00033249,0.00033417,0.00029439,0.0003717,5.3883e-05,1.2954e-08,7.5631e-05
2.2457,0.00033252,0.00033415,0.00029557,0.00037051,5.2211e-05,3.5912e-08,7.3289e-05
2.277,0.00033254,0.00033412,0.00029671,0.00036937,5.0598e-05,5.7705e-08,7.1028e-05
2.3087,0.00033257,0.0003341,0.00029782,0.00036826,4.9041e-05,7.7515e-08,6.8844e-05
2.3408,0.00033259,0.00033407,0.00029889,0.00036719,4.7539e-05,9.5401e-08,6.6735e-05
2.3734,0.00033261,0.00033405,0.00029992,0.00036616,4.6088e-05,1.1149e-07,6.4697e-05
2.4065,0.00033264,0.00033403,0.00030092,0.00036516,4.4687e-05,1.2591e-07,6.2728e-05
2.44,0.00033266,0.00033401,0.00030188,0.00036419,4.3333e-05,1.388e-07,6.0824e-05
2.474,0.00033268,0.00033399,0.00030281,0.00036325,4.2026e-05,1.5027e-07,5.8984e-05
2.5084,0.0003327,0.00033397,0.00030372,0.00036235,4.0762e-05,1.6044e-07,5.7205e-05
2.5433,0.00033272,0.00033395,0.00030459,0.00036147,3.954e-05,1.694e-07,5.5485e-05
2.5788,0.00033273,0.00033393,0.00030544,0.00036063,3.836e-05,1.7725e-07,5.3821e-05
2.6147,0.00033275,0.00033391,0.00030626,0.00035981,3.7218e-05,1.8409e-07,5.2211e-05
2.6511,0.00033277,0.0003339,0.00030705,0.00035901,3.6114e-05,1.8999e-07,5.0654e-05
2.688,0.00033279,0.00033388,0.00030781,0.00035824,3.5045e-05,1.9502e-07,4.9147e-05
2.7254,0.0003328,0.00033386,0.00030856,0.0003575,3.4012e-05,1.9927e-07,4.7688e-05
2.7634,0.00033282,0.00033385,0.00030928,0.00035678,3.3012e-05,2.0279e-07,4.6276e-05
2.8019,0.00033283,0.00033383,0.00030997,0.00035608,3.2045e-05,2.0564e-07,4.4909e-05
2.8409,0.00033285,0.00033382,0.00031065,0.0003554,3.1108e-05,2.0789e-07,4.3585e-05
2.8804,0.00033286,0.0003338,0.0003113,0.00035475,3.0202e-05,2.0957e-07,4.2303e-05
2.9206,0.00033288,0.00033379,0.00031193,0.00035411,2.9324e-05,2.1075e-07,4.1061e-05
2.9612,0.00033289,0.00033378,0.00031255,0.0003535,2.8474e-05,2.1145e-07,3.9859e-05
3.0025,0.0003329,0.00033376,0.00031314,0.0003529,2.7651e-05,2.1173e-07,3.8694e-05
3.0443,0.00033291,0.00033375,0.00031372,0.00035233,2.6854e-05,2.1162e-07,3.7565e-05
3.0867,0.00033293,0.00033374,0.00031428,0.00035177,2.6082e-05,2.1116e-07,3.6471e-05
3.1296,0.00033294,0.00033373,0.00031482,0.00035122,2.5334e-05,2.1037e-07,3.5411e-05
3.1732,0.00033295,0.00033372,0.00031534,0.0003507,2.4609e-05,2.0929e-07,3.4384e-05
3.2174,0.00033296,0.00033371,0.00031585,0.00035019,2.3906e-05,2.0795e-07,3.3388e-05
3.2622,0.00033297,0.0003337,0.00031635,0.00034969,2.3226e-05,2.0637e-07,3.2423e-05
3.3076,0.00033298,0.00033368,0.00031682,0.00034921,2.2566e-05,2.0457e-07,3.1487e-05
3.3537,0.00033299,0.00033367,0.00031729,0.00034875,2.1927e-05,2.0258e-07,3.0579e-05
3.4004,0.000333,0.00033367,0.00031774,0.00034829,2.1307e-05,2.0042e-07,2.9699e-05
3.4478,0.00033301,0.00033366,0.00031818,0.00034786,2.0705e-05,1.981e-07,2.8846e-05
3.4958,0.00033302,0.00033365,0.0003186,0.00034743,2.0123e-05,1.9564e-07,2.8018e-05
3.5445,0.00033303,0.00033364,0.00031901,0.00034702,1.9558e-05,1.9306e-07,2.7215e-05
3.5938,0.00033304,0.00033363,0.00031941,0.00034662,1.9009e-05,1.9037e-07,2.6437e-05
3.6439,0.00033305,0.00033362,0.0003198,0.00034623,1.8478e-05,1.8758e-07,2.5681e-05
3.6946,0.00033305,0.00033361,0.00032017,0.00034586,1.7962e-05,1.8471e-07,2.4948e-05
3.7461,0.00033306,0.0003336,0.00032054,0.00034549,1.7462e-05,1.8177e-07,2.4237e-05
3.7982,0.00033307,0.0003336,0.00032089,0.00034514,1.6977e-05,1.7877e-07,2.3547e-05
3.8511,0.00033308,0.00033359,0.00032123,0.00034479,1.6506e-05,1.7571e-07,2.2878e-05
3.9047,0.00033308,0.00033358,0.00032157,0.00034446,1.605e-05,1.7261e-07,2.2228e-05
3.9591,0.00033309,0.00033357,0.00032189,0.00034413,1.5607e-05,1.6946e-07,2.1598e-05
4.0142,0.0003331,0.00033357,0.00032221,0.00034382,1.5177e-05,1.6629e-07,2.0986e-05
4.0701,0.00033311,0.00033356,0.00032251,0.00034351,1.4759e-05,1.6309e-07,2.0392e-05
4.1268,0.00033311,0.00033355,0.00032281,0.00034322,1.4354e-05,1.5987e-07,1.9815e-05
4.1843,0.00033312,0.00033355,0.00032309,0.00034293,1.3961e-05,1.5663e-07,1.9255e-05
4.2426,0.00033312,0.00033354,0.00032337,0.00034265,1.358e-05,1.5337e-07,1.8712e-05
4.3016,0.00033313,0.00033354,0.00032364,0.00034238,1.321e-05,1.501e-07,1.8185e-05
4.3615,0.00033314,0.00033353,0.00032391,0.00034211,1.285e-05,1.4681e-07,1.7672e-05
4.4223,0.00033314,0.00033353,0.00032416,0.00034186,1.2502e-05,1.4352e-07,1.7175e-05
4.4839,0.00033315,0.00033352,0.00032441,0.00034161,1.2163e-05,1.402e-07,1.6692e-05
4.5463,0.00033315,0.00033351,0.00032465,0.00034137,1.1834e-05,1.3686e-07,1.6223e-05
4.6096,0.00033316,0.00033351,0.00032489,0.00034113,1.1515e-05,1.335e-07,1.5768e-05
4.6738,0.00033316,0.0003335,0.00032511,0.0003409,1.1205e-05,1.301e-07,1.5326e-05
4.7389,0.00033317,0.0003335,0.00032534,0.00034068,1.0904e-05,1.2666e-07,1.4897e-05
4.8049,0.00033317,0.0003335,0.00032555,0.00034047,1.0612e-05,1.2315e-07,1.448e-05
4.8718,0.00033318,0.00033349,0.00032576,0.00034026,1.0329e-05,1.1955e-07,1.4075e-05
4.9396,0.00033318,0.00033349,0.00032596,0.00034005,1.0054e-05,1.1584e-07,1.3681e-05
5.0084,0.00033318,0.00033348,0.00032616,0.00033986,9.7871e-06,1.1197e-07,1.3299e-05
5.0782,0.00033319,0.00033348,0.00032635,0.00033966,9.5281e-06,1.0789e-07,1.2928e-05
5.1489,0.00033319,0.00033347,0.00032654,0.00033948,9.2769e-06,1.0352e-07,1.2567e-05
5.2206,0.0003332,0.00033347,0.00032672,0.00033929,9.0332e-06,9.8773e-08,1.2216e-05
5.2933,0.0003332,0.00033347,0.0003269,0.00033912,8.797e-06,9.3512e-08,1.1876e-05
5.367,0.0003332,0.00033346,0.00032707,0.00033894,8.5681e-06,8.7565e-08,1.1544e-05
5.4417,0.00033321,0.00033346,0.00032724,0.00033877,8.3464e-06,8.0715e-08,1.1222e-05
5.5175,0.00033321,0.00033346,0.0003274,0.00033861,8.1316e-06,7.2718e-08,1.0908e-05
5.5943,0.00033322,0.00033345,0.00032756,0.00033845,7.9235e-06,6.335e-08,1.0602e-05
5.6722,0.00033322,0.00033345,0.00032772,0.00033829,7.7214e-06,5.2564e-08,1.0304e-05
5.7512,0.00033322,0.00033344,0.00032787,0.00033813,7.5244e-06,4.0805e-08,1.0013e-05
5.8313,0.00033323,0.00033344,0.00032802,0.00033798,7.3315e-06,2.9664e-08,9.7294e-06
5.9125,0.00033323,0.00033344,0.00032816,0.00033784,7.1418e-06,2.2974e-08,9.4539e-06
5.9948,0.00033323,0.00033344,0.00032829,0.0003377,6.9551e-06,2.4671e-08,9.1871e-06
6.0783,0.00033323,0.00033343,0.00032842,0.00033757,6.7719e-06,3.1581e-08,8.9291e-06
6.163,0.00033324,0.00033343,0.00032855,0.00033744,6.593e-06,3.9008e-08,8.6798e-06
6.2488,0.00033324,0.00033343,0.00032867,0.00033732,6.4192e-06,4.5199e-08,8.4385e-06
6.3358,0.00033324,0.00033342,0.00032878,0.00033721,6.2506e-06,4.9854e-08,8.2047e-06
6.424,0.00033324,0.00033342,0.0003289,0.00033709,6.0873e-06,5.3135e-08,7.9778e-06
6.5135,0.00033325,0.00033342,0.00032901,0.00033698,5.9292e-06,5.531e-08,7.7575e-06
6.6042,0.00033325,0.00033342,0.00032912,0.00033687,5.776e-06,5.6638e-08,7.5434e-06
6.6962,0.00033325,0.00033342,0.00032922,0.00033677,5.6275e-06,5.7328e-08,7.3353e-06
6.7894,0.00033325,0.00033341,0.00032933,0.00033667,5.4835e-06,5.7541e-08,7.1329e-06
6.884,0.00033326,0.00033341,0.00032943,0.00033657,5.3437e-06,5.7398e-08,6.9362e-06
6.9798,0.00033326,0.00033341,0.00032952,0.00033647,5.2081e-06,5.6991e-08,6.7449e-06
7.077,0.00033326,0.00033341,0.00032962,0.00033637,5.0765e-06,5.6386e-08,6.5589e-06
7.1756,0.00033326,0.0003334,0.00032971,0.00033628,4.9487e-06,5.5634e-08,6.378e-06
7.2755,0.00033326,0.0003334,0.0003298,0.00033619,4.8245e-06,5.4773e-08,6.2022e-06
7.3768,0.00033327,0.0003334,0.00032989,0.0003361,4.7039e-06,5.3831e-08,6.0311e-06
7.4795,0.00033327,0.0003334,0.00032998,0.00033602,4.5867e-06,5.2831e-08,5.8649e-06
7.5837,0.00033327,0.0003334,0.00033006,0.00033593,4.4729e-06,5.1789e-08,5.7032e-06
7.6893,0.00033327,0.0003334,0.00033014,0.00033585,4.3623e-06,5.0719e-08,5.546e-06
7.7964,0.00033327,0.00033339,0.00033022,0.00033578,4.2548e-06,4.9631e-08,5.3931e-06
7.9049,0.00033327,0.00033339,0.0003303,0.0003357,4.1503e-06,4.8533e-08,5.2445e-06
8.015,0.00033328,0.00033339,0.00033037,0.00033562,4.0487e-06,4.7432e-08,5.1e-06
8.1266,0.00033328,0.00033339,0.00033044,0.00033555,3.95e-06,4.6332e-08,4.9595e-06
8.2398,0.00033328,0.00033339,0.00033051,0.00033548,3.8541e-06,4.5238e-08,4.8229e-06
8.3545,0.00033328,0.00033339,0.00033058,0.00033541,3.7608e-06,4.4153e-08,4.69e-06
8.4709,0.00033328,0.00033338,0.00033065,0.00033535,3.6701e-06,4.308e-08,4.5609e-06
8.5888,0.00033328,0.00033338,0.00033071,0.00033528,3.582e-06,4.2019e-08,4.4353e-06
8.7084,0.00033328,0.00033338,0.00033078,0.00033522,3.4963e-06,4.0974e-08,4.3132e-06
8.8297,0.00033329,0.00033338,0.00033084,0.00033516,3.413e-06,3.9945e-08,4.1944e-06
8.9527,0.00033329,0.00033338,0.0003309,0.0003351,3.3321e-06,3.8933e-08,4.079e-06
9.0773,0.00033329,0.00033338,0.00033095,0.00033504,3.2533e-06,3.7939e-08,3.9667e-06
9.2037,0.00033329,0.00033338,0.00033101,0.00033498,3.1768e-06,3.6964e-08,3.8575e-06
9.3319,0.00033329,0.00033338,0.00033106,0.00033493,3.1024e-06,3.6007e-08,3.7514e-06
9.4618,0.00033329,0.00033337,0.00033112,0.00033488,3.03e-06,3.507e-08,3.6482e-06
9.5936,0.00033329,0.00033337,0.00033117,0.00033482,2.9597e-06,3.4152e-08,3.5478e-06
9.7272,0.00033329,0.00033337,0.00033122,0.00033477,2.8913e-06,3.3253e-08,3.4502e-06
9.8627,0.0003333,0.00033337,0.00033127,0.00033473,2.8248e-06,3.2374e-08,3.3553e-06
10,0.0003333,0.00033337,0.00033132,0.00033468,2.7601e-06,3.1514e-08,3.263e-06
10.139,0.0003333,0.00033337,0.00033136,0.00033463,2.6972e-06,3.0673e-08,3.1733e-06
10.28,0.0003333,0.00033337,0.00033141,0.00033459,2.6361e-06,2.9851e-08,3.086e-06
10.424,0.0003333,0.00033337,0.00033145,0.00033454,2.5767e-06,2.9048e-08,3.0012e-06
10.569,0.0003333,0.00033337,0.00033149,0.0003345,2.5189e-06,2.8263e-08,2.9187e-06
10.716,0.0003333,0.00033337,0.00033154,0.00033446,2.4626e-06,2.7497e-08,2.8384e-06
10.865,0.0003333,0.00033336,0.00033158,0.00033442,2.408e-06,2.6748e-08,2.7604e-06
11.016,0.0003333,0.00033336,0.00033161,0.00033438,2.3548e-06,2.6017e-08,2.6845e-06
11.17,0.0003333,0.00033336,0.00033165,0.00033434,2.3032e-06,2.5304e-08,2.6107e-06
11.325,0.0003333,0.00033336,0.00033169,0.0003343,2.2529e-06,2.4607e-08,2.539e-06
11.483,0.00033331,0.00033336,0.00033173,0.00033427,2.204e-06,2.3927e-08,2.4692e-06
11.643,0.00033331,0.00033336,0.00033176,0.00033423,2.1565e-06,2.3264e-08,2.4013e-06
11.805,0.00033331,0.00033336,0.0003318,0.0003342,2.1103e-06,2.2616e-08,2.3354e-06
11.97,0.00033331,0.00033336,0.00033183,0.00033417,2.0654e-06,2.1985e-08,2.2712e-06
12.136,0.00033331,0.00033336,0.00033186,0.00033413,2.0217e-06,2.1368e-08,2.2088e-06
12.305,0.00033331,0.00033336,0.00033189,0.0003341,1.9792e-06,2.0766e-08,2.1481e-06
12.477,0.00033331,0.00033336,0.00033192,0.00033407,1.9379e-06,2.0179e-08,2.0891e-06
12.65,0.00033331,0.00033336,0.00033195,0.00033404,1.8977e-06,1.9607e-08,2.0317e-06
12.826,0.00033331,0.00033336,0.00033198,0.00033401,1.8586e-06,1.9048e-08,1.9759e-06
13.005,0.00033331,0.00033335,0.00033201,0.00033399,1.8206e-06,1.8503e-08,1.9216e-06
13.186,0.00033331,0.00033335,0.00033204,0.00033396,1.7836e-06,1.7971e-08,1.8688e-06
13.37,0.00033331,0.00033335,0.00033206,0.00033393,1.7477e-06,1.7452e-08,1.8174e-06
13.556,0.00033331,0.00033335,0.00033209,0.00033391,1.7127e-06,1.6945e-08,1.7675e-06
13.745,0.00033331,0.00033335,0.00033211,0.00033388,1.6787e-06,1.6452e-08,1.719e-06
13.936,0.00033331,0.00033335,0.00033214,0.00033386,1.6457e-06,1.597e-08,1.6717e-06
14.13,0.00033332,0.00033335,0.00033216,0.00033383,1.6135e-06,1.55e-08,1.6258e-06
14.327,0.00033332,0.00033335,0.00033218,0.00033381,1.5823e-06,1.5041e-08,1.5811e-06
14.527,0.00033332,0.00033335,0.00033221,0.00033379,1.5519e-06,1.4594e-08,1.5377e-06
14.729,0.00033332,0.00033335,0.00033223,0.00033377,1.5223e-06,1.4157e-08,1.4955e-06
14.934,0.00033332,0.00033335,0.00033225,0.00033374,1.4935e-06,1.3732e-08,1.4544e-06
15.142,0.00033332,0.00033335,0.00033227,0.00033372,1.4655e-06,1.3317e-08,1.4144e-06
15.353,0.00033332,0.00033335,0.00033229,0.0003337,1.4383e-06,1.2912e-08,1.3756e-06
15.567,0.00033332,0.00033335,0.00033231,0.00033368,1.4119e-06,1.2517e-08,1.3378e-06
15.783,0.00033332,0.00033335,0.00033233,0.00033366,1.3862e-06,1.2132e-08,1.301e-06
16.003,0.00033332,0.00033335,0.00033235,0.00033365,1.3611e-06,1.1757e-08,1.2653e-06
16.226,0.00033332,0.00033335,0.00033237,0.00033363,1.3368e-06,1.139e-08,1.2305e-06
16.452,0.00033332,0.00033335,0.00033238,0.00033361,1.3131e-06,1.1034e-08,1.1967e-06
16.681,0.00033332,0.00033335,0.0003324,0.00033359,1.2901e-06,1.0686e-08,1.1638e-06
16.913,0.00033332,0.00033335,0.00033242,0.00033358,1.2677e-06,1.0347e-08,1.1318e-06
17.149,0.00033332,0.00033335,0.00033243,0.00033356,1.246e-06,1.0017e-08,1.1007e-06
17.388,0.00033332,0.00033335,0.00033245,0.00033355,1.2248e-06,9.6949e-09,1.0705e-06
17.63,0.00033332,0.00033335,0.00033246,0.00033353,1.2042e-06,9.3815e-09,1.0411e-06
17.875,0.00033332,0.00033334,0.00033248,0.00033352,1.1842e-06,9.0762e-09,1.0125e-06
18.124,0.00033332,0.00033334,0.00033249,0.0003335,1.1647e-06,8.779e-09,9.8464e-07
18.377,0.00033332,0.00033334,0.00033251,0.00033349,1.1457e-06,8.4897e-09,9.5758e-07
18.632,0.00033332,0.00033334,0.00033252,0.00033347,1.1273e-06,8.2081e-09,9.3126e-07
18.892,0.00033332,0.00033334,0.00033253,0.00033346,1.1094e-06,7.9342e-09,9.0566e-07
19.155,0.00033332,0.00033334,0.00033255,0.00033345,1.092e-06,7.6676e-09,8.8077e-07
19.422,0.00033332,0.00033334,0.00033256,0.00033344,1.075e-06,7.4084e-09,8.5656e-07
19.692,0.00033332,0.00033334,0.00033257,0.00033342,1.0585e-06,7.1563e-09,8.3301e-07
19.966,0.00033332,0.00033334,0.00033258,0.00033341,1.0425e-06,6.9112e-09,8.1011e-07
20.244,0.00033332,0.00033334,0.00033259,0.0003334,1.0269e-06,6.673e-09,7.8784e-07
20.526,0.00033332,0.00033334,0.00033261,0.00033339,1.0117e-06,6.4416e-09,7.6618e-07
20.812,0.00033332,0.00033334,0.00033262,0.00033338,9.9697e-07,6.2167e-09,7.4511e-07
21.102,0.00033333,0.00033334,0.00033263,0.00033337,9.8262e-07,5.9984e-09,7.2463e-07
21.396,0.00033333,0.00033334,0.00033264,0.00033336,9.6867e-07,5.7863e-09,7.047e-07
21.694,0.00033333,0.00033334,0.00033265,0.00033335,9.5509e-07,5.5805e-09,6.8532e-07
21.996,0.00033333,0.00033334,0.00033266,0.00033334,9.4189e-07,5.3807e-09,6.6648e-07
22.302,0.00033333,0.00033334,0.00033267,0.00033333,9.2905e-07,5.1868e-09,6.4815e-07
22.613,0.00033333,0.00033334,0.00033268,0.00033332,9.1656e-07,4.9987e-09,6.3033e-07
22.928,0.00033333,0.00033334,0.00033268,0.00033331,9.0442e-07,4.8162e-09,6.1299e-07
23.247,0.00033333,0.00033334,0.00033269,0.0003333,8.926e-07,4.6393e-09,5.9613e-07
23.571,0.00033333,0.00033334,0.0003327,0.00033329,8.8111e-07,4.4677e-09,5.7974e-07
23.899,0.00033333,0.00033334,0.00033271,0.00033328,8.6994e-07,4.3014e-09,5.6379e-07
24.232,0.00033333,0.00033334,0.00033272,0.00033328,8.5907e-07,4.1402e-09,5.4829e-07
24.569,0.00033333,0.00033334,0.00033273,0.00033327,8.485e-07,3.984e-09,5.3321e-07
24.911,0.00033333,0.00033334,0.00033273,0.00033326,8.3822e-07,3.8326e-09,5.1854e-07
25.258,0.00033333,0.00033334,0.00033274,0.00033325,8.2822e-07,3.686e-09,5.0428e-07
25.61,0.00033333,0.00033334,0.00033275,0.00033325,8.1849e-07,3.5439e-09,4.9041e-07
25.967,0.00033333,0.00033334,0.00033275,0.00033324,8.0904e-07,3.4063e-09,4.7692e-07
26.328,0.00033333,0.00033334,0.00033276,0.00033323,7.9984e-07,3.2731e-09,4.6381e-07
26.695,0.00033333,0.00033334,0.00033277,0.00033323,7.9089e-07,3.1441e-09,4.5105e-07
27.067,0.00033333,0.00033334,0.00033277,0.00033322,7.8219e-07,3.0193e-09,4.3865e-07
27.443,0.00033333,0.00033334,0.00033278,0.00033321,7.7373e-07,2.8984e-09,4.2659e-07
27.826,0.00033333,0.00033334,0.00033279,0.00033321,7.6551e-07,2.7815e-09,4.1486e-07
28.213,0.00033333,0.00033334,0.00033279,0.0003332,7.575e-07,2.6683e-09,4.0346e-07
28.606,0.00033333,0.00033334,0.0003328,0.0003332,7.4972e-07,2.5588e-09,3.9237e-07
29.004,0.00033333,0.00033334,0.0003328,0.00033319,7.4216e-07,2.4529e-09,3.8158e-07
29.408,0.00033333,0.00033334,0.00033281,0.00033318,7.348e-07,2.3504e-09,3.711e-07
29.818,0.00033333,0.00033334,0.00033281,0.00033318,7.2764e-07,2.2514e-09,3.609e-07
30.233,0.00033333,0.00033334,0.00033282,0.00033317,7.2069e-07,2.1556e-09,3.5099e-07
30.654,0.00033333,0.00033334,0.00033282,0.00033317,7.1392e-07,2.063e-09,3.4135e-07
31.081,0.00033333,0.00033334,0.00033283,0.00033316,7.0734e-07,1.9735e-09,3.3198e-07
31.514,0.00033333,0.00033334,0.00033283,0.00033316,7.0095e-07,1.8871e-09,3.2286e-07
31.952,0.00033333,0.00033334,0.00033284,0.00033316,6.9473e-07,1.8035e-09,3.1401e-07
32.397,0.00033333,0.00033334,0.00033284,0.00033315,6.8868e-07,1.7229e-09,3.0539e-07
32.849,0.00033333,0.00033334,0.00033285,0.00033315,6.828e-07,1.645e-09,2.9702e-07
33.306,0.00033333,0.00033334,0.00033285,0.00033314,6.7708e-07,1.5698e-09,2.8888e-07
33.77,0.00033333,0.00033334,0.00033286,0.00033314,6.7153e-07,1.4973e-09,2.8096e-07
34.24,0.00033333,0.00033334,0.00033286,0.00033313,6.6612e-07,1.4273e-09,2.7327e-07
34.717,0.00033333,0.00033334,0.00033286,0.00033313,6.6087e-07,1.3599e-09,2.6579e-07
35.2,0.00033333,0.00033334,0.00033287,0.00033313,6.5577e-07,1.2949e-09,2.5852e-07
35.69,0.00033333,0.00033334,0.00033287,0.00033312,6.5081e-07,1.2322e-09,2.5145e-07
36.187,0.00033333,0.00033334,0.00033287,0.00033312,6.4598e-07,1.172e-09,2.4458e-07
36.691,0.00033333,0.00033334,0.00033288,0.00033312,6.413e-07,1.114e-09,2.3791e-07
37.202,0.00033333,0.00033334,0.00033288,0.00033311,6.3674e-07,1.0582e-09,2.3142e-07
37.72,0.00033333,0.00033334,0.00033288,0.00033311,6.3231e-07,1.0047e-09,2.2511e-07
38.246,0.00033333,0.00033334,0.00033289,0.00033311,6.2801e-07,9.533e-10,2.1898e-07
38.778,0.00033333,0.00033334,0.00033289,0.0003331,6.2383e-07,9.0404e-10,2.1302e-07
39.318,0.00033333,0.00033334,0.00033289,0.0003331,6.1976e-07,8.5688e-10,2.0724e-07
39.866,0.00033333,0.00033334,0.0003329,0.0003331,6.1582e-07,8.1179e-10,2.0161e-07
40.421,0.00033333,0.00033334,0.0003329,0.00033309,6.1198e-07,7.6876e-10,1.9615e-07
40.984,0.00033333,0.00033334,0.0003329,0.00033309,6.0826e-07,7.2776e-10,1.9084e-07
41.555,0.00033333,0.00033334,0.0003329,0.00033309,6.0464e-07,6.8878e-10,1.8568e-07
42.133,0.00033333,0.00033334,0.00033291,0.00033309,6.0112e-07,6.5182e-10,1.8067e-07
42.72,0.00033333,0.00033334,0.00033291,0.00033308,5.9771e-07,6.1687e-10,1.758e-07
43.315,0.00033333,0.00033334,0.00033291,0.00033308,5.9439e-07,5.8395e-10,1.7107e-07
43.918,0.00033333,0.00033334,0.00033291,0.00033308,5.9117e-07,5.5305e-10,1.6648e-07
44.53,0.00033333,0.00033334,0.00033292,0.00033308,5.8804e-07,5.242e-10,1.6202e-07
45.15,0.00033333,0.00033334,0.00033292,0.00033307,5.8501e-07,4.9741e-10,1.5769e-07
45.778,0.00033333,0.00033334,0.00033292,0.00033307,5.8206e-07,4.7269e-10,1.5349e-07
46.416,0.00033333,0.00033334,0.00033292,0.00033307,5.792e-07,4.5006e-10,1.494e-07
47.062,0.00033333,0.00033334,0.00033292,0.00033307,5.7643e-07,4.2954e-10,1.4544e-07
47.718,0.00033333,0.00033334,0.00033293,0.00033307,5.7374e-07,4.1114e-10,1.4159e-07
48.382,0.00033333,0.00033333,0.00033293,0.00033306,5.7112e-07,3.9485e-10,1.3786e-07
49.056,0.00033333,0.00033333,0.00033293,0.00033306,5.6859e-07,3.8065e-10,1.3423e-07
49.739,0.00033333,0.00033333,0.00033293,0.00033306,5.6613e-07,3.6852e-10,1.3072e-07
50.432,0.00033333,0.00033333,0.00033293,0.00033306,5.6375e-07,3.5841e-10,1.273e-07
51.134,0.00033333,0.00033333,0.00033294,0.00033306,5.6144e-07,3.5023e-10,1.2399e-07
51.846,0.00033333,0.00033333,0.00033294,0.00033305,5.592e-07,3.4391e-10,1.2078e-07
52.568,0.00033333,0.00033333,0.00033294,0.00033305,5.5703e-07,3.3931e-10,1.1767e-07
53.3,0.00033333,0.00033333,0.00033294,0.00033305,5.5492e-07,3.3631e-10,1.1465e-07
54.042,0.00033333,0.00033333,0.00033294,0.00033305,5.5288e-07,3.3475e-10,1.1172e-07
54.795,0.00033333,0.00033333,0.00033294,0.00033305,5.5091e-07,3.345e-10,1.0889e-07
55.558,0.00033333,0.00033333,0.00033294,0.00033305,5.49e-07,3.3538e-10,1.0614e-07
56.331,0.00033333,0.00033333,0.00033295,0.00033305,5.4715e-07,3.3724e-10,1.0347e-07
57.116,0.00033333,0.00033333,0.00033295,0.00033304,5.4536e-07,3.3994e-10,1.0089e-07
57.911,0.00033333,0.00033333,0.00033295,0.00033304,5.4363e-07,3.4333e-10,9.8391e-08
58.718,0.00033333,0.00033333,0.00033295,0.00033304,5.4195e-07,3.4728e-10,9.5971e-08
59.535,0.00033333,0.00033333,0.00033295,0.00033304,5.4034e-07,3.5167e-10,9.3628e-08
60.364,0.00033333,0.00033333,0.00033295,0.00033304,5.3877e-07,3.564e-10,9.1361e-08
61.205,0.00033333,0.00033333,0.00033295,0.00033304,5.3726e-07,3.6137e-10,8.9167e-08
62.057,0.00033333,0.00033333,0.00033295,0.00033304,5.358e-07,3.6651e-10,8.7046e-08
62.921,0.00033333,0.00033333,0.00033296,0.00033304,5.3439e-07,3.7173e-10,8.4995e-08
63.798,0.00033333,0.00033333,0.00033296,0.00033303,5.3303e-07,3.7699e-10,8.3012e-08
64.686,0.00033333,0.00033333,0.00033296,0.00033303,5.3172e-07,3.8223e-10,8.1097e-08
65.587,0.00033333,0.00033333,0.00033296,0.00033303,5.3046e-07,3.874e-10,7.9247e-08
66.5,0.00033333,0.00033333,0.00033296,0.00033303,5.2925e-07,3.9247e-10,7.7461e-08
67.426,0.00033333,0.00033333,0.00033296,0.00033303,5.2808e-07,3.9741e-10,7.5738e-08
68.365,0.00033333,0.00033333,0.00033296,0.00033303,5.2695e-07,4.0219e-10,7.4075e-08
69.317,0.00033333,0.00033333,0.00033296,0.00033303,5.2587e-07,4.068e-10,7.2473e-08
70.282,0.00033333,0.00033333,0.00033296,0.00033303,5.2483e-07,4.112e-10,7.0929e-08
71.261,0.00033333,0.00033333,0.00033296,0.00033303,5.2383e-07,4.154e-10,6.9442e-08
72.253,0.00033333,0.00033333,0.00033296,0.00033303,5.2287e-07,4.1939e-10,6.8011e-08
73.26,0.00033333,0.00033333,0.00033296,0.00033303,5.2196e-07,4.2314e-10,6.6634e-08
74.28,0.00033333,0.00033333,0.00033296,0.00033302,5.2108e-07,4.2667e-10,6.5311e-08
75.314,0.00033333,0.00033333,0.00033297,0.00033302,5.2024e-07,4.2996e-10,6.4041e-08
76.363,0.00033333,0.00033333,0.00033297,0.00033302,5.1944e-07,4.3302e-10,6.2821e-08
77.426,0.00033333,0.00033333,0.00033297,0.00033302,5.1868e-07,4.3584e-10,6.1652e-08
78.505,0.00033333,0.00033333,0.00033297,0.00033302,5.1795e-07,4.3843e-10,6.0532e-08
79.598,0.00033333,0.00033333,0.00033297,0.00033302,5.1726e-07,4.4078e-10,5.946e-08
80.706,0.00033333,0.00033333,0.00033297,0.00033302,5.1661e-07,4.429e-10,5.8435e-08
81.83,0.00033333,0.00033333,0.00033297,0.00033302,5.1599e-07,4.448e-10,5.7457e-08
82.97,0.00033333,0.00033333,0.00033297,0.00033302,5.154e-07,4.4648e-10,5.6524e-08
84.125,0.00033333,0.00033333,0.00033297,0.00033302,5.1485e-07,4.4794e-10,5.5635e-08
85.296,0.00033333,0.00033333,0.00033297,0.00033302,5.1433e-07,4.4918e-10,5.479e-08
86.484,0.00033333,0.00033333,0.00033297,0.00033302,5.1384e-07,4.5023e-10,5.3988e-08
87.689,0.00033333,0.00033333,0.00033297,0.00033302,5.1338e-07,4.5107e-10,5.3227e-08
88.91,0.00033333,0.00033333,0.00033297,0.00033302,5.1296e-07,4.5172e-10,5.2508e-08
90.148,0.00033333,0.00033333,0.00033297,0.00033302,5.1256e-07,4.5218e-10,5.1829e-08
91.403,0.00033333,0.00033333,0.00033297,0.00033302,5.122e-07,4.5246e-10,5.119e-08
92.676,0.00033333,0.00033333,0.00033297,0.00033301,5.1186e-07,4.5257e-10,5.059e-08
93.966,0.00033333,0.00033333,0.00033297,0.00033301,5.1156e-07,4.525e-10,5.0029e-08
95.275,0.00033333,0.00033333,0.00033297,0.00033301,5.1128e-07,4.5228e-10,4.9505e-08
96.602,0.00033333,0.00033333,0.00033297,0.00033301,5.1103e-07,4.5191e-10,4.9018e-08
97.947,0.00033333,0.00033333,0.00033297,0.00033301,5.1082e-07,4.5139e-10,4.8567e-08
99.311,0.00033333,0.00033333,0.00033297,0.00033301,5.1062e-07,4.5073e-10,4.8153e-08
100.69,0.00033333,0.00033333,0.00033297,0.00033301,5.1046e-07,4.4993e-10,4.7773e-08
102.1,0.00033333,0.00033333,0.00033297,0.00033301,5.1033e-07,4.4901e-10,4.7429e-08
103.52,0.00033333,0.00033333,0.00033297,0.00033301,5.1022e-07,4.4797e-10,4.7118e-08
104.96,0.00033333,0.00033333,0.00033297,0.00033301,5.1013e-07,4.4682e-10,4.6842e-08
106.42,0.00033333,0.00033333,0.00033297,0.00033301,5.1008e-07,4.4556e-10,4.6598e-08
107.9,0.00033333,0.00033333,0.00033297,0.00033301,5.1005e-07,4.442e-10,4.6387e-08
109.41,0.00033333,0.00033333,0.00033297,0.00033301,5.1004e-07,4.4274e-10,4.6209e-08
110.93,0.00033333,0.00033333,0.00033297,0.00033301,5.1006e-07,4.412e-10,4.6062e-08
112.47,0.00033333,0.00033333,0.00033297,0.00033301,5.1011e-07,4.3958e-10,4.5946e-08
114.04,0.00033333,0.00033333,0.00033297,0.00033301,5.1018e-07,4.3787e-10,4.5862e-08
115.63,0.00033333,0.00033333,0.00033297,0.00033301,5.1028e-07,4.361e-10,4.5808e-08
117.24,0.00033333,0.00033333,0.00033297,0.00033301,5.104e-07,4.3427e-10,4.5784e-08
118.87,0.00033333,0.00033333,0.00033297,0.00033301,5.1054e-07,4.3237e-10,4.5789e-08
120.53,0.00033333,0.00033333,0.00033297,0.00033301,5.1071e-07,4.3042e-10,4.5824e-08
122.2,0.00033333,0.00033333,0.00033297,0.00033301,5.1091e-07,4.2842e-10,4.5889e-08
123.91,0.00033333,0.00033333,0.00033297,0.00033301,5.1112e-07,4.2637e-10,4.5981e-08
125.63,0.00033333,0.00033333,0.00033297,0.00033301,5.1137e-07,4.2429e-10,4.6102e-08
127.38,0.00033333,0.00033333,0.00033297,0.00033301,5.1163e-07,4.2217e-10,4.6252e-08
129.15,0.00033333,0.00033333,0.00033297,0.00033301,5.1192e-07,4.2002e-10,4.6428e-08
130.95,0.00033333,0.00033333,0.00033297,0.00033301,5.1224e-07,4.1784e-10,4.6633e-08
132.78,0.00033333,0.00033333,0.00033297,0.00033301,5.1257e-07,4.1564e-10,4.6864e-08
134.63,0.00033333,0.00033333,0.00033297,0.00033301,5.1293e-07,4.1342e-10,4.7122e-08
136.5,0.00033333,0.00033333,0.00033297,0.000333,5.1332e-07,4.1118e-10,4.7407e-08
138.4,0.00033333,0.00033333,0.00033297,0.000333,5.1372e-07,4.0893e-10,4.7719e-08
140.33,0.00033333,0.00033333,0.00033297,0.000333,5.1416e-07,4.0667e-10,4.8056e-08
142.28,0.00033333,0.00033333,0.00033297,0.000333,5.1461e-07,4.0441e-10,4.8419e-08
144.26,0.00033333,0.00033333,0.00033297,0.000333,5.1509e-07,4.0214e-10,4.8808e-08
146.27,0.00033333,0.00033333,0.00033297,0.000333,5.1559e-07,3.9988e-10,4.9222e-08
148.31,0.00033333,0.00033333,0.00033297,0.000333,5.1612e-07,3.9761e-10,4.9661e-08
150.38,0.00033333,0.00033333,0.00033297,0.000333,5.1667e-07,3.9535e-10,5.0126e-08
152.47,0.00033333,0.00033333,0.00033297,0.000333,5.1724e-07,3.931e-10,5.0615e-08
154.59,0.00033333,0.00033333,0.00033296,0.000333,5.1784e-07,3.9086e-10,5.1129e-08
156.75,0.00033333,0.00033333,0.00033296,0.000333,5.1846e-07,3.8863e-10,5.1667e-08
158.93,0.00033333,0.00033333,0.00033296,0.000333,5.191e-07,3.8641e-10,5.2229e-08
161.14,0.00033333,0.00033333,0.00033296,0.000333,5.1977e-07,3.842e-10,5.2816e-08
163.39,0.00033333,0.00033333,0.00033296,0.000333,5.2046e-07,3.8202e-10,5.3426e-08
165.66,0.00033333,0.00033333,0.00033296,0.000333,5.2118e-07,3.7985e-10,5.406e-08
167.97,0.00033333,0.00033333,0.00033296,0.000333,5.2193e-07,3.777e-10,5.4718e-08
170.31,0.00033333,0.00033333,0.00033296,0.000333,5.2269e-07,3.7557e-10,5.54e-08
172.68,0.00033333,0.00033333,0.00033296,0.000333,5.2349e-07,3.7347e-10,5.6105e-08
175.08,0.00033333,0.00033333,0.00033296,0.000333,5.2431e-07,3.7138e-10,5.6833e-08
177.52,0.00033333,0.00033333,0.00033296,0.000333,5.2515e-07,3.6933e-10,5.7584e-08
179.99,0.00033333,0.00033333,0.00033296,0.000333,5.2602e-07,3.673e-10,5.8358e-08
182.5,0.00033333,0.00033333,0.00033296,0.000333,5.2692e-07,3.653e-10,5.9155e-08
185.04,0.00033333,0.00033333,0.00033296,0.000333,5.2784e-07,3.6333e-10,5.9976e-08
187.62,0.00033333,0.00033333,0.00033296,0.000333,5.2879e-07,3.6139e-10,6.0818e-08
190.23,0.00033333,0.00033333,0.00033296,0.000333,5.2977e-07,3.5948e-10,6.1684e-08
192.88,0.00033333,0.00033333,0.00033295,0.00033299,5.3077e-07,3.5761e-10,6.2572e-08
195.57,0.00033333,0.00033333,0.00033295,0.00033299,5.3181e-07,3.5577e-10,6.3483e-08
198.29,0.00033333,0.00033333,0.00033295,0.00033299,5.3287e-07,3.5397e-10,6.4416e-08
201.05,0.00033333,0.00033333,0.00033295,0.00033299,5.3396e-07,3.522e-10,6.5372e-08
203.85,0.00033333,0.00033333,0.00033295,0.00033299,5.3508e-07,3.5048e-10,6.635e-08
206.69,0.00033333,0.00033333,0.00033295,0.00033299,5.3623e-07,3.488e-10,6.735e-08
209.57,0.00033333,0.00033333,0.00033295,0.00033299,5.3741e-07,3.4716e-10,6.8373e-08
212.48,0.00033333,0.00033333,0.00033295,0.00033299,5.3862e-07,3.4556e-10,6.9418e-08
215.44,0.00033333,0.00033333,0.00033295,0.00033299,5.3986e-07,3.4402e-10,7.0486e-08
218.44,0.00033333,0.00033333,0.00033295,0.00033299,5.4113e-07,3.4252e-10,7.1576e-08
221.49,0.00033333,0.00033333,0.00033295,0.00033299,5.4244e-07,3.4108e-10,7.2688e-08
224.57,0.00033333,0.00033333,0.00033294,0.00033299,5.4377e-07,3.3969e-10,7.3822e-08
227.7,0.00033333,0.00033333,0.00033294,0.00033299,5.4515e-07,3.3836e-10,7.4979e-08
230.87,0.00033333,0.00033333,0.00033294,0.00033299,5.4655e-07,3.3709e-10,7.6158e-08
234.08,0.00033333,0.00033333,0.00033294,0.00033299,5.4799e-07,3.3588e-10,7.7359e-08
237.34,0.00033333,0.00033333,0.00033294,0.00033298,5.4947e-07,3.3473e-10,7.8583e-08
240.65,0.00033333,0.00033333,0.00033294,0.00033298,5.5098e-07,3.3365e-10,7.9829e-08
244,0.00033333,0.00033333,0.00033294,0.00033298,5.5253e-07,3.3264e-10,8.1098e-08
247.4,0.00033333,0.00033333,0.00033294,0.00033298,5.5412e-07,3.317e-10,8.2389e-08
250.84,0.00033333,0.00033333,0.00033294,0.00033298,5.5574e-07,3.3084e-10,8.3703e-08
254.33,0.00033333,0.00033333,0.00033293,0.00033298,5.574e-07,3.3005e-10,8.5039e-08
257.88,0.00033333,0.00033333,0.00033293,0.00033298,5.5911e-07,3.2934e-10,8.6398e-08
261.47,0.00033333,0.00033333,0.00033293,0.00033298,5.6085e-07,3.2872e-10,8.778e-08
265.11,0.00033333,0.00033333,0.00033293,0.00033298,5.6263e-07,3.2819e-10,8.9185e-08
268.8,0.00033333,0.00033333,0.00033293,0.00033297,5.6446e-07,3.2774e-10,9.0613e-08
272.54,0.00033333,0.00033333,0.00033293,0.00033297,5.6633e-07,3.2738e-10,9.2064e-08
276.34,0.00033333,0.00033333,0.00033293,0.00033297,5.6824e-07,3.2712e-10,9.3538e-08
280.19,0.00033333,0.00033333,0.00033292,0.00033297,5.702e-07,3.2696e-10,9.5036e-08
284.09,0.00033333,0.00033333,0.00033292,0.00033297,5.722e-07,3.2689e-10,9.6557e-08
288.04,0.00033333,0.00033333,0.00033292,0.00033297,5.7425e-07,3.2693e-10,9.8102e-08
292.06,0.00033333,0.00033333,0.00033292,0.00033297,5.7635e-07,3.2707e-10,9.967e-08
296.12,0.00033333,0.00033333,0.00033292,0.00033297,5.785e-07,3.2732e-10,1.0126e-07
300.25,0.00033333,0.00033333,0.00033292,0.00033296,5.807e-07,3.2768e-10,1.0288e-07
304.43,0.00033333,0.00033333,0.00033291,0.00033296,5.8294e-07,3.2815e-10,1.0452e-07
308.67,0.00033333,0.00033333,0.00033291,0.00033296,5.8524e-07,3.2874e-10,1.0619e-07
312.96,0.00033333,0.00033333,0.00033291,0.00033296,5.8759e-07,3.2944e-10,1.0788e-07
317.32,0.00033333,0.00033333,0.00033291,0.00033296,5.8999e-07,3.3026e-10,1.0959e-07
321.74,0.00033333,0.00033333,0.00033291,0.00033296,5.9245e-07,3.312e-10,1.1133e-07
326.22,0.00033333,0.00033333,0.0003329,0.00033295,5.9497e-07,3.3227e-10,1.1309e-07
330.76,0.00033333,0.00033333,0.0003329,0.00033295,5.9754e-07,3.3346e-10,1.1488e-07
335.37,0.00033333,0.00033333,0.0003329,0.00033295,6.0017e-07,3.3477e-10,1.167e-07
340.04,0.00033333,0.00033333,0.0003329,0.00033295,6.0286e-07,3.3622e-10,1.1854e-07
344.78,0.00033333,0.00033333,0.0003329,0.00033295,6.0561e-07,3.378e-10,1.2041e-07
349.58,0.00033333,0.00033333,0.00033289,0.00033294,6.0842e-07,3.395e-10,1.223e-07
354.45,0.00033333,0.00033333,0.00033289,0.00033294,6.1129e-07,3.4134e-10,1.2423e-07
359.38,0.00033333,0.00033333,0.00033289,0.00033294,6.1423e-07,3.4332e-10,1.2617e-07
364.39,0.00033333,0.00033333,0.00033289,0.00033294,6.1723e-07,3.4544e-10,1.2815e-07
369.46,0.00033333,0.00033333,0.00033288,0.00033294,6.2031e-07,3.4769e-10,1.3015e-07
374.61,0.00033333,0.00033333,0.00033288,0.00033293,6.2344e-07,3.5008e-10,1.3218e-07
379.82,0.00033333,0.00033333,0.00033288,0.00033293,6.2665e-07,3.5261e-10,1.3424e-07
385.11,0.00033333,0.00033333,0.00033288,0.00033293,6.2993e-07,3.5528e-10,1.3632e-07
390.47,0.00033333,0.00033333,0.00033287,0.00033293,6.3328e-07,3.581e-10,1.3844e-07
395.91,0.00033333,0.00033333,0.00033287,0.00033292,6.367e-07,3.6106e-10,1.4058e-07
401.42,0.00033333,0.00033333,0.00033287,0.00033292,6.402e-07,3.6417e-10,1.4276e-07
407.01,0.00033333,0.00033333,0.00033286,0.00033292,6.4377e-07,3.6743e-10,1.4496e-07
412.68,0.00033333,0.00033333,0.00033286,0.00033291,6.4742e-07,3.7083e-10,1.4719e-07
418.43,0.00033333,0.00033333,0.00033286,0.00033291,6.5115e-07,3.7438e-10,1.4945e-07
424.26,0.00033333,0.00033333,0.00033285,0.00033291,6.5496e-07,3.7809e-10,1.5175e-07
430.16,0.00033333,0.00033333,0.00033285,0.0003329,6.5886e-07,3.8194e-10,1.5407e-07
436.15,0.00033333,0.00033333,0.00033285,0.0003329,6.6283e-07,3.8595e-10,1.5643e-07
442.23,0.00033333,0.00033333,0.00033284,0.0003329,6.6689e-07,3.9011e-10,1.5882e-07
448.39,0.00033333,0.00033333,0.00033284,0.00033289,6.7104e-07,3.9442e-10,1.6124e-07
454.63,0.00033333,0.00033333,0.00033284,0.00033289,6.7527e-07,3.989e-10,1.6369e-07
460.96,0.00033333,0.00033333,0.00033283,0.00033289,6.796e-07,4.0353e-10,1.6617e-07
467.38,0.00033333,0.00033333,0.00033283,0.00033288,6.8401e-07,4.0832e-10,1.6869e-07
473.89,0.00033333,0.00033333,0.00033282,0.00033288,6.8852e-07,4.1327e-10,1.7125e-07
480.49,0.00033333,0.00033333,0.00033282,0.00033287,6.9312e-07,4.1838e-10,1.7383e-07
487.18,0.00033333,0.00033333,0.00033282,0.00033287,6.9781e-07,4.2366e-10,1.7645e-07
493.96,0.00033333,0.00033333,0.00033281,0.00033287,7.0261e-07,4.291e-10,1.7911e-07
500.84,0.00033333,0.00033333,0.00033281,0.00033286,7.075e-07,4.3472e-10,1.818e-07
507.82,0.00033333,0.00033333,0.0003328,0.00033286,7.1249e-07,4.405e-10,1.8453e-07
514.89,0.00033333,0.00033333,0.0003328,0.00033285,7.1759e-07,4.4645e-10,1.8729e-07
522.06,0.00033333,0.00033333,0.00033279,0.00033285,7.2279e-07,4.5258e-10,1.901e-07
529.33,0.00033333,0.00033333,0.00033279,0.00033284,7.2809e-07,4.5889e-10,1.9294e-07
536.7,0.00033333,0.00033333,0.00033278,0.00033284,7.335e-07,4.6538e-10,1.9581e-07
544.17,0.00033333,0.00033333,0.00033278,0.00033283,7.3902e-07,4.7205e-10,1.9873e-07
551.75,0.00033333,0.00033333,0.00033277,0.00033283,7.4465e-07,4.7891e-10,2.0168e-07
559.43,0.00033333,0.00033333,0.00033277,0.00033282,7.504e-07,4.8595e-10,2.0468e-07
567.22,0.00033333,0.00033333,0.00033276,0.00033282,7.5625e-07,4.9319e-10,2.0771e-07
575.12,0.00033333,0.00033333,0.00033275,0.00033281,7.6223e-07,5.0063e-10,2.1079e-07
583.13,0.00033333,0.00033333,0.00033275,0.0003328,7.6832e-07,5.0827e-10,2.139e-07
591.25,0.00033333,0.00033333,0.00033274,0.0003328,7.7453e-07,5.1611e-10,2.1706e-07
599.48,0.00033333,0.00033333,0.00033274,0.00033279,7.8086e-07,5.2416e-10,2.2026e-07
607.83,0.00033333,0.00033333,0.00033273,0.00033278,7.8732e-07,5.3243e-10,2.235e-07
616.3,0.00033333,0.00033333,0.00033272,0.00033278,7.939e-07,5.4092e-10,2.2679e-07
624.88,0.00033333,0.00033333,0.00033271,0.00033277,8.006e-07,5.4963e-10,2.3012e-07
633.58,0.00033333,0.00033333,0.00033271,0.00033276,8.0744e-07,5.5856e-10,2.335e-07
642.4,0.00033333,0.00033333,0.0003327,0.00033276,8.1441e-07,5.6774e-10,2.3692e-07
651.35,0.00033333,0.00033333,0.00033269,0.00033275,8.2151e-07,5.7715e-10,2.4038e-07
660.42,0.00033333,0.00033333,0.00033268,0.00033274,8.2874e-07,5.8682e-10,2.439e-07
669.62,0.00033333,0.00033333,0.00033268,0.00033273,8.3611e-07,5.9673e-10,2.4746e-07
678.94,0.00033333,0.00033333,0.00033267,0.00033272,8.4362e-07,6.0691e-10,2.5106e-07
688.4,0.00033333,0.00033333,0.00033266,0.00033272,8.5127e-07,6.1735e-10,2.5472e-07
697.98,0.00033333,0.00033333,0.00033265,0.00033271,8.5906e-07,6.2807e-10,2.5842e-07
707.7,0.00033333,0.00033333,0.00033264,0.0003327,8.6699e-07,6.3907e-10,2.6218e-07
717.56,0.00033333,0.00033333,0.00033263,0.00033269,8.7508e-07,6.5037e-10,2.6599e-07
727.55,0.00033333,0.00033333,0.00033262,0.00033268,8.8331e-07,6.6196e-10,2.6984e-07
737.68,0.00033333,0.00033333,0.00033261,0.00033267,8.9169e-07,6.7386e-10,2.7375e-07
747.95,0.00033333,0.00033333,0.0003326,0.00033266,9.0022e-07,6.8607e-10,2.7771e-07
758.37,0.00033333,0.00033333,0.00033259,0.00033265,9.0891e-07,6.9861e-10,2.8173e-07
768.93,0.00033333,0.00033333,0.00033258,0.00033264,9.1776e-07,7.1148e-10,2.858e-07
779.64,0.00033333,0.00033333,0.00033257,0.00033263,9.2676e-07,7.247e-10,2.8992e-07
790.49,0.00033333,0.00033333,0.00033256,0.00033262,9.3593e-07,7.3828e-10,2.941e-07
801.5,0.00033333,0.00033333,0.00033255,0.0003326,9.4526e-07,7.5222e-10,2.9834e-07
812.66,0.00033333,0.00033333,0.00033254,0.00033259,9.5475e-07,7.6653e-10,3.0263e-07
823.98,0.00033333,0.00033333,0.00033253,0.00033258,9.6442e-07,7.8123e-10,3.0698e-07
835.45,0.00033333,0.00033333,0.00033251,0.00033257,9.7425e-07,7.9634e-10,3.1139e-07
847.09,0.00033333,0.00033333,0.0003325,0.00033256,9.8425e-07,8.1185e-10,3.1586e-07
858.88,0.00033333,0.00033333,0.00033249,0.00033254,9.9443e-07,8.2779e-10,3.2039e-07
870.84,0.00033333,0.00033333,0.00033247,0.00033253,1.0048e-06,8.4416e-10,3.2499e-07
882.97,0.00033333,0.00033333,0.00033246,0.00033251,1.0153e-06,8.6098e-10,3.2964e-07
895.27,0.00033333,0.00033333,0.00033244,0.0003325,1.026e-06,8.7827e-10,3.3436e-07
907.73,0.00033333,0.00033333,0.00033243,0.00033249,1.0369e-06,8.9603e-10,3.3914e-07
920.37,0.00033333,0.00033333,0.00033242,0.00033247,1.048e-06,9.1428e-10,3.4398e-07
933.19,0.00033333,0.00033333,0.0003324,0.00033245,1.0593e-06,9.3304e-10,3.489e-07
946.18,0.00033333,0.00033333,0.00033238,0.00033244,1.0708e-06,9.5232e-10,3.5387e-07
959.36,0.00033333,0.00033333,0.00033237,0.00033242,1.0824e-06,9.7213e-10,3.5892e-07
972.72,0.00033333,0.00033333,0.00033235,0.0003324,1.0943e-06,9.925e-10,3.6403e-07
986.27,0.00033333,0.00033333,0.00033233,0.00033239,1.1064e-06,1.0134e-09,3.6922e-07
1000,0.00033333,0.00033333,0.00033231,0.00033237,1.1186e-06,1.035e-09,3.7447e-07
1013.9,0.00033333,0.00033333,0.0003323,0.00033235,1.1311e-06,1.0571e-09,3.798e-07
1028,0.00033333,0.00033333,0.00033228,0.00033233,1.1438e-06,1.0798e-09,3.852e-07
1042.4,0.00033333,0.00033333,0.00033226,0.00033231,1.1566e-06,1.1032e-09,3.9067e-07
1056.9,0.00033333,0.00033333,0.00033224,0.00033229,1.1697e-06,1.1273e-09,3.9621e-07
1071.6,0.00033333,0.00033333,0.00033222,0.00033227,1.183e-06,1.152e-09,4.0183e-07
1086.5,0.00033333,0.00033333,0.0003322,0.00033225,1.1966e-06,1.1775e-09,4.0753e-07
1101.6,0.00033333,0.00033333,0.00033217,0.00033223,1.2103e-06,1.2036e-09,4.1331e-07
1117,0.00033333,0.00033333,0.00033215,0.00033221,1.2243e-06,1.2305e-09,4.1916e-07
1132.5,0.00033333,0.00033333,0.00033213,0.00033218,1.2385e-06,1.2582e-09,4.2509e-07
1148.3,0.00033333,0.00033333,0.00033211,0.00033216,1.2529e-06,1.2866e-09,4.3111e-07
1164.3,0.00033333,0.00033333,0.00033208,0.00033213,1.2675e-06,1.3159e-09,4.3721e-07
1180.5,0.00033333,0.00033333,0.00033206,0.00033211,1.2824e-06,1.346e-09,4.4339e-07
1197,0.00033333,0.00033333,0.00033203,0.00033208,1.2975e-06,1.3769e-09,4.4965e-07
1213.6,0.00033333,0.00033333,0.00033201,0.00033206,1.3129e-06,1.4088e-09,4.56e-07
1230.5,0.00033333,0.00033333,0.00033198,0.00033203,1.3285e-06,1.4415e-09,4.6243e-07
1247.7,0.00033333,0.00033333,0.00033195,0.000332,1.3444e-06,1.4752e-09,4.6896e-07
1265,0.00033333,0.00033333,0.00033192,0.00033197,1.3605e-06,1.5099e-09,4.7557e-07
1282.6,0.00033333,0.00033333,0.00033189,0.00033194,1.3769e-06,1.5456e-09,4.8227e-07
1300.5,0.00033333,0.00033333,0.00033186,0.00033191,1.3935e-06,1.5823e-09,4.8907e-07
1318.6,0.00033333,0.00033333,0.00033183,0.00033188,1.4104e-06,1.6201e-09,4.9595e-07
1337,0.00033333,0.00033333,0.0003318,0.00033185,1.4275e-06,1.6589e-09,5.0293e-07
1355.6,0.00033333,0.00033333,0.00033177,0.00033182,1.4449e-06,1.6989e-09,5.1001e-07
1374.5,0.00033333,0.00033333,0.00033173,0.00033178,1.4626e-06,1.7401e-09,5.1718e-07
1393.6,0.00033333,0.00033333,0.0003317,0.00033175,1.4805e-06,1.7824e-09,5.2445e-07
1413,0.00033333,0.00033333,0.00033166,0.00033171,1.4988e-06,1.826e-09,5.3182e-07
1432.7,0.00033333,0.00033333,0.00033163,0.00033167,1.5173e-06,1.8709e-09,5.3929e-07
1452.7,0.00033333,0.00033333,0.00033159,0.00033164,1.5361e-06,1.9171e-09,5.4686e-07
1472.9,0.00033333,0.00033333,0.00033155,0.0003316,1.5551e-06,1.9647e-09,5.5454e-07
1493.4,0.00033333,0.00033333,0.00033151,0.00033156,1.5745e-06,2.0136e-09,5.6232e-07
1514.2,0.00033333,0.00033333,0.00033147,0.00033152,1.5942e-06,2.0641e-09,5.702e-07
1535.3,0.00033333,0.00033333,0.00033143,0.00033147,1.6141e-06,2.116e-09,5.782e-07
1556.7,0.00033333,0.00033333,0.00033138,0.00033143,1.6344e-06,2.1695e-09,5.863e-07
1578.3,0.00033333,0.00033333,0.00033134,0.00033139,1.655e-06,2.2246e-09,5.9451e-07
1600.3,0.00033333,0.00033333,0.00033129,0.00033134,1.6758e-06,2.2814e-09,6.0284e-07
1622.6,0.00033333,0.00033333,0.00033125,0.00033129,1.697e-06,2.3399e-09,6.1128e-07
1645.2,0.00033333,0.00033333,0.0003312,0.00033124,1.7186e-06,2.4002e-09,6.1983e-07
1668.1,0.00033333,0.00033333,0.00033115,0.00033119,1.7404e-06,2.4624e-09,6.285e-07
1691.3,0.00033333,0.00033333,0.0003311,0.00033114,1.7625e-06,2.5265e-09,6.3729e-07
1714.9,0.00033333,0.00033333,0.00033104,0.00033109,1.785e-06,2.5926e-09,6.462e-07
1738.8,0.00033333,0.00033333,0.00033099,0.00033104,1.8079e-06,2.6608e-09,6.5523e-07
1763,0.00033333,0.00033333,0.00033094,0.00033098,1.831e-06,2.7313e-09,6.6438e-07
1787.5,0.00033333,0.00033333,0.00033088,0.00033092,1.8545e-06,2.804e-09,6.7366e-07
1812.4,0.00033333,0.00033333,0.00033082,0.00033086,1.8784e-06,2.879e-09,6.8307e-07
1837.7,0.00033333,0.00033333,0.00033076,0.0003308,1.9026e-06,2.9566e-09,6.926e-07
1863.2,0.00033333,0.00033333,0.0003307,0.00033074,1.9271e-06,3.0369e-09,7.0226e-07
1889.2,0.00033333,0.00033333,0.00033063,0.00033068,1.9521e-06,3.1198e-09,7.1205e-07
1915.5,0.00033333,0.00033333,0.00033057,0.00033061,1.9774e-06,3.2057e-09,7.2198e-07
1942.2,0.00033333,0.00033333,0.0003305,0.00033054,2.003e-06,3.2947e-09,7.3204e-07
1969.2,0.00033333,0.00033333,0.00033043,0.00033047,2.029e-06,3.3869e-09,7.4224e-07
1996.6,0.00033333,0.00033333,0.00033036,0.0003304,2.0555e-06,3.4826e-09,7.5258e-07
2024.4,0.00033333,0.00033333,0.00033029,0.00033033,2.0822e-06,3.582e-09,7.6306e-07
2052.6,0.00033333,0.00033333,0.00033021,0.00033025,2.1094e-06,3.6853e-09,7.7368e-07
2081.2,0.00033333,0.00033333,0.00033014,0.00033017,2.137e-06,3.7928e-09,7.8444e-07
2110.2,0.00033333,0.00033333,0.00033006,0.00033009,2.165e-06,3.9049e-09,7.9535e-07
2139.6,0.00033333,0.00033333,0.00032998,0.00033001,2.1934e-06,4.0219e-09,8.0641e-07
2169.4,0.00033333,0.00033333,0.00032989,0.00032993,2.2221e-06,4.1442e-09,8.1762e-07
2199.6,0.00033333,0.00033333,0.0003298,0.00032984,2.2513e-06,4.2723e-09,8.2898e-07
2230.2,0.00033333,0.00033333,0.00032972,0.00032975,2.281e-06,4.4068e-09,8.405e-07
2261.3,0.00033333,0.00033333,0.00032963,0.00032966,2.311e-06,4.5482e-09,8.5217e-07
2292.8,0.00033333,0.00033333,0.00032953,0.00032956,2.3415e-06,4.6974e-09,8.64e-07
2324.7,0.00033333,0.00033333,0.00032944,0.00032947,2.3724e-06,4.8551e-09,8.7598e-07
2357.1,0.00033333,0.00033333,0.00032934,0.00032937,2.4037e-06,5.0222e-09,8.8813e-07
2389.9,0.00033333,0.00033333,0.00032923,0.00032926,2.4355e-06,5.1998e-09,9.0045e-07
2423.2,0.00033333,0.00033333,0.00032913,0.00032916,2.4678e-06,5.389e-09,9.1293e-07
2456.9,0.00033333,0.00033333,0.00032902,0.00032905,2.5005e-06,5.5913e-09,9.2558e-07
2491.1,0.00033333,0.00033333,0.00032891,0.00032894,2.5337e-06,5.8079e-09,9.384e-07
2525.8,0.00033333,0.00033333,0.0003288,0.00032882,2.5673e-06,6.0403e-09,9.5139e-07
2561,0.00033333,0.00033333,0.00032868,0.00032871,2.6015e-06,6.2898e-09,9.6456e-07
2596.7,0.00033333,0.00033333,0.00032856,0.00032859,2.6361e-06,6.5576e-09,9.779e-07
2632.8,0.00033333,0.00033333,0.00032844,0.00032846,2.6712e-06,6.8442e-09,9.9143e-07
2669.5,0.00033333,0.00033333,0.00032831,0.00032833,2.7069e-06,7.1495e-09,1.0051e-06
2706.7,0.00033333,0.00033333,0.00032818,0.0003282,2.743e-06,7.4718e-09,1.019e-06
2744.3,0.00033333,0.00033333,0.00032805,0.00032807,2.7797e-06,7.8076e-09,1.0331e-06
2782.6,0.00033333,0.00033333,0.00032791,0.00032793,2.8169e-06,8.151e-09,1.0474e-06
2821.3,0.00033333,0.00033333,0.00032777,0.00032779,2.8547e-06,8.4935e-09,1.0618e-06
2860.6,0.00033333,0.00033333,0.00032762,0.00032764,2.893e-06,8.8242e-09,1.0765e-06
2900.4,0.00033333,0.00033333,0.00032747,0.00032749,2.9319e-06,9.1313e-09,1.0913e-06
2940.8,0.00033333,0.00033333,0.00032732,0.00032733,2.9713e-06,9.4038e-09,1.1064e-06
2981.8,0.00033333,0.00033333,0.00032716,0.00032717,3.0112e-06,9.6338e-09,1.1216e-06
3023.3,0.00033333,0.00033333,0.000327,0.00032701,3.0517e-06,9.8182e-09,1.1371e-06
3065.4,0.00033333,0.00033333,0.00032683,0.00032684,3.0928e-06,9.9597e-09,1.1527e-06
3108.1,0.00033333,0.00033333,0.00032666,0.00032667,3.1343e-06,1.0065e-08,1.1686e-06
3151.4,0.00033333,0.00033333,0.00032649,0.00032649,3.1765e-06,1.0144e-08,1.1846e-06
3195.2,0.00033333,0.00033333,0.0003263,0.00032631,3.2191e-06,1.0206e-08,1.2009e-06
3239.7,0.00033333,0.00033333,0.00032612,0.00032612,3.2623e-06,1.0261e-08,1.2174e-06
3284.9,0.00033333,0.00033333,0.00032593,0.00032593,3.3061e-06,1.0316e-08,1.2341e-06
3330.6,0.00033333,0.00033333,0.00032573,0.00032573,3.3505e-06,1.0378e-08,1.2511e-06
3377,0.00033333,0.00033333,0.00032553,0.00032553,3.3955e-06,1.0449e-08,1.2682e-06
3424,0.00033333,0.00033333,0.00032532,0.00032532,3.4411e-06,1.0533e-08,1.2856e-06
3471.7,0.00033333,0.00033333,0.00032511,0.0003251,3.4873e-06,1.063e-08,1.3032e-06
3520,0.00033333,0.00033333,0.00032489,0.00032488,3.5341e-06,1.0741e-08,1.3211e-06
3569,0.00033333,0.00033333,0.00032466,0.00032465,3.5815e-06,1.0866e-08,1.3392e-06
3618.7,0.00033333,0.00033333,0.00032443,0.00032442,3.6296e-06,1.1005e-08,1.3575e-06
3669.1,0.00033333,0.00033333,0.00032419,0.00032418,3.6784e-06,1.1156e-08,1.376e-06
3720.2,0.00033333,0.00033333,0.00032394,0.00032393,3.7278e-06,1.1319e-08,1.3948e-06
3772,0.00033333,0.00033333,0.00032369,0.00032368,3.7779e-06,1.1494e-08,1.4139e-06
3824.6,0.00033333,0.00033333,0.00032343,0.00032342,3.8286e-06,1.168e-08,1.4332e-06
3877.8,0.00033333,0.00033333,0.00032317,0.00032315,3.88e-06,1.1876e-08,1.4527e-06
3931.8,0.00033333,0.00033333,0.00032289,0.00032287,3.9321e-06,1.2081e-08,1.4725e-06
3986.6,0.00033333,0.00033333,0.00032261,0.00032259,3.985e-06,1.2295e-08,1.4925e-06
4042.1,0.00033333,0.00033333,0.00032232,0.0003223,4.0385e-06,1.2518e-08,1.5128e-06
4098.4,0.00033333,0.00033333,0.00032203,0.000322,4.0927e-06,1.2749e-08,1.5334e-06
4155.5,0.00033333,0.00033333,0.00032172,0.00032169,4.1477e-06,1.2987e-08,1.5542e-06
4213.3,0.00033333,0.00033333,0.00032141,0.00032138,4.2033e-06,1.3232e-08,1.5753e-06
4272,0.00033333,0.00033333,0.00032108,0.00032105,4.2598e-06,1.3484e-08,1.5967e-06
4331.5,0.00033333,0.00033333,0.00032075,0.00032072,4.3169e-06,1.3741e-08,1.6183e-06
4391.8,0.00033333,0.00033333,0.00032041,0.00032037,4.3748e-06,1.4004e-08,1.6402e-06
4453,0.00033333,0.00033333,0.00032006,0.00032002,4.4335e-06,1.4273e-08,1.6624e-06
4515,0.00033333,0.00033333,0.0003197,0.00031966,4.493e-06,1.4544e-08,1.6849e-06
4577.8,0.00033333,0.00033333,0.00031933,0.00031929,4.5532e-06,1.4819e-08,1.7076e-06
4641.6,0.00033333,0.00033333,0.00031895,0.0003189,4.6142e-06,1.51e-08,1.7307e-06
4706.2,0.00033333,0.00033333,0.00031856,0.00031851,4.676e-06,1.5387e-08,1.754e-06
4771.8,0.00033333,0.00033333,0.00031816,0.00031811,4.7386e-06,1.5675e-08,1.7776e-06
4838.2,0.00033333,0.00033333,0.00031775,0.00031769,4.8021e-06,1.5965e-08,1.8015e-06
4905.6,0.00033333,0.00033333,0.00031733,0.00031726,4.8663e-06,1.6257e-08,1.8257e-06
4973.9,0.00033333,0.00033333,0.00031689,0.00031683,4.9314e-06,1.6549e-08,1.8502e-06
5043.2,0.00033333,0.00033333,0.00031644,0.00031638,4.9973e-06,1.6841e-08,1.875e-06
5113.4,0.00033333,0.00033333,0.00031599,0.00031591,5.064e-06,1.7133e-08,1.9001e-06
5184.6,0.00033333,0.00033333,0.00031551,0.00031544,5.1316e-06,1.7423e-08,1.9255e-06
5256.8,0.00033333,0.00033333,0.00031503,0.00031495,5.2001e-06,1.7711e-08,1.9512e-06
5330,0.00033333,0.00033333,0.00031453,0.00031445,5.2694e-06,1.7996e-08,1.9773e-06
5404.2,0.00033333,0.00033333,0.00031402,0.00031393,5.3396e-06,1.8277e-08,2.0036e-06
5479.5,0.00033333,0.00033333,0.00031349,0.0003134,5.4107e-06,1.8552e-08,2.0303e-06
5555.8,0.00033333,0.00033333,0.00031295,0.00031286,5.4827e-06,1.8821e-08,2.0572e-06
5633.1,0.00033333,0.00033333,0.00031239,0.0003123,5.5556e-06,1.9081e-08,2.0845e-06
5711.6,0.00033333,0.00033333,0.00031182,0.00031172,5.6294e-06,1.9333e-08,2.1122e-06
5791.1,0.00033333,0.00033333,0.00031124,0.00031113,5.7041e-06,1.9573e-08,2.1401e-06
5871.8,0.00033333,0.00033333,0.00031063,0.00031052,5.7797e-06,1.9801e-08,2.1684e-06
5953.5,0.00033333,0.00033333,0.00031001,0.0003099,5.8563e-06,2.0015e-08,2.197e-06
6036.4,0.00033333,0.00033333,0.00030938,0.00030926,5.9339e-06,2.0213e-08,2.2259e-06
6120.5,0.00033333,0.00033333,0.00030872,0.0003086,6.0123e-06,2.0393e-08,2.2552e-06
6205.7,0.00033333,0.00033333,0.00030805,0.00030792,6.0918e-06,2.0554e-08,2.2847e-06
6292.1,0.00033333,0.00033333,0.00030736,0.00030723,6.1722e-06,2.0693e-08,2.3147e-06
6379.8,0.00033333,0.00033333,0.00030665,0.00030652,6.2537e-06,2.0809e-08,2.3449e-06
6468.6,0.00033333,0.00033333,0.00030593,0.00030578,6.3361e-06,2.09e-08,2.3755e-06
6558.7,0.00033333,0.00033333,0.00030518,0.00030503,6.4195e-06,2.0965e-08,2.4065e-06
6650,0.00033333,0.00033333,0.00030441,0.00030426,6.5039e-06,2.1004e-08,2.4378e-06
6742.6,0.00033333,0.00033333,0.00030362,0.00030346,6.5894e-06,2.1017e-08,2.4694e-06
6836.5,0.00033333,0.00033333,0.00030281,0.00030265,6.6759e-06,2.1004e-08,2.5014e-06
6931.7,0.00033333,0.00033333,0.00030198,0.00030181,6.7635e-06,2.0969e-08,2.5337e-06
7028.2,0.00033333,0.00033333,0.00030112,0.00030095,6.8521e-06,2.0919e-08,2.5663e-06
7126.1,0.00033333,0.00033333,0.00030024,0.00030007,6.9418e-06,2.0863e-08,2.5993e-06
7225.3,0.00033333,0.00033333,0.00029934,0.00029916,7.0327e-06,2.082e-08,2.6327e-06
7326,0.00033333,0.00033333,0.00029841,0.00029823,7.1246e-06,2.0809e-08,2.6664e-06
7428,0.00033333,0.00033333,0.00029746,0.00029727,7.2176e-06,2.0831e-08,2.7003e-06
7531.4,0.00033333,0.00033333,0.00029648,0.00029629,7.3118e-06,2.0906e-08,2.7346e-06
7636.3,0.00033333,0.00033333,0.00029548,0.00029528,7.4071e-06,2.1109e-08,2.7693e-06
7742.6,0.00033333,0.00033333,0.00029444,0.00029424,7.5037e-06,2.1578e-08,2.8044e-06
7850.5,0.00033333,0.00033333,0.00029338,0.00029317,7.6016e-06,2.2396e-08,2.8398e-06
7959.8,0.00033333,0.00033334,0.0002923,0.00029208,7.7008e-06,2.3622e-08,2.8756e-06
8070.6,0.00033333,0.00033334,0.00029118,0.00029096,7.8013e-06,2.533e-08,2.9117e-06
8183,0.00033333,0.00033334,0.00029003,0.00028981,7.9031e-06,2.7596e-08,2.9481e-06
8297,0.00033333,0.00033334,0.00028885,0.00028862,8.0065e-06,3.0495e-08,2.9849e-06
8412.5,0.00033333,0.00033334,0.00028764,0.00028741,8.1112e-06,3.4094e-08,3.022e-06
8529.6,0.00033333,0.00033334,0.0002864,0.00028616,8.2175e-06,3.845e-08,3.0594e-06
8648.4,0.00033333,0.00033334,0.00028513,0.00028488,8.3254e-06,4.3615e-08,3.0971e-06
8768.9,0.00033333,0.00033334,0.00028382,0.00028357,8.4349e-06,4.9631e-08,3.1352e-06
8891,0.00033333,0.00033334,0.00028248,0.00028222,8.546e-06,5.6532e-08,3.1735e-06
9014.8,0.00033333,0.00033334,0.0002811,0.00028083,8.6588e-06,6.4339e-08,3.2122e-06
9140.3,0.00033332,0.00033334,0.00027968,0.00027941,8.7732e-06,7.3051e-08,3.2512e-06
9267.6,0.00033332,0.00033334,0.00027823,0.00027795,8.8892e-06,8.2638e-08,3.2905e-06
9396.6,0.00033332,0.00033334,0.00027674,0.00027645,9.0065e-06,9.3032e-08,3.3301e-06
9527.5,0.00033332,0.00033335,0.00027522,0.0002749,9.125e-06,1.0412e-07,3.37e-06
9660.2,0.00033332,0.00033335,0.00027365,0.00027332,9.2443e-06,1.1573e-07,3.4102e-06
9794.7,0.00033332,0.00033335,0.00027204,0.0002717,9.3641e-06,1.2765e-07,3.4507e-06
9931.1,0.00033332,0.00033335,0.0002704,0.00027003,9.484e-06,1.3964e-07,3.4915e-06
10069,0.00033332,0.00033335,0.00026871,0.00026831,9.6037e-06,1.5145e-07,3.5326e-06
10210,0.00033332,0.00033335,0.00026697,0.00026655,9.723e-06,1.6293e-07,3.574e-06
10352,0.00033332,0.00033335,0.0002652,0.00026475,9.8416e-06,1.7365e-07,3.6156e-06
10496,0.00033332,0.00033335,0.00026337,0.0002629,9.9594e-06,1.836e-07,3.6575e-06
10642,0.00033332,0.00033335,0.0002615,0.000261,1.0077e-05,1.9268e-07,3.6997e-06
10790,0.00033332,0.00033334,0.00025958,0.00025905,1.0193e-05,2.0085e-07,3.742e-06
10941,0.00033332,0.00033334,0.00025761,0.00025705,1.031e-05,2.0816e-07,3.7846e-06
11093,0.00033332,0.00033334,0.00025559,0.000255,1.0426e-05,2.1468e-07,3.8274e-06
11247,0.00033333,0.00033334,0.00025352,0.0002529,1.0543e-05,2.2052e-07,3.8704e-06
11404,0.00033333,0.00033334,0.00025139,0.00025074,1.066e-05,2.2578e-07,3.9135e-06
11563,0.00033333,0.00033334,0.00024921,0.00024853,1.0778e-05,2.3059e-07,3.9568e-06
11724,0.00033333,0.00033334,0.00024697,0.00024627,1.0896e-05,2.3504e-07,4.0003e-06
11887,0.00033333,0.00033334,0.00024468,0.00024395,1.1015e-05,2.3922e-07,4.0439e-06
12053,0.00033333,0.00033334,0.00024232,0.00024157,1.1135e-05,2.432e-07,4.0876e-06
12220,0.00033333,0.00033333,0.00023991,0.00023913,1.1256e-05,2.4706e-07,4.1315e-06
12391,0.00033333,0.00033333,0.00023743,0.00023663,1.1377e-05,2.5085e-07,4.1754e-06
12563,0.00033333,0.00033333,0.0002349,0.00023407,1.15e-05,2.5461e-07,4.2193e-06
12738,0.00033334,0.00033333,0.0002323,0.00023145,1.1622e-05,2.5838e-07,4.2633e-06
12915,0.00033334,0.00033333,0.00022963,0.00022876,1.1746e-05,2.6219e-07,4.3074e-06
13095,0.00033334,0.00033333,0.0002269,0.000226,1.187e-05,2.6605e-07,4.3514e-06
13278,0.00033334,0.00033333,0.0002241,0.00022318,1.1995e-05,2.7e-07,4.3954e-06
13463,0.00033334,0.00033333,0.00022123,0.00022028,1.212e-05,2.7403e-07,4.4394e-06
13650,0.00033334,0.00033333,0.00021829,0.00021732,1.2246e-05,2.7817e-07,4.4833e-06
13840,0.00033334,0.00033333,0.00021528,0.00021428,1.2372e-05,2.8242e-07,4.5271e-06
14033,0.00033334,0.00033333,0.00021219,0.00021117,1.2498e-05,2.8678e-07,4.5707e-06
14228,0.00033334,0.00033332,0.00020903,0.00020799,1.2625e-05,2.9127e-07,4.6142e-06
14426,0.00033334,0.00033332,0.0002058,0.00020473,1.2752e-05,2.9588e-07,4.6576e-06
14627,0.00033334,0.00033332,0.00020249,0.00020139,1.2878e-05,3.0062e-07,4.7007e-06
14831,0.00033334,0.00033332,0.0001991,0.00019797,1.3005e-05,3.0549e-07,4.7435e-06
15038,0.00033334,0.00033332,0.00019563,0.00019447,1.3131e-05,3.105e-07,4.7861e-06
15247,0.00033335,0.00033332,0.00019207,0.00019089,1.3258e-05,3.1563e-07,4.8284e-06
15459,0.00033335,0.00033332,0.00018844,0.00018723,1.3384e-05,3.209e-07,4.8703e-06
15675,0.00033335,0.00033332,0.00018472,0.00018348,1.3509e-05,3.263e-07,4.9118e-06
15893,0.00033335,0.00033332,0.00018091,0.00017964,1.3634e-05,3.3182e-07,4.9529e-06
16114,0.00033335,0.00033332,0.00017702,0.00017572,1.3759e-05,3.3748e-07,4.9935e-06
16339,0.00033335,0.00033332,0.00017304,0.00017171,1.3882e-05,3.4326e-07,5.0335e-06
16566,0.00033335,0.00033332,0.00016896,0.0001676,1.4005e-05,3.4917e-07,5.073e-06
16797,0.00033335,0.00033332,0.0001648,0.00016341,1.4127e-05,3.552e-07,5.1119e-06
17031,0.00033335,0.00033332,0.00016054,0.00015912,1.4248e-05,3.6136e-07,5.1502e-06
17268,0.00033335,0.00033332,0.00015619,0.00015473,1.4368e-05,3.6763e-07,5.1877e-06
17508,0.00033335,0.00033332,0.00015175,0.00015025,1.4486e-05,3.7402e-07,5.2245e-06
17752,0.00033335,0.00033331,0.00014721,0.00014568,1.4603e-05,3.8052e-07,5.2604e-06
17999,0.00033335,0.00033331,0.00014257,0.000141,1.4718e-05,3.8713e-07,5.2955e-06
18250,0.00033335,0.00033331,0.00013783,0.00013623,1.4831e-05,3.9385e-07,5.3296e-06
18504,0.00033335,0.00033331,0.00013299,0.00013135,1.4943e-05,4.0067e-07,5.3627e-06
18762,0.00033336,0.00033331,0.00012806,0.00012637,1.5053e-05,4.0759e-07,5.3948e-06
19023,0.00033336,0.00033331,0.00012302,0.00012129,1.516e-05,4.146e-07,5.4258e-06
19288,0.00033336,0.00033331,0.00011788,0.00011611,1.5265e-05,4.2169e-07,5.4556e-06
19557,0.00033336,0.00033331,0.00011263,0.00011082,1.5367e-05,4.2887e-07,5.4841e-06
19829,0.00033336,0.00033331,0.00010729,0.00010542,1.5466e-05,4.3612e-07,5.5113e-06
20105,0.00033336,0.00033331,0.00010184,9.9923e-05,1.5563e-05,4.4344e-07,5.5371e-06
20385,0.00033336,0.00033331,9.6282e-05,9.4317e-05,1.5656e-05,4.5082e-07,5.5615e-06
20669,0.00033336,0.00033331,9.0626e-05,8.8605e-05,1.5746e-05,4.5826e-07,5.5843e-06
20957,0.00033336,0.00033331,8.4867e-05,8.2785e-05,1.5833e-05,4.6574e-07,5.6055e-06
21248,0.00033336,0.0003333,7.9007e-05,7.6859e-05,1.5915e-05,4.7325e-07,5.6249e-06
21544,0.00033336,0.0003333,7.3048e-05,7.0827e-05,1.5994e-05,4.808e-07,5.6426e-06
21844,0.00033336,0.0003333,6.6992e-05,6.469e-05,1.6068e-05,4.8836e-07,5.6584e-06
22149,0.00033336,0.0003333,6.0844e-05,5.8448e-05,1.6138e-05,4.9593e-07,5.6723e-06
22457,0.00033337,0.0003333,5.461e-05,5.2104e-05,1.6203e-05,5.0349e-07,5.6841e-06
22770,0.00033337,0.0003333,4.83e-05,4.5662e-05,1.6263e-05,5.1104e-07,5.6938e-06
23087,0.00033337,0.0003333,4.193e-05,3.9127e-05,1.6318e-05,5.1855e-07,5.7012e-06
23408,0.00033337,0.0003333,3.5531e-05,3.251e-05,1.6367e-05,5.2603e-07,5.7063e-06
23734,0.00033337,0.0003333,2.9155e-05,2.5833e-05,1.6411e-05,5.3344e-07,5.709e-06
24065,0.00033337,0.0003333,2.2921e-05,1.9147e-05,1.6448e-05,5.4077e-07,5.7092e-06
24400,0.00033337,0.00033329,1.7114e-05,1.2613e-05,1.6479e-05,5.4802e-07,5.7068e-06
24740,0.00033337,0.00033329,1.2529e-05,7.0138e-06,1.6503e-05,5.5516e-07,5.7016e-06
25084,0.00033337,0.00033329,1.1047e-05,6.4282e-06,1.652e-05,5.6217e-07,5.6936e-06
25433,0.00033338,0.00033329,1.3873e-05,1.1823e-05,1.6529e-05,5.6903e-07,5.6828e-06
25788,0.00033338,0.00033329,1.9301e-05,1.8678e-05,1.6531e-05,5.7572e-07,5.6688e-06
26147,0.00033338,0.00033329,2.5816e-05,2.5937e-05,1.6525e-05,5.8223e-07,5.6518e-06
26511,0.00033338,0.00033329,3.2839e-05,3.3398e-05,1.651e-05,5.8852e-07,5.6315e-06
26880,0.00033338,0.00033329,4.0152e-05,4.0998e-05,1.6487e-05,5.9457e-07,5.6079e-06
27254,0.00033338,0.00033329,4.7663e-05,4.871e-05,1.6454e-05,6.0036e-07,5.5808e-06
27634,0.00033338,0.00033328,5.5323e-05,5.652e-05,1.6412e-05,6.0587e-07,5.5502e-06
28019,0.00033338,0.00033328,6.3105e-05,6.4417e-05,1.636e-05,6.1105e-07,5.5158e-06
28409,0.00033339,0.00033328,7.0989e-05,7.2393e-05,1.6298e-05,6.1589e-07,5.4778e-06
28804,0.00033339,0.00033328,7.8963e-05,8.0441e-05,1.6225e-05,6.2035e-07,5.4358e-06
29206,0.00033339,0.00033328,8.7016e-05,8.8555e-05,1.614e-05,6.244e-07,5.3899e-06
29612,0.00033339,0.00033328,9.5138e-05,9.6727e-05,1.6044e-05,6.2801e-07,5.3398e-06
30025,0.00033339,0.00033328,0.00010332,0.00010495,1.5937e-05,6.3114e-07,5.2856e-06
30443,0.00033339,0.00033327,0.00011156,0.00011322,1.5817e-05,6.3375e-07,5.2271e-06
30867,0.00033339,0.00033327,0.00011983,0.00012152,1.5684e-05,6.3581e-07,5.1642e-06
31296,0.0003334,0.00033327,0.00012814,0.00012985,1.5537e-05,6.3728e-07,5.0968e-06
31732,0.0003334,0.00033327,0.00013648,0.00013821,1.5378e-05,6.3812e-07,5.0249e-06
32174,0.0003334,0.00033327,0.00014483,0.00014657,1.5204e-05,6.3829e-07,4.9483e-06
32622,0.0003334,0.00033327,0.00015319,0.00015494,1.5015e-05,6.3773e-07,4.8669e-06
33076,0.0003334,0.00033326,0.00016155,0.00016329,1.4812e-05,6.3642e-07,4.7807e-06
33537,0.0003334,0.00033326,0.00016989,0.00017163,1.4593e-05,6.3429e-07,4.6896e-06
34004,0.00033341,0.00033326,0.0001782,0.00017993,1.4358e-05,6.3131e-07,4.5935e-06
34478,0.00033341,0.00033326,0.00018648,0.0001882,1.4107e-05,6.2742e-07,4.4924e-06
34958,0.00033341,0.00033326,0.0001947,0.0001964,1.3839e-05,6.2258e-07,4.3863e-06
35445,0.00033341,0.00033325,0.00020286,0.00020454,1.3555e-05,6.1673e-07,4.2749e-06
35938,0.00033341,0.00033325,0.00021094,0.0002126,1.3252e-05,6.0982e-07,4.1585e-06
36439,0.00033342,0.00033325,0.00021893,0.00022056,1.2932e-05,6.018e-07,4.0368e-06
36946,0.00033342,0.00033325,0.00022681,0.0002284,1.2594e-05,5.9261e-07,3.9099e-06
37461,0.00033342,0.00033325,0.00023457,0.00023612,1.2237e-05,5.8221e-07,3.7777e-06
37982,0.00033342,0.00033324,0.00024218,0.00024369,1.1861e-05,5.7052e-07,3.6404e-06
38511,0.00033342,0.00033324,0.00024964,0.0002511,1.1465e-05,5.5751e-07,3.4978e-06
39047,0.00033343,0.00033324,0.00025692,0.00025833,1.1051e-05,5.4312e-07,3.3501e-06
39591,0.00033343,0.00033324,0.00026401,0.00026536,1.0616e-05,5.2728e-07,3.1972e-06
40142,0.00033343,0.00033324,0.00027088,0.00027217,1.0161e-05,5.0995e-07,3.0392e-06
40701,0.00033343,0.00033323,0.00027752,0.00027874,9.6861e-06,4.9107e-07,2.8763e-06
41268,0.00033344,0.00033323,0.0002839,0.00028505,9.1907e-06,4.7058e-07,2.7084e-06
41843,0.00033344,0.00033323,0.00029,0.00029108,8.6747e-06,4.4844e-07,2.5357e-06
42426,0.00033344,0.00033323,0.0002958,0.0002968,8.1381e-06,4.2458e-07,2.3583e-06
43016,0.00033344,0.00033322,0.00030128,0.0003022,7.5809e-06,3.9888e-07,2.1765e-06
43615,0.00033345,0.00033322,0.00030641,0.00030724,7.0032e-06,3.7162e-07,1.9902e-06
44223,0.00033345,0.00033322,0.00031118,0.00031191,6.405e-06,3.4239e-07,1.7998e-06
44839,0.00033345,0.00033321,0.00031554,0.00031618,5.7867e-06,3.1129e-07,1.6054e-06
45463,0.00033346,0.00033321,0.00031949,0.00032002,5.1485e-06,2.7826e-07,1.4072e-06
46096,0.00033346,0.00033321,0.00032299,0.00032341,4.4909e-06,2.4328e-07,1.2056e-06
46738,0.00033346,0.0003332,0.00032602,0.00032633,3.8146e-06,2.0631e-07,1.0008e-06
47389,0.00033347,0.0003332,0.00032854,0.00032874,3.1209e-06,1.682e-07,7.9306e-07
48049,0.00033347,0.0003332,0.00033055,0.00033062,2.4117e-06,1.267e-07,5.8279e-07
48718,0.00033348,0.00033319,0.00033201,0.00033195,1.6914e-06,8.3722e-08,3.7035e-07
49396,0.00033349,0.00033318,0.00033289,0.00033268,9.7681e-07,3.8759e-08,1.5647e-07
50084,0.0003332,0.00033347,0.00033285,0.00033313,4.395e-07,8.6195e-09,3.8342e-08
50782,0.00033345,0.00033322,0.00033274,0.00033238,7.7954e-07,5.6964e-08,2.7592e-07
51489,0.00033346,0.0003332,0.00033173,0.00033122,1.5166e-06,1.0778e-07,4.935e-07
52206,0.00033347,0.00033319,0.00033004,0.00032937,2.3077e-06,1.6046e-07,7.1079e-07
52933,0.00033348,0.00033319,0.00032763,0.00032682,3.12e-06,2.1509e-07,9.2752e-07
53670,0.00033348,0.00033318,0.00032449,0.00032354,3.9476e-06,2.716e-07,1.1432e-06
54417,0.00033349,0.00033318,0.00032059,0.0003195,4.7848e-06,3.2948e-07,1.3572e-06
55175,0.00033349,0.00033318,0.00031592,0.00031469,5.6296e-06,3.8902e-07,1.5689e-06
55943,0.00033349,0.00033317,0.00031046,0.00030908,6.4796e-06,4.5005e-07,1.7777e-06
56722,0.0003335,0.00033317,0.00030417,0.00030266,7.3324e-06,5.1241e-07,1.9831e-06
57512,0.0003335,0.00033317,0.00029706,0.00029541,8.1857e-06,5.7565e-07,2.184e-06
58313,0.00033351,0.00033316,0.0002891,0.00028731,9.0364e-06,6.4049e-07,2.3804e-06
59125,0.00033351,0.00033316,0.00028029,0.00027836,9.8822e-06,7.0587e-07,2.571e-06
59948,0.00033351,0.00033315,0.0002706,0.00026854,1.072e-05,7.7184e-07,2.7552e-06
60783,0.00033352,0.00033315,0.00026005,0.00025785,1.1547e-05,8.3818e-07,2.9323e-06
61630,0.00033352,0.00033315,0.00024861,0.00024629,1.2359e-05,9.0463e-07,3.1016e-06
62488,0.00033352,0.00033314,0.0002363,0.00023386,1.3154e-05,9.7089e-07,3.2621e-06
63358,0.00033353,0.00033314,0.00022312,0.00022056,1.3927e-05,1.0367e-06,3.4133e-06
64240,0.00033353,0.00033313,0.00020908,0.00020641,1.4675e-05,1.1016e-06,3.5542e-06
65135,0.00033354,0.00033313,0.00019418,0.00019141,1.5394e-05,1.1654e-06,3.6841e-06
66042,0.00033354,0.00033313,0.00017846,0.00017559,1.6079e-05,1.2277e-06,3.8022e-06
66962,0.00033355,0.00033312,0.00016193,0.00015897,1.6727e-05,1.288e-06,3.9078e-06
67894,0.00033355,0.00033312,0.00014463,0.00014158,1.7332e-05,1.3459e-06,4.0001e-06
68840,0.00033355,0.00033311,0.00012659,0.00012346,1.789e-05,1.4009e-06,4.0783e-06
69798,0.00033356,0.00033311,0.00010786,0.00010465,1.8397e-05,1.4526e-06,4.1418e-06
70770,0.00033356,0.0003331,8.8503e-05,8.5211e-05,1.8847e-05,1.5005e-06,4.1899e-06
71756,0.00033357,0.0003331,6.8599e-05,6.5213e-05,1.9236e-05,1.5441e-06,4.2219e-06
72755,0.00033357,0.0003331,4.8291e-05,4.4764e-05,1.9558e-05,1.5828e-06,4.2374e-06
73768,0.00033358,0.00033309,2.7968e-05,2.415e-05,1.9809e-05,1.616e-06,4.2357e-06
74795,0.00033358,0.00033309,1.0847e-05,7.0722e-06,1.9984e-05,1.6432e-06,4.2163e-06
75837,0.00033359,0.00033308,1.9682e-05,2.1231e-05,2.0077e-05,1.6639e-06,4.179e-06
76893,0.00033359,0.00033308,4.0326e-05,4.2634e-05,2.0085e-05,1.6774e-06,4.1233e-06
77964,0.0003336,0.00033307,6.2068e-05,6.4546e-05,2.0002e-05,1.6831e-06,4.049e-06
79049,0.0003336,0.00033307,8.4058e-05,8.6565e-05,1.9823e-05,1.6806e-06,3.9561e-06
80150,0.00033361,0.00033306,0.00010605,0.00010852,1.9545e-05,1.6692e-06,3.8443e-06
81266,0.00033361,0.00033306,0.00012787,0.00013027,1.9164e-05,1.6483e-06,3.7139e-06
82398,0.00033362,0.00033305,0.00014938,0.00015167,1.8676e-05,1.6175e-06,3.565e-06
83545,0.00033362,0.00033305,0.00017043,0.0001726,1.8079e-05,1.5763e-06,3.3978e-06
84709,0.00033363,0.00033304,0.00019089,0.00019291,1.7369e-05,1.5243e-06,3.2129e-06
85888,0.00033363,0.00033304,0.00021059,0.00021245,1.6545e-05,1.4609e-06,3.0108e-06
87084,0.00033364,0.00033303,0.00022939,0.00023107,1.5605e-05,1.3859e-06,2.7922e-06
88297,0.00033364,0.00033302,0.00024714,0.00024862,1.455e-05,1.2991e-06,2.558e-06
89527,0.00033365,0.00033302,0.00026367,0.00026493,1.338e-05,1.2003e-06,2.3092e-06
90773,0.00033365,0.00033301,0.00027883,0.00027986,1.2095e-05,1.0893e-06,2.0471e-06
92037,0.00033366,0.00033301,0.00029245,0.00029325,1.0699e-05,9.6615e-07,1.7728e-06
93319,0.00033367,0.000333,0.00030438,0.00030493,9.1961e-06,8.3104e-07,1.488e-06
94618,0.00033367,0.00033299,0.00031446,0.00031476,7.5901e-06,6.8427e-07,1.1943e-06
95936,0.00033368,0.00033299,0.00032254,0.00032258,5.888e-06,5.2619e-07,8.9345e-07
97272,0.00033369,0.00033298,0.00032847,0.00032825,4.0984e-06,3.5738e-07,5.8749e-07
98627,0.0003337,0.00033297,0.00033213,0.00033163,2.2337e-06,1.7859e-07,2.7869e-07
1e+05,0.00033303,0.00033364,0.00033269,0.00033331,4.1488e-07,1.0449e-08,2.0323e-08
