0.1	NaN	2.88449e-12	2.32659e-17	7.76086e-18	2.90223e-07
0.101159	NaN	2.85877e-12	2.32801e-17	7.76086e-18	2.80241e-07
0.102332	NaN	2.83276e-12	2.32946e-17	7.76086e-18	2.77814e-07
0.103518	NaN	2.80646e-12	2.33094e-17	7.76086e-18	2.7559e-07
0.104718	NaN	2.77986e-12	2.33247e-17	7.76086e-18	2.70777e-07
0.105931	NaN	2.75296e-12	2.33403e-17	7.76086e-18	2.65564e-07
0.107159	NaN	2.72576e-12	2.33563e-17	7.76086e-18	2.59178e-07
0.108401	NaN	2.69825e-12	2.33727e-17	7.76086e-18	2.49505e-07
0.109658	NaN	2.67464e-12	2.33895e-17	7.76086e-18	2.40319e-07
0.110929	NaN	2.66541e-12	2.34067e-17	7.76086e-18	2.39389e-07
0.112215	NaN	2.65611e-12	2.34244e-17	7.76086e-18	2.4011e-07
0.113515	NaN	2.64672e-12	2.34425e-17	7.76086e-18	2.40785e-07
0.114831	NaN	2.63726e-12	2.3461e-17	7.76086e-18	2.41397e-07
0.116162	NaN	2.62771e-12	2.348e-17	7.76086e-18	2.42428e-07
0.117509	NaN	2.61808e-12	2.34995e-17	7.76086e-18	2.45115e-07
0.118871	NaN	2.60838e-12	2.35194e-17	7.76086e-18	2.47878e-07
0.120249	NaN	2.59866e-12	2.35395e-17	7.76086e-18	2.54255e-07
0.121642	NaN	2.58839e-12	2.35622e-17	7.76086e-18	2.61072e-07
0.123052	NaN	2.57857e-12	2.3583e-17	7.76086e-18	2.691e-07
0.124479	NaN	2.56852e-12	2.3605e-17	7.76086e-18	2.77709e-07
0.125922	NaN	2.56033e-12	2.36276e-17	7.76086e-18	2.87534e-07
0.127381	NaN	2.55319e-12	2.36508e-17	7.76086e-18	2.98348e-07
0.128858	NaN	2.54599e-12	2.36746e-17	7.76086e-18	3.11449e-07
0.130351	NaN	2.53874e-12	2.3699e-17	7.76086e-18	3.27132e-07
0.131862	NaN	2.53143e-12	2.37241e-17	7.76086e-18	3.41663e-07
0.133391	NaN	2.52407e-12	2.37498e-17	7.76086e-18	3.54662e-07
0.134937	NaN	2.51665e-12	2.3399e-17	7.76086e-18	3.67291e-07
0.136501	NaN	2.50917e-12	2.30437e-17	7.76086e-18	3.79378e-07
0.138083	NaN	2.50164e-12	2.26837e-17	7.76086e-18	3.89428e-07
0.139684	NaN	2.49405e-12	2.2319e-17	7.76086e-18	3.97207e-07
0.141303	NaN	2.47535e-12	2.19495e-17	7.76086e-18	4.04902e-07
0.14294	NaN	2.44092e-12	2.15752e-17	7.76086e-18	4.12787e-07
0.144597	NaN	2.40607e-12	2.11958e-17	7.76086e-18	4.18677e-07
0.146273	NaN	2.37079e-12	2.08114e-17	7.76086e-18	4.24082e-07
0.147969	NaN	2.33507e-12	2.04218e-17	7.76086e-18	4.34822e-07
0.149684	NaN	2.29892e-12	2.00269e-17	7.76086e-18	4.47059e-07
0.151419	NaN	2.26232e-12	1.96267e-17	7.76086e-18	4.63659e-07
0.153174	NaN	2.22525e-12	1.9221e-17	7.76086e-18	4.79036e-07
0.15495	NaN	2.18773e-12	1.88097e-17	7.76086e-18	4.91623e-07
0.156746	NaN	2.15813e-12	1.83928e-17	7.76086e-18	4.99119e-07
0.158562	NaN	2.15047e-12	1.797e-17	7.76086e-18	5.03986e-07
0.1604	NaN	2.14275e-12	1.75413e-17	7.76086e-18	5.21486e-07
0.16226	NaN	2.13497e-12	1.71066e-17	7.76086e-18	5.45315e-07
0.16414	NaN	2.12712e-12	1.66657e-17	7.76086e-18	5.81199e-07
0.166043	NaN	2.11921e-12	1.62186e-17	7.76086e-18	6.27294e-07
0.167967	NaN	2.11124e-12	1.59152e-17	7.76086e-18	6.81373e-07
0.169914	NaN	2.10321e-12	1.56807e-17	7.76086e-18	7.43446e-07
0.171884	NaN	2.09515e-12	1.54429e-17	7.76086e-18	8.22796e-07
0.173876	NaN	2.09652e-12	1.52018e-17	7.76086e-18	9.22007e-07
0.175892	NaN	2.09796e-12	1.49574e-17	7.76086e-18	1.02673e-06
0.17793	NaN	2.09948e-12	1.47095e-17	7.76086e-18	1.14221e-06
0.179993	NaN	2.10108e-12	1.44581e-17	7.76086e-18	1.27079e-06
0.182079	NaN	2.10276e-12	1.42031e-17	7.76086e-18	1.44247e-06
0.18419	NaN	2.10454e-12	1.39444e-17	7.76086e-18	1.63152e-06
0.186325	NaN	2.10641e-12	1.3682e-17	7.76086e-18	1.84073e-06
0.188484	NaN	2.10161e-12	1.34159e-17	7.76086e-18	2.06343e-06
0.190669	NaN	2.08864e-12	1.3146e-17	7.76086e-18	2.32992e-06
0.192879	NaN	2.07557e-12	1.28723e-17	7.76086e-18	2.66466e-06
0.195115	NaN	2.06245e-12	1.2595e-17	7.76086e-18	3.12172e-06
0.197376	NaN	2.04937e-12	1.23144e-17	7.76086e-18	3.8445e-06
0.199664	NaN	2.03664e-12	1.20319e-17	7.76086e-18	5.04517e-06
0.201979	NaN	2.02559e-12	1.19116e-17	7.76086e-18	7.3474e-06
0.20432	NaN	2.00445e-12	1.17909e-17	7.76086e-18	1.26053e-05
0.206688	NaN	1.96722e-12	1.1661e-17	7.76086e-18	1.94656e-05
0.209084	NaN	1.93475e-12	1.15541e-17	7.76086e-18	1.13143e-05
0.211507	NaN	1.90255e-12	1.14459e-17	7.76086e-18	6.07011e-06
0.213959	NaN	1.87001e-12	1.13354e-17	7.76086e-18	3.80222e-06
0.216439	NaN	1.83702e-12	1.12229e-17	7.76086e-18	2.64748e-06
0.218948	NaN	1.80849e-12	1.11085e-17	7.76087e-18	1.95263e-06
0.221486	NaN	1.8379e-12	1.09923e-17	7.76087e-18	1.54001e-06
0.224053	NaN	1.86789e-12	1.08743e-17	7.76087e-18	1.28856e-06
0.22665	NaN	1.89847e-12	1.07544e-17	7.76087e-18	1.1091e-06
0.229277	NaN	1.92966e-12	1.06327e-17	7.76087e-18	9.55078e-07
0.231935	NaN	1.96148e-12	1.0509e-17	7.76087e-18	8.2964e-07
0.234623	NaN	1.99399e-12	1.03743e-17	7.76087e-18	7.57325e-07
0.237342	NaN	2.02758e-12	1.02272e-17	7.76087e-18	6.97372e-07
0.240093	NaN	2.06186e-12	1.00778e-17	7.76087e-18	6.3666e-07
0.242876	NaN	2.09687e-12	9.92584e-18	7.76087e-18	5.62004e-07
0.245692	NaN	2.13262e-12	9.77133e-18	7.76087e-18	4.93911e-07
0.248539	NaN	2.16914e-12	9.61418e-18	7.76087e-18	4.35441e-07
0.25142	NaN	2.14217e-12	9.45431e-18	7.76087e-18	3.81315e-07
0.254335	NaN	2.04775e-12	9.29163e-18	7.76087e-18	3.35811e-07
0.257283	NaN	1.95172e-12	9.12605e-18	7.76087e-18	2.94498e-07
0.260265	NaN	1.85403e-12	8.95746e-18	7.76087e-18	2.5927e-07
0.263282	NaN	1.75464e-12	8.78577e-18	7.76087e-18	2.37635e-07
0.266333	NaN	1.67827e-12	8.61086e-18	7.76087e-18	2.19783e-07
0.26942	NaN	1.6838e-12	1.21548e-17	7.76087e-18	2.03361e-07
0.272543	NaN	1.68956e-12	1.6237e-17	7.76087e-18	1.88116e-07
0.275702	NaN	1.69555e-12	2.04128e-17	7.76087e-18	1.67177e-07
0.278898	NaN	1.70179e-12	2.46859e-17	7.76087e-18	1.51521e-07
0.282131	NaN	1.69522e-12	2.90604e-17	7.76087e-18	1.46714e-07
0.285401	NaN	1.65317e-12	3.35406e-17	7.76087e-18	1.39732e-07
0.288709	NaN	1.61037e-12	3.81309e-17	7.76087e-18	1.26749e-07
0.292056	NaN	1.56679e-12	4.28362e-17	7.76087e-18	1.12936e-07
0.295441	NaN	1.5224e-12	4.76616e-17	7.76087e-18	1.00305e-07
0.298865	NaN	1.52032e-12	5.26124e-17	7.76087e-18	9.10058e-08
0.302329	NaN	1.54996e-12	5.5788e-17	7.76087e-18	8.49087e-08
0.305834	NaN	1.58046e-12	5.8105e-17	7.76088e-18	7.99672e-08
0.309379	NaN	1.61185e-12	6.04885e-17	7.76088e-18	7.40876e-08
0.312965	NaN	1.64198e-12	6.2942e-17	7.76088e-18	6.78276e-08
0.316592	NaN	1.65804e-12	6.54689e-17	7.76088e-18	6.42669e-08
0.320262	NaN	1.6747e-12	6.80729e-17	7.76088e-18	6.20732e-08
0.323974	NaN	1.69198e-12	7.07582e-17	7.76088e-18	6.0038e-08
0.327729	NaN	1.70992e-12	7.3529e-17	7.76088e-18	5.70266e-08
0.331528	NaN	1.75486e-12	7.639e-17	7.76088e-18	5.37593e-08
0.335371	NaN	1.80438e-12	7.51554e-17	7.76088e-18	5.14729e-08
0.339258	NaN	1.85552e-12	7.00997e-17	7.76088e-18	4.87957e-08
0.343191	NaN	1.90838e-12	6.48929e-17	7.76088e-18	4.56217e-08
0.347169	NaN	1.95809e-12	5.95263e-17	7.76088e-18	4.23954e-08
0.351193	NaN	2.00874e-12	5.39905e-17	7.76088e-18	4.19324e-08
0.355263	NaN	2.06126e-12	4.82753e-17	7.76088e-18	4.0514e-08
0.359381	NaN	2.11565e-12	4.23695e-17	7.76088e-18	3.81533e-08
0.363547	NaN	2.10658e-12	3.6261e-17	7.76088e-18	3.59656e-08
0.367761	NaN	2.09761e-12	3.0897e-17	7.76089e-18	3.41411e-08
0.372024	NaN	2.08875e-12	2.81436e-17	7.76089e-18	3.32031e-08
0.376336	NaN	2.09464e-12	2.529e-17	7.76089e-18	3.26665e-08
0.380698	NaN	2.13452e-12	2.2329e-17	7.76089e-18	3.31069e-08
0.385111	NaN	2.17633e-12	1.9253e-17	7.76089e-18	3.34759e-08
0.389575	NaN	2.22022e-12	1.60533e-17	7.76089e-18	3.33558e-08
0.39409	NaN	2.20887e-12	1.27203e-17	7.76089e-18	3.2195e-08
0.398658	NaN	2.17982e-12	9.2434e-18	7.76089e-18	3.09321e-08
0.403279	NaN	2.15025e-12	8.1735e-18	7.76089e-18	3.12946e-08
0.407953	NaN	2.15635e-12	8.1363e-18	7.76089e-18	3.25072e-08
0.412682	NaN	2.22845e-12	8.1019e-18	7.7609e-18	3.37662e-08
0.417466	NaN	2.30526e-12	8.0743e-18	7.7609e-18	3.67128e-08
0.422304	NaN	2.38317e-12	8.0742e-18	7.7609e-18	4.2171e-08
0.427199	NaN	2.35684e-12	7.67459e-18	7.7609e-18	5.14191e-08
0.432151	NaN	2.3973e-12	7.9004e-18	7.7609e-18	7.18403e-08
0.43716	NaN	2.42012e-12	8.09019e-18	7.7609e-18	1.55886e-07
0.442227	NaN	2.50696e-12	8.51834e-18	7.7609e-18	6.10975e-07
0.447353	NaN	2.46992e-12	7.99247e-18	7.7609e-18	8.73798e-08
0.452539	NaN	2.56167e-12	8.40818e-18	7.76091e-18	4.3345e-08
0.457784	NaN	2.66353e-12	8.67804e-18	7.76091e-18	2.62512e-08
0.46309	NaN	2.77254e-12	8.93771e-18	7.76091e-18	1.77477e-08
0.468458	NaN	2.88886e-12	9.13438e-18	7.76091e-18	1.27429e-08
0.473888	NaN	2.84253e-12	9.19024e-18	7.76091e-18	9.31474e-09
0.479381	NaN	2.78382e-12	9.251e-18	7.76092e-18	7.00439e-09
0.484937	NaN	2.73169e-12	9.31889e-18	7.76092e-18	5.59822e-09
0.490558	NaN	2.76686e-12	9.39586e-18	7.76092e-18	4.63529e-09
0.496244	NaN	2.80706e-12	9.48393e-18	7.76092e-18	3.88865e-09
0.501997	NaN	2.85655e-12	9.75941e-18	7.76092e-18	3.23276e-09
0.507815	NaN	2.92005e-12	1.04165e-17	7.76093e-18	2.74458e-09
0.513701	NaN	2.99308e-12	1.11546e-17	7.76093e-18	2.39651e-09
0.519656	NaN	3.1295e-12	1.19904e-17	7.76093e-18	2.15806e-09
0.525679	NaN	3.31297e-12	1.29452e-17	7.76093e-18	1.86979e-09
0.531772	NaN	3.53312e-12	1.4047e-17	7.76094e-18	1.62448e-09
0.537936	NaN	3.8787e-12	1.49937e-17	7.76094e-18	1.40719e-09
0.544171	NaN	4.28712e-12	1.59925e-17	7.76094e-18	1.23267e-09
0.550479	NaN	4.76694e-12	1.72004e-17	7.76095e-18	1.11543e-09
0.55686	NaN	5.34607e-12	1.86897e-17	7.76095e-18	1.01364e-09
0.563314	NaN	6.05705e-12	2.05704e-17	7.76096e-18	9.08192e-10
0.569844	NaN	6.847e-12	2.26755e-17	7.76096e-18	8.48975e-10
0.576449	NaN	7.91555e-12	2.51092e-17	7.76096e-18	8.10166e-10
0.583131	NaN	9.45605e-12	2.8606e-17	7.76097e-18	7.86053e-10
0.58989	NaN	1.1841e-11	3.40349e-17	7.76097e-18	8.58411e-10
0.596727	NaN	1.59305e-11	4.35668e-17	7.76098e-18	7.0373e-10
0.603644	NaN	2.47529e-11	6.72574e-17	7.76098e-18	3.99496e-10
0.610641	NaN	5.98543e-11	1.6796e-16	7.76099e-18	4.21817e-10
0.617719	NaN	1.19919e-10	3.52298e-16	7.761e-18	3.96601e-10
0.624879	NaN	2.75287e-11	8.47384e-17	7.761e-18	3.72951e-10
0.632122	NaN	1.56112e-11	4.8138e-17	7.76101e-18	3.54939e-10
0.639449	NaN	1.08665e-11	3.20864e-17	7.76102e-18	3.48098e-10
0.646861	NaN	7.90501e-12	2.32306e-17	7.76102e-18	3.53464e-10
0.654359	NaN	5.99507e-12	1.76975e-17	7.76103e-18	3.60712e-10
0.661943	NaN	4.70355e-12	1.3907e-17	7.76104e-18	3.60114e-10
0.669616	NaN	3.76627e-12	1.12819e-17	7.76105e-18	3.59863e-10
0.677378	NaN	3.18941e-12	9.45789e-18	7.76106e-18	3.60213e-10
0.685229	NaN	2.76757e-12	7.97724e-18	7.76107e-18	3.6741e-10
0.693172	NaN	2.30454e-12	6.71339e-18	7.76109e-18	3.68175e-10
0.701206	NaN	1.85491e-12	5.56482e-18	7.7611e-18	3.84637e-10
0.709334	NaN	1.52217e-12	4.41286e-18	7.76112e-18	4.41807e-10
0.717556	NaN	1.03252e-12	2.91056e-18	7.76113e-18	5.3567e-10
0.725873	NaN	6.84297e-13	2.37014e-18	7.76115e-18	6.98937e-10
0.734287	NaN	4.27691e-12	1.09008e-17	7.76117e-18	1.20332e-09
0.742798	NaN	1.67082e-12	4.15402e-18	7.76119e-18	2.65632e-09
0.751408	NaN	4.79158e-12	1.22268e-17	7.76121e-18	1.26774e-09
0.760118	NaN	3.20845e-12	7.41791e-18	7.76124e-18	5.5464e-10
0.768928	NaN	2.28532e-12	5.34862e-18	7.76126e-18	3.32703e-10
0.777841	NaN	1.60743e-12	4.55615e-18	7.76129e-18	2.26372e-10
0.786857	NaN	1.33393e-12	4.06817e-18	7.76133e-18	1.67732e-10
0.795978	NaN	1.23869e-12	3.71631e-18	7.76136e-18	1.30224e-10
0.805204	NaN	1.25743e-12	3.42182e-18	7.7614e-18	1.04469e-10
0.814537	NaN	1.2667e-12	3.16519e-18	7.76145e-18	8.50735e-11
0.823979	NaN	1.208e-12	2.94682e-18	7.7615e-18	7.3635e-11
0.833529	NaN	1.12274e-12	2.75695e-18	7.76155e-18	6.66224e-11
0.843191	NaN	1.02211e-12	2.57304e-18	7.7616e-18	6.04335e-11
0.852964	NaN	9.68546e-13	2.40952e-18	7.76166e-18	5.45987e-11
0.862851	NaN	9.22294e-13	2.26324e-18	7.76172e-18	5.19502e-11
0.872853	NaN	8.79886e-13	2.15144e-18	7.76178e-18	4.95732e-11
0.88297	NaN	7.97781e-13	2.0633e-18	7.76184e-18	4.8139e-11
0.893205	NaN	7.23939e-13	1.98589e-18	7.76189e-18	4.91462e-11
0.903558	NaN	6.92409e-13	1.88705e-18	7.76194e-18	5.11672e-11
0.914031	NaN	6.78203e-13	1.74194e-18	7.76197e-18	5.35525e-11
0.924626	NaN	6.62562e-13	1.61809e-18	7.76199e-18	6.03975e-11
0.935343	NaN	6.25434e-13	1.54699e-18	7.76199e-18	7.80845e-11
0.946185	NaN	6.60621e-13	1.64702e-18	7.76197e-18	1.19849e-10
0.957152	NaN	8.0041e-13	2.20977e-18	7.76193e-18	2.52134e-10
0.968247	NaN	3.07161e-13	1.07028e-18	7.76187e-18	5.35259e-10
0.97947	NaN	4.39728e-13	9.19053e-19	7.76181e-18	1.5229e-10
0.990823	NaN	4.36419e-13	9.81864e-19	7.76173e-18	8.83995e-11
1.00231	NaN	4.33377e-13	9.83368e-19	7.76165e-18	6.84319e-11
1.01393	6.12149e-12	4.34791e-13	9.37905e-19	7.76157e-18	6.13302e-11
1.02568	8.41326e-12	4.01e-13	8.87267e-19	7.76149e-18	6.09096e-11
1.03757	2.5275e-11	4.11606e-13	8.55633e-19	7.76142e-18	7.38812e-11
1.04959	1.07664e-10	4.42638e-13	8.5553e-19	7.76135e-18	9.46507e-11
1.06176	3.24338e-11	3.98042e-13	7.52856e-19	7.76129e-18	5.26527e-11
1.07407	1.35772e-11	3.76245e-13	7.80967e-19	7.76124e-18	2.36006e-11
1.08652	1.10913e-11	3.53107e-13	8.17585e-19	7.76119e-18	1.24113e-11
1.09911	1.07261e-11	3.41496e-13	8.4841e-19	7.76115e-18	7.40629e-12
1.11185	1.18599e-11	3.41465e-13	8.12858e-19	7.76111e-18	5.32871e-12
1.12474	1.50082e-11	3.20425e-13	7.73511e-19	7.76108e-18	3.47083e-12
1.13777	2.52326e-11	3.14214e-13	7.24979e-19	7.76105e-18	2.41346e-12
1.15096	2.74567e-11	3.28769e-13	6.57412e-19	7.76103e-18	1.80815e-12
1.1643	2.27794e-11	3.41218e-13	5.92399e-19	7.76101e-18	1.41877e-12
1.1778	2.31881e-11	3.41904e-13	5.73888e-19	7.76099e-18	1.13285e-12
1.19145	4.19086e-11	3.42533e-13	5.67315e-19	7.76097e-18	9.19231e-13
1.20526	8.2925e-11	3.55357e-13	5.65187e-19	7.76095e-18	7.41136e-13
1.21923	2.27879e-11	3.17734e-13	5.69058e-19	7.76094e-18	6.05737e-13
1.23336	6.11453e-11	3.02747e-13	5.77121e-19	7.76093e-18	5.0471e-13
1.24766	4.5104e-11	3.73827e-13	5.95951e-19	7.76092e-18	4.17956e-13
1.26212	2.50686e-12	3.86873e-13	6.21676e-19	7.76091e-18	3.21826e-13
1.27675	9.10089e-13	4.24345e-13	6.66971e-19	7.7609e-18	1.73728e-13
1.29155	5.02656e-13	4.69314e-13	7.30925e-19	7.76089e-18	2.12632e-13
1.30652	3.38746e-13	4.81989e-13	7.80592e-19	7.76089e-18	1.20369e-12
1.32166	2.39935e-13	4.94931e-13	8.03821e-19	7.76088e-18	1.87539e-12
1.33698	1.77569e-13	5.22414e-13	8.75113e-19	7.76088e-18	9.92677e-12
1.35248	1.36016e-13	5.9854e-13	1.1087e-18	7.76087e-18	1.84368e-12
1.36816	1.07216e-13	7.27152e-13	1.46944e-18	7.76087e-18	6.11799e-13
1.38402	8.62123e-14	9.64115e-13	1.94654e-18	7.76087e-18	3.05064e-13
1.40006	7.15773e-14	1.54875e-12	3.18555e-18	7.76086e-18	1.82579e-13
1.41629	6.01774e-14	6.35764e-12	1.51978e-17	7.76086e-18	1.22848e-13
1.4327	5.14492e-14	2.44372e-12	6.1829e-18	7.76086e-18	8.7507e-14
1.44931	4.49969e-14	9.16762e-13	2.47025e-18	7.76086e-18	6.52678e-14
1.46611	4.09004e-14	5.24896e-13	1.49185e-18	7.76085e-18	5.115e-14
1.4831	3.99955e-14	2.97694e-13	9.87562e-19	7.76085e-18	4.1655e-14
1.50029	7.72962e-14	1.89483e-13	6.95427e-19	7.76085e-18	3.55284e-14
1.51768	6.07592e-14	1.2034e-13	5.50604e-19	7.76085e-18	3.21003e-14
1.53528	3.76782e-14	7.11453e-14	4.48721e-19	7.76085e-18	3.12404e-14
1.55307	2.51277e-14	2.00336e-14	4.06465e-19	7.76085e-18	3.42333e-14
1.57107	2.14674e-14	3.57189e-14	4.13112e-19	7.76085e-18	5.13139e-14
1.58928	1.94409e-14	1.03319e-13	5.11639e-19	7.76085e-18	1.31429e-13
1.6077	1.81507e-14	2.37658e-13	9.72461e-19	7.76085e-18	3.2358e-14
1.62634	1.7228e-14	1.38875e-12	5.22662e-18	7.76085e-18	1.2155e-14
1.64519	1.66249e-14	6.18474e-13	2.41323e-18	7.76085e-18	6.07804e-15
1.66426	1.63391e-14	3.13822e-13	1.10333e-18	7.76085e-18	3.46339e-15
1.68355	1.64034e-14	1.77994e-13	7.80218e-19	7.76085e-18	2.17153e-15
1.70307	1.68921e-14	1.39223e-13	6.31678e-19	7.76085e-18	1.42642e-15
1.72281	1.83181e-14	1.17439e-13	5.46974e-19	7.76085e-18	9.72109e-16
1.74277	2.12328e-14	9.99142e-14	4.72388e-19	7.76085e-18	6.89828e-16
1.76298	2.79471e-14	8.4306e-14	3.98727e-19	7.76085e-18	5.01971e-16
1.78341	8.49907e-14	7.41217e-14	3.56463e-19	7.76085e-18	3.73083e-16
1.80408	1.67581e-13	6.15339e-14	3.27434e-19	7.76085e-18	2.84751e-16
1.82499	6.20781e-14	5.56739e-14	3.10895e-19	7.76085e-18	2.21827e-16
1.84615	2.61949e-14	4.7276e-14	2.99609e-19	7.76085e-18	1.75835e-16
1.86755	1.30212e-14	4.30919e-14	2.90786e-19	7.76085e-18	1.41846e-16
1.88919	8.15044e-15	4.59683e-14	2.63121e-19	7.76085e-18	1.15786e-16
1.91109	5.61036e-15	3.41915e-14	2.43952e-19	7.76085e-18	9.53592e-17
1.93324	4.07445e-15	3.16796e-14	2.31953e-19	7.76085e-18	7.93383e-17
1.95565	3.06582e-15	2.86895e-14	2.24187e-19	7.76086e-18	6.66495e-17
1.97832	2.40541e-15	2.44237e-14	2.21141e-19	7.76086e-18	5.63389e-17
2.00125	1.90989e-15	2.4787e-14	2.20474e-19	7.76086e-18	4.79119e-17
2.02445	1.53334e-15	2.35895e-14	1.92199e-19	7.76086e-18	4.09625e-17
2.04791	1.2452e-15	1.99634e-14	1.79921e-19	7.76086e-18	3.42456e-17
2.07165	1.02324e-15	1.77174e-14	1.77992e-19	7.76086e-18	2.98194e-17
2.09566	8.46497e-16	1.26961e-14	1.81922e-19	7.76086e-18	2.57425e-17
2.11995	7.08159e-16	1.80114e-14	3.10006e-19	7.76086e-18	2.22438e-17
2.14453	5.94562e-16	3.39473e-14	1.73957e-19	7.76087e-18	1.92597e-17
2.16938	5.04247e-16	2.53597e-14	1.6561e-19	7.76087e-18	1.66949e-17
2.19453	4.32583e-16	2.31794e-14	2.2989e-19	7.76087e-18	1.4478e-17
2.21997	3.74048e-16	2.41404e-14	4.34634e-19	7.76087e-18	1.25798e-17
2.2457	3.24924e-16	1.95956e-14	5.50231e-19	7.76087e-18	1.09964e-17
2.27173	2.85213e-16	1.77513e-14	4.82817e-19	7.76087e-18	9.6265e-18
2.29806	2.50928e-16	1.74718e-14	2.08162e-19	7.76088e-18	8.46161e-18
2.3247	2.21349e-16	2.13692e-14	1.53848e-19	7.76088e-18	7.4913e-18
2.35164	1.95857e-16	2.11401e-14	1.3739e-19	7.76088e-18	6.75481e-18
2.3789	1.73882e-16	2.34611e-14	1.39389e-19	7.76088e-18	6.65297e-18
2.40648	1.54897e-16	2.64632e-14	1.56031e-19	7.76088e-18	1.68091e-17
2.43437	1.39024e-16	3.22647e-14	1.86795e-19	7.76089e-18	5.45052e-18
2.46259	1.25397e-16	4.59807e-14	2.4102e-19	7.76089e-18	3.85045e-18
2.49113	1.13462e-16	9.21289e-14	4.96043e-19	7.76089e-18	3.27105e-18
2.52	1.02923e-16	3.06805e-13	1.5137e-18	7.76089e-18	2.84588e-18
2.54921	9.36154e-17	5.09602e-14	2.96263e-19	7.7609e-18	2.49642e-18
2.57876	8.53893e-17	2.29751e-14	1.77828e-19	7.7609e-18	2.20104e-18
2.60865	7.82682e-17	1.49037e-14	1.24644e-19	7.7609e-18	1.94154e-18
2.63889	7.18868e-17	9.67668e-15	1.04628e-19	7.7609e-18	1.71426e-18
2.66948	6.62069e-17	7.43021e-15	9.10443e-20	7.76091e-18	1.51428e-18
2.70042	6.11346e-17	6.53778e-15	7.26321e-20	7.76091e-18	1.3373e-18
2.73172	5.65657e-17	4.85731e-15	6.28904e-20	7.76091e-18	1.18465e-18
2.76339	5.24319e-17	3.33491e-15	5.92581e-20	7.76091e-18	1.05216e-18
2.79542	4.87635e-17	2.85725e-15	5.9507e-20	7.76092e-18	9.34401e-19
2.82782	4.54106e-17	2.28525e-15	5.68119e-20	7.76092e-18	8.30359e-19
2.8606	4.23468e-17	1.9771e-15	5.34307e-20	7.76092e-18	7.38236e-19
2.89375	3.95752e-17	1.8187e-15	5.05376e-20	7.76093e-18	6.56243e-19
2.92729	3.733e-17	1.45374e-15	4.83748e-20	7.76093e-18	5.85656e-19
2.96123	3.63001e-17	1.18596e-15	4.98352e-20	7.76093e-18	5.2371e-19
2.99555	3.3688e-17	1.01729e-15	4.83389e-20	7.76094e-18	4.68378e-19
3.03027	3.09174e-17	8.67183e-16	4.42699e-20	7.76094e-18	4.19223e-19
3.0654	2.8679e-17	7.74536e-16	4.38455e-20	7.76094e-18	3.75493e-19
3.10093	2.6907e-17	6.91663e-16	6.23648e-20	7.76095e-18	3.36384e-19
3.13687	2.52875e-17	5.79502e-16	6.91902e-20	7.76095e-18	3.02874e-19
3.17323	2.37899e-17	4.97006e-16	4.46238e-20	7.76096e-18	2.73126e-19
3.21001	2.24285e-17	4.47914e-16	3.77322e-20	7.76096e-18	2.46437e-19
3.24722	2.1154e-17	3.46545e-16	3.42549e-20	7.76096e-18	2.2261e-19
3.28486	1.99593e-17	3.32108e-16	3.46442e-20	7.76097e-18	2.01325e-19
3.32293	1.88393e-17	2.87154e-16	3.6044e-20	7.76097e-18	1.82262e-19
3.36145	1.77887e-17	2.46887e-16	3.43673e-20	7.76098e-18	1.65966e-19
3.40041	1.68017e-17	2.14529e-16	3.02205e-20	7.76098e-18	1.51385e-19
3.43983	1.58904e-17	1.84328e-16	3.14159e-20	7.76099e-18	1.38269e-19
3.4797	1.50322e-17	1.70222e-16	3.14605e-20	7.76099e-18	1.26533e-19
3.52003	1.42243e-17	1.45533e-16	3.03593e-20	7.761e-18	1.16043e-19
3.56083	1.34625e-17	1.30833e-16	2.83591e-20	7.761e-18	1.0674e-19
3.60211	1.27432e-17	1.17937e-16	2.57674e-20	7.76101e-18	9.88006e-20
3.64386	1.20657e-17	1.10002e-16	2.63091e-20	7.76101e-18	9.17437e-20
3.6861	1.14358e-17	8.88503e-17	2.66497e-20	7.76102e-18	8.54544e-20
3.72882	1.08399e-17	8.50338e-17	2.4931e-20	7.76102e-18	7.99085e-20
3.77204	1.0276e-17	7.08238e-17	2.37427e-20	7.76103e-18	7.50671e-20
3.81576	9.7429e-18	7.32947e-17	2.4721e-20	7.76103e-18	7.09944e-20
3.85999	9.23879e-18	6.23379e-17	2.36158e-20	7.76104e-18	6.77508e-20
3.90474	8.76135e-18	5.63121e-17	2.18783e-20	7.76104e-18	6.51551e-20
3.95	8.31674e-18	4.95644e-17	2.15621e-20	7.76105e-18	6.31973e-20
3.99578	7.89478e-18	4.47001e-17	2.25594e-20	7.76106e-18	6.19765e-20
4.0421	7.4947e-18	4.06531e-17	2.09297e-20	7.76106e-18	6.16607e-20
4.08895	7.1154e-18	3.55449e-17	2.0082e-20	7.76107e-18	6.25876e-20
4.13634	6.75573e-18	3.15065e-17	1.99416e-20	7.76108e-18	6.5216e-20
4.18429	6.41478e-18	2.79839e-17	1.83805e-20	7.76108e-18	7.04888e-20
4.23279	6.09624e-18	2.74617e-17	1.74282e-20	7.76109e-18	8.01961e-20
4.28185	5.79316e-18	2.38949e-17	1.7452e-20	7.7611e-18	9.96891e-20
4.33148	5.50537e-18	2.15571e-17	1.55922e-20	7.7611e-18	1.54477e-19
4.38169	5.23223e-18	1.98805e-17	1.55457e-20	7.76111e-18	7.54638e-19
4.43248	4.97286e-18	1.80926e-17	1.71081e-20	7.76112e-18	4.78999e-19
4.48386	4.72631e-18	1.62508e-17	1.65025e-20	7.76113e-18	9.49255e-20
4.53583	4.49533e-18	1.47288e-17	1.61437e-20	7.76113e-18	4.9639e-20
4.5884	4.27579e-18	1.35322e-17	1.53214e-20	7.76114e-18	3.13485e-20
4.64159	4.06702e-18	1.21605e-17	1.43139e-20	7.76115e-18	2.16344e-20
4.69539	3.86845e-18	1.08218e-17	1.41254e-20	7.76116e-18	1.56464e-20
4.74981	3.67958e-18	1.00914e-17	1.44767e-20	7.76117e-18	1.17134e-20
4.80487	3.4999e-18	9.11477e-18	1.41464e-20	7.76118e-18	9.00326e-21
4.86056	3.33148e-18	8.22113e-18	1.41739e-20	7.76119e-18	7.01885e-21
4.9169	3.17104e-18	7.83515e-18	1.38764e-20	7.7612e-18	5.54742e-21
4.9739	3.01837e-18	6.98195e-18	1.38414e-20	7.76121e-18	4.44267e-21
5.03155	2.87308e-18	6.13313e-18	1.24522e-20	7.76122e-18	3.59664e-21
5.08987	2.73474e-18	5.73681e-18	1.28064e-20	7.76123e-18	2.93316e-21
5.14887	2.60297e-18	5.42525e-18	1.29067e-20	7.76124e-18	2.41071e-21
5.20855	2.47936e-18	4.92708e-18	1.23473e-20	7.76125e-18	1.98846e-21
5.26892	2.36155e-18	4.58673e-18	1.28313e-20	7.76126e-18	1.64726e-21
5.32999	2.24928e-18	4.0833e-18	1.27115e-20	7.76127e-18	1.37343e-21
5.39177	2.14231e-18	3.779e-18	1.30342e-20	7.76128e-18	1.15145e-21
5.45427	2.0404e-18	3.52424e-18	1.20107e-20	7.76129e-18	9.68168e-22
5.51749	1.94331e-18	3.27564e-18	1.23626e-20	7.7613e-18	8.17253e-22
5.58145	1.85204e-18	3.06765e-18	1.27636e-20	7.76131e-18	6.90729e-22
5.64614	1.76509e-18	2.76908e-18	1.17787e-20	7.76133e-18	5.84887e-22
5.71159	1.68219e-18	2.58294e-18	1.05969e-20	7.76134e-18	4.97763e-22
5.77779	1.60313e-18	2.45602e-18	1.03609e-20	7.76135e-18	4.25055e-22
5.84476	1.52773e-18	2.40782e-18	1.17286e-20	7.76137e-18	3.63483e-22
5.91251	1.45589e-18	2.82414e-18	1.10872e-20	7.76138e-18	3.11609e-22
5.98104	1.38828e-18	1.07123e-18	1.18095e-20	7.76139e-18	2.6725e-22
6.05037	1.32379e-18	1.18278e-18	1.2127e-20	7.76141e-18	2.29409e-22
6.1205	1.26228e-18	1.26056e-18	1.12447e-20	7.76142e-18	1.97898e-22
6.19144	1.20356e-18	1.22776e-18	1.08376e-20	7.76144e-18	1.71067e-22
6.26321	1.14748e-18	1.16516e-18	1.68134e-20	7.76145e-18	1.47984e-22
6.3358	1.094e-18	1.1025e-18	1.08786e-20	7.76147e-18	1.2825e-22
6.40924	1.04354e-18	1.03097e-18	1.03238e-20	7.76148e-18	1.11153e-22
6.48353	9.95398e-19	9.6689e-19	1.16376e-20	7.7615e-18	9.63738e-23
6.55869	9.49418e-19	9.23396e-19	1.14818e-20	7.76152e-18	8.40006e-23
6.63471	9.05521e-19	5.8289e-19	1.25105e-20	7.76153e-18	7.32906e-23
6.71161	8.63646e-19	7.51505e-19	1.02842e-20	7.76155e-18	6.39708e-23
6.78941	8.23697e-19	7.23579e-19	1.15519e-20	7.76157e-18	5.59174e-23
6.8681	7.86203e-19	6.59064e-19	1.29209e-20	7.76159e-18	4.88717e-23
6.94771	7.50385e-19	6.26199e-19	1.26572e-20	7.76161e-18	4.27194e-23
7.02824	7.16209e-19	5.95617e-19	1.28206e-20	7.76163e-18	3.75591e-23
7.10971	6.83607e-19	5.46177e-19	1.38148e-20	7.76165e-18	3.30253e-23
7.19212	6.5249e-19	5.13132e-19	1.42583e-20	7.76167e-18	2.90441e-23
7.27548	6.22766e-19	4.87798e-19	1.39505e-20	7.76169e-18	2.5574e-23
7.35981	5.94794e-19	4.54325e-19	1.38129e-20	7.76171e-18	2.25138e-23
7.44512	5.68064e-19	4.26548e-19	1.53752e-20	7.76173e-18	1.98325e-23
7.53142	5.42537e-19	4.04291e-19	1.64532e-20	7.76175e-18	1.75607e-23
7.61872	5.18149e-19	3.80216e-19	1.50561e-20	7.76177e-18	1.55476e-23
7.70703	4.94844e-19	3.55059e-19	1.67383e-20	7.7618e-18	1.37661e-23
7.79636	4.7259e-19	3.3457e-19	1.37628e-20	7.76182e-18	1.22017e-23
7.88673	4.51609e-19	3.18946e-19	1.63829e-20	7.76184e-18	1.08125e-23
7.97814	4.3157e-19	3.03682e-19	1.39615e-20	7.76187e-18	9.59444e-24
8.07062	4.12416e-19	2.86043e-19	1.46287e-20	7.76189e-18	8.54984e-24
8.16417	3.94108e-19	2.68529e-19	1.32033e-20	7.76192e-18	7.61808e-24
8.2588	3.76612e-19	2.5321e-19	1.33387e-20	7.76195e-18	6.78776e-24
8.35453	3.59895e-19	2.43204e-19	1.1607e-20	7.76197e-18	6.05371e-24
8.45137	3.44147e-19	2.31103e-19	1.00896e-20	7.762e-18	5.3977e-24
8.54933	3.29076e-19	2.20878e-19	1.10224e-20	7.76203e-18	4.82304e-24
8.64842	3.1467e-19	2.08869e-19	8.73518e-21	7.76206e-18	4.32413e-24
8.74867	3.00902e-19	2.00091e-19	8.65967e-21	7.76209e-18	3.8764e-24
8.85007	2.87742e-19	1.89551e-19	8.14722e-21	7.76212e-18	3.47483e-24
8.95266	2.75165e-19	1.79975e-19	7.43042e-21	7.76215e-18	3.11757e-24
9.05643	2.63297e-19	1.73782e-19	7.23009e-21	7.76218e-18	2.79639e-24
9.1614	2.51954e-19	1.66687e-19	7.35712e-21	7.76221e-18	2.51563e-24
9.26759	2.41106e-19	1.58137e-19	6.84542e-21	7.76225e-18	2.26875e-24
9.37502	2.30727e-19	1.51288e-19	5.72085e-21	7.76228e-18	2.04591e-24
9.48368	2.20802e-19	1.44489e-19	5.74785e-21	7.76232e-18	1.84481e-24
9.59361	2.11319e-19	1.38901e-19	5.2782e-21	7.76235e-18	1.66482e-24
9.70481	2.02372e-19	1.33574e-19	5.33295e-21	7.76239e-18	1.50207e-24
9.8173	1.93814e-19	1.28473e-19	4.92014e-21	7.76243e-18	1.36032e-24
9.93109	1.85628e-19	1.22621e-19	4.64422e-21	7.76246e-18	1.23399e-24
10.0462	1.77788e-19	1.18243e-19	4.73416e-21	7.7625e-18	1.11933e-24
10.1627	1.70279e-19	1.13407e-19	3.9582e-21	7.76254e-18	1.01524e-24
10.2804	1.63105e-19	1.09172e-19	4.21639e-21	7.76258e-18	9.215e-25
10.3996	1.56385e-19	1.05343e-19	4.28354e-21	7.76263e-18	8.36318e-25
10.5202	1.49917e-19	1.01199e-19	3.55893e-21	7.76267e-18	7.62482e-25
10.6421	1.4372e-19	9.71493e-20	3.75019e-21	7.76271e-18	6.95723e-25
10.7654	1.3779e-19	9.42274e-20	3.37962e-21	7.76276e-18	6.34801e-25
10.8902	1.32116e-19	9.08686e-20	3.15378e-21	7.7628e-18	5.79183e-25
11.0165	1.26692e-19	8.77001e-20	3.22202e-21	7.76285e-18	5.28767e-25
11.1442	1.21592e-19	8.47401e-20	3.10399e-21	7.7629e-18	4.83076e-25
11.2733	1.16694e-19	8.15858e-20	2.8864e-21	7.76295e-18	4.42993e-25
11.404	1.1201e-19	7.86545e-20	3.04978e-21	7.763e-18	4.06515e-25
11.5362	1.07535e-19	7.62547e-20	2.74734e-21	7.76305e-18	3.73042e-25
11.6699	1.03256e-19	7.36554e-20	2.99217e-21	7.7631e-18	3.42305e-25
11.8052	9.91624e-20	7.1034e-20	2.83584e-21	7.76316e-18	3.1425e-25
11.942	9.53177e-20	6.82952e-20	2.98858e-21	7.76321e-18	2.88936e-25
12.0804	9.16188e-20	6.6152e-20	2.91295e-21	7.76327e-18	2.66451e-25
12.2204	8.80883e-20	6.41705e-20	2.90567e-21	7.76333e-18	2.45838e-25
12.3621	8.47277e-20	6.21689e-20	2.74956e-21	7.76339e-18	2.26801e-25
12.5054	8.15281e-20	6.02546e-20	2.8181e-21	7.76345e-18	2.09194e-25
12.6503	7.84804e-20	5.78144e-20	3.06596e-21	7.76351e-18	1.92988e-25
12.797	7.56044e-20	5.60588e-20	3.05686e-21	7.76357e-18	1.78409e-25
12.9453	7.28763e-20	5.44758e-20	3.16925e-21	7.76364e-18	1.65234e-25
13.0954	7.029e-20	5.2865e-20	2.85316e-21	7.76371e-18	1.53019e-25
13.2471	6.78493e-20	5.10205e-20	3.57359e-21	7.76377e-18	1.41609e-25
13.4007	6.55566e-20	4.91624e-20	3.42627e-21	7.76384e-18	1.30916e-25
13.556	6.34088e-20	4.77179e-20	3.65404e-21	7.76392e-18	1.20899e-25
13.7131	6.14725e-20	4.62527e-20	3.49092e-21	7.76399e-18	1.11807e-25
13.8721	5.97125e-20	4.47615e-20	3.58327e-21	7.76406e-18	1.03292e-25
14.0329	5.81615e-20	4.35832e-20	3.91073e-21	7.76414e-18	9.51093e-26
14.1955	5.68605e-20	4.22724e-20	4.47802e-21	7.76422e-18	8.71298e-26
14.3601	5.58669e-20	4.13141e-20	3.80295e-21	7.7643e-18	7.92287e-26
14.5265	5.52627e-20	3.97574e-20	3.51656e-21	7.76438e-18	7.1188e-26
14.6949	5.53965e-20	3.86579e-20	3.57146e-21	7.76446e-18	6.30041e-26
14.8652	5.65333e-20	3.74806e-20	3.31792e-21	7.76455e-18	5.40014e-26
15.0376	5.93547e-20	3.62035e-20	3.29155e-21	7.76464e-18	4.31404e-26
15.2119	6.52771e-20	3.51086e-20	3.03449e-21	7.76473e-18	2.87942e-26
15.3882	7.7573e-20	3.40637e-20	2.73206e-21	7.76482e-18	8.86766e-27
15.5665	1.02616e-19	3.30527e-20	2.54959e-21	7.76491e-18	3.56375e-26
15.747	2.2289e-19	3.19114e-20	2.35005e-21	7.76501e-18	2.06917e-25
15.9295	3.58418e-19	3.09953e-20	2.11071e-21	7.76511e-18	1.62937e-24
16.1141	2.6333e-19	3.00407e-20	1.67522e-21	7.76521e-18	2.61244e-25
16.3009	9.70824e-20	2.91718e-20	1.88423e-21	7.76531e-18	1.67636e-25
16.4899	6.56034e-20	2.84833e-20	1.65259e-21	7.76542e-18	1.35637e-25
16.681	5.19278e-20	2.74456e-20	1.62428e-21	7.76552e-18	1.2018e-25
16.8744	4.48646e-20	2.66813e-20	1.5702e-21	7.76564e-18	1.11482e-25
17.0699	3.99908e-20	2.58796e-20	1.40263e-21	7.76575e-18	1.06377e-25
17.2678	3.64614e-20	2.50219e-20	2.35942e-21	7.76586e-18	1.0394e-25
17.468	3.37652e-20	2.43914e-20	1.23607e-21	7.76598e-18	1.03554e-25
17.6704	3.1608e-20	2.36998e-20	1.22655e-21	7.7661e-18	1.05118e-25
17.8753	2.98152e-20	2.29805e-20	1.09744e-21	7.76623e-18	1.09345e-25
18.0824	2.83274e-20	2.237e-20	1.01494e-21	7.76635e-18	1.17067e-25
18.292	2.70074e-20	2.16954e-20	9.16566e-22	7.76648e-18	1.2936e-25
18.5041	2.58148e-20	2.11496e-20	1.05991e-21	7.76662e-18	1.50358e-25
18.7186	2.47289e-20	2.0502e-20	1.11817e-21	7.76675e-18	1.8917e-25
18.9355	2.37338e-20	1.99066e-20	1.14077e-21	7.76689e-18	2.72968e-25
19.155	2.281e-20	1.93259e-20	1.22164e-21	7.76704e-18	6.21622e-25
19.377	2.19634e-20	1.88023e-20	1.29054e-21	7.76718e-18	1.11567e-23
19.6016	2.11653e-20	1.83274e-20	1.26359e-21	7.76733e-18	3.09687e-25
19.8288	2.04115e-20	1.77822e-20	1.35031e-21	7.76748e-18	1.58903e-25
20.0587	1.9698e-20	1.72329e-20	1.42619e-21	7.76764e-18	1.01149e-25
20.2912	1.90208e-20	1.6744e-20	1.35296e-21	7.7678e-18	7.11927e-26
20.5264	1.8377e-20	1.62636e-20	1.55006e-21	7.76796e-18	5.3768e-26
20.7643	1.77731e-20	1.58558e-20	1.56926e-21	7.76813e-18	4.21698e-26
21.005	1.71962e-20	1.53787e-20	1.4238e-21	7.7683e-18	3.38984e-26
21.2485	1.66447e-20	1.49478e-20	1.29821e-21	7.76848e-18	2.78755e-26
21.4947	1.61185e-20	1.45342e-20	1.1153e-21	7.76865e-18	2.32702e-26
21.7439	1.5618e-20	1.4148e-20	1.02421e-21	7.76884e-18	1.96415e-26
21.9959	1.51431e-20	1.38034e-20	1.0956e-21	7.76903e-18	1.68439e-26
22.2509	1.47082e-20	1.33433e-20	8.85387e-22	7.76922e-18	1.45746e-26
22.5088	1.43231e-20	1.29916e-20	8.33904e-22	7.76941e-18	1.26941e-26
22.7697	1.40357e-20	1.26869e-20	8.03924e-22	7.76962e-18	1.11374e-26
23.0336	1.41447e-20	1.23621e-20	7.38142e-22	7.76982e-18	9.82663e-27
23.3006	1.91706e-20	1.2011e-20	6.63616e-22	7.77003e-18	8.71206e-27
23.5707	4.19682e-20	1.16863e-20	6.88224e-22	7.77025e-18	7.79752e-27
23.8439	3.63845e-20	1.13726e-20	6.85264e-22	7.77047e-18	7.00953e-27
24.1203	2.06726e-20	1.10269e-20	6.92595e-22	7.77069e-18	6.32362e-27
24.3999	1.25788e-20	1.07683e-20	6.14154e-22	7.77092e-18	5.72871e-27
24.6827	1.16136e-20	1.04551e-20	6.34072e-22	7.77116e-18	5.20827e-27
24.9688	1.10762e-20	1.0227e-20	6.2291e-22	7.7714e-18	4.75509e-27
25.2582	1.06618e-20	9.91327e-21	6.16163e-22	7.77165e-18	4.37246e-27
25.551	1.03083e-20	9.62715e-21	6.6489e-22	7.7719e-18	4.03444e-27
25.8471	9.9812e-21	9.41322e-21	7.00133e-22	7.77216e-18	3.73384e-27
26.1467	9.67366e-21	9.17976e-21	7.14541e-22	7.77243e-18	3.4679e-27
26.4498	9.38209e-21	8.94916e-21	7.4402e-22	7.7727e-18	3.23176e-27
26.7564	9.10446e-21	8.66924e-21	6.7494e-22	7.77298e-18	3.02722e-27
27.0665	8.83901e-21	8.46207e-21	7.46401e-22	7.77326e-18	2.85402e-27
27.3803	8.57958e-21	8.25291e-21	7.53244e-22	7.77355e-18	2.70118e-27
27.6976	8.33511e-21	8.03456e-21	6.24986e-22	7.77385e-18	2.56612e-27
28.0187	8.09885e-21	7.82892e-21	5.82288e-22	7.77415e-18	2.44846e-27
28.3434	7.86939e-21	7.63842e-21	5.52624e-22	7.77446e-18	2.34684e-27
28.672	7.64726e-21	7.43985e-21	5.41322e-22	7.77478e-18	2.26624e-27
29.0043	7.43191e-21	7.27992e-21	5.10576e-22	7.77511e-18	2.20474e-27
29.3405	7.22587e-21	7.1794e-21	5.46331e-22	7.77544e-18	2.15816e-27
29.6806	7.02613e-21	6.93396e-21	4.14672e-22	7.77578e-18	2.12615e-27
30.0246	6.83219e-21	6.74731e-21	5.67676e-21	7.77613e-18	2.11079e-27
30.3726	6.64387e-21	6.61979e-21	4.26104e-22	7.77649e-18	2.11405e-27
30.7247	6.4611e-21	6.38701e-21	3.66545e-22	7.77686e-18	2.14549e-27
31.0808	6.28379e-21	6.21856e-21	3.78375e-22	7.77723e-18	2.20619e-27
31.4411	6.11339e-21	6.06598e-21	3.69105e-22	7.77761e-18	2.30225e-27
31.8055	5.94765e-21	5.90418e-21	4.20972e-22	7.77801e-18	2.44247e-27
32.1742	5.78684e-21	5.75134e-21	4.37097e-22	7.77841e-18	2.64883e-27
32.5471	5.63086e-21	5.61451e-21	4.01007e-22	7.77882e-18	2.95772e-27
32.9244	5.47937e-21	5.46886e-21	3.66554e-22	7.77924e-18	3.4346e-27
33.306	5.3319e-21	5.35007e-21	4.54198e-22	7.77967e-18	4.19272e-27
33.6921	5.19021e-21	5.21109e-21	3.87944e-22	7.78011e-18	5.46016e-27
34.0826	5.05239e-21	5.08955e-21	3.76329e-22	7.78056e-18	7.25161e-27
34.4776	4.91854e-21	4.95522e-21	3.72802e-22	7.78102e-18	8.00431e-27
34.8773	4.78843e-21	4.84039e-21	3.28481e-22	7.78149e-18	6.17583e-27
35.2815	4.66189e-21	4.71465e-21	3.07657e-22	7.78197e-18	4.33447e-27
35.6905	4.53896e-21	4.63042e-21	2.63535e-22	7.78247e-18	3.22305e-27
36.1042	4.42076e-21	4.51028e-21	2.7512e-22	7.78297e-18	2.57407e-27
36.5227	4.30586e-21	4.40248e-21	2.53841e-22	7.78349e-18	2.17925e-27
36.946	4.19418e-21	4.30278e-21	2.38907e-22	7.78402e-18	1.96092e-27
37.3743	4.08563e-21	4.18931e-21	2.58674e-22	7.78456e-18	1.89321e-27
37.8075	3.98018e-21	4.09597e-21	2.40046e-22	7.78511e-18	2.00529e-27
38.2457	3.87787e-21	3.98504e-21	2.71544e-22	7.78568e-18	2.49695e-27
38.689	3.77929e-21	3.90989e-21	2.27471e-22	7.78626e-18	5.83271e-27
39.1375	3.68355e-21	3.79962e-21	2.44723e-22	7.78685e-18	9.70672e-27
39.5911	3.59068e-21	3.71904e-21	2.26006e-22	7.78745e-18	1.46648e-27
40.05	3.50059e-21	3.63204e-21	2.4026e-22	7.78808e-18	6.03749e-28
40.5142	3.41321e-21	3.56867e-21	2.09575e-22	7.78871e-18	2.74911e-28
40.9838	3.32863e-21	3.47056e-21	1.8533e-22	7.78936e-18	9.20571e-29
41.4589	3.24776e-21	3.37625e-21	2.00868e-22	7.79003e-18	9.39151e-29
41.9394	3.16968e-21	3.32065e-21	2.01546e-22	7.79071e-18	7.67985e-28
42.4256	3.09479e-21	3.24129e-21	1.72216e-22	7.7914e-18	5.13874e-28
42.9173	3.02347e-21	3.18216e-21	1.82011e-22	7.79212e-18	1.93271e-28
43.4148	2.9563e-21	3.1101e-21	1.93038e-22	7.79284e-18	1.17627e-28
43.918	2.8943e-21	3.05633e-21	1.67072e-22	7.79359e-18	8.08762e-29
44.4271	2.84256e-21	2.96723e-21	1.47953e-22	7.79435e-18	5.88397e-29
44.942	2.80625e-21	2.89835e-21	1.77349e-22	7.79513e-18	4.39475e-29
45.463	2.80342e-21	2.83783e-21	1.8202e-22	7.79593e-18	3.3546e-29
45.9899	2.88857e-21	2.76211e-21	1.75933e-22	7.79675e-18	2.61566e-29
46.523	3.29526e-21	2.71883e-21	1.71267e-22	7.79759e-18	2.05942e-29
47.0622	4.59338e-21	2.64661e-21	1.53032e-22	7.79844e-18	1.63698e-29
47.6078	2.14544e-20	2.5988e-21	1.62369e-22	7.79932e-18	1.31341e-29
48.1596	1.09135e-20	2.53921e-21	1.52941e-22	7.80022e-18	1.05827e-29
48.7178	3.38066e-21	2.48545e-21	1.36315e-22	7.80113e-18	8.57216e-30
49.2825	2.76438e-21	2.41764e-21	1.50122e-22	7.80207e-18	7.01874e-30
49.8537	2.52427e-21	2.37562e-21	1.45505e-22	7.80303e-18	5.76094e-30
50.4316	2.3871e-21	2.32346e-21	1.31746e-22	7.80401e-18	4.74503e-30
51.0162	2.29488e-21	2.27077e-21	1.3717e-22	7.80502e-18	3.92569e-30
51.6075	2.21931e-21	2.23169e-21	1.50003e-22	7.80605e-18	3.25202e-30
52.2057	2.15478e-21	2.17394e-21	1.3812e-22	7.8071e-18	2.70205e-30
52.8108	2.09774e-21	2.1335e-21	1.43666e-22	7.80818e-18	2.26157e-30
53.4229	2.04609e-21	2.08005e-21	1.37317e-22	7.80928e-18	1.89439e-30
54.0422	1.99869e-21	2.04925e-21	1.33718e-22	7.81041e-18	1.58938e-30
54.6686	1.95576e-21	2.00076e-21	1.37968e-22	7.81156e-18	1.33714e-30
55.3022	1.91519e-21	1.95344e-21	1.41461e-22	7.81274e-18	1.12521e-30
55.9433	1.87667e-21	1.92038e-21	1.31562e-22	7.81395e-18	9.49299e-31
56.5917	1.83985e-21	1.87984e-21	1.61646e-22	7.81518e-18	8.05205e-31
57.2477	1.80507e-21	1.85207e-21	1.96692e-22	7.81645e-18	6.83038e-31
57.9112	1.77419e-21	1.80833e-21	1.85678e-22	7.81774e-18	5.79816e-31
58.5825	1.74474e-21	1.77359e-21	4.70487e-22	7.81906e-18	4.93129e-31
59.2615	1.71465e-21	1.73768e-21	5.62551e-22	7.82041e-18	4.19289e-31
59.9484	1.68589e-21	1.70266e-21	5.61747e-20	7.8218e-18	3.57475e-31
60.6433	1.65881e-21	1.67321e-21	3.67714e-22	7.82322e-18	3.05985e-31
61.3462	1.63303e-21	1.64815e-21	4.95449e-22	7.82467e-18	2.61831e-31
62.0573	1.60849e-21	1.60446e-21	1.69957e-22	7.82615e-18	2.24089e-31
62.7766	1.58535e-21	1.57586e-21	1.85071e-22	7.82767e-18	1.92056e-31
63.5043	1.56328e-21	1.54097e-21	1.37935e-22	7.82922e-18	1.64508e-31
64.2403	1.5423e-21	1.50297e-21	1.10024e-22	7.83081e-18	1.41351e-31
64.985	1.52237e-21	1.48035e-21	1.15674e-22	7.83243e-18	1.21791e-31
65.7382	1.50342e-21	1.44563e-21	1.04559e-22	7.8341e-18	1.04881e-31
66.5002	1.4854e-21	1.42811e-21	7.81584e-23	7.8358e-18	9.03022e-32
67.271	1.4685e-21	1.39553e-21	7.69507e-23	7.83754e-18	7.7834e-32
68.0507	1.45239e-21	1.36662e-21	7.28203e-23	7.83932e-18	6.70351e-32
68.8395	1.43708e-21	1.33501e-21	6.79479e-23	7.84114e-18	5.79465e-32
69.6374	1.42255e-21	1.31048e-21	6.45476e-23	7.843e-18	5.01757e-32
70.4446	1.40884e-21	1.28969e-21	6.30765e-23	7.84491e-18	4.34157e-32
71.2612	1.396e-21	1.26647e-21	6.16391e-23	7.84686e-18	3.755e-32
72.0872	1.38401e-21	1.24057e-21	6.02343e-23	7.84886e-18	3.25042e-32
72.9227	1.37269e-21	1.2217e-21	5.88616e-23	7.8509e-18	2.81152e-32
73.768	1.36197e-21	1.1974e-21	5.75202e-23	7.85299e-18	2.44142e-32
74.623	1.35188e-21	1.17921e-21	5.62094e-23	7.85513e-18	2.12191e-32
75.488	1.34243e-21	1.15148e-21	5.49284e-23	7.85731e-18	1.84262e-32
76.363	1.3335e-21	1.13993e-21	5.36766e-23	7.85955e-18	1.59904e-32
77.2481	1.32542e-21	1.11889e-21	5.24534e-23	7.86184e-18	1.38858e-32
78.1435	1.31782e-21	1.09481e-21	5.12581e-23	7.86418e-18	1.20573e-32
79.0493	1.31077e-21	1.07305e-21	5.00899e-23	7.86657e-18	1.05005e-32
79.9655	1.30421e-21	1.05116e-21	4.89485e-23	7.86902e-18	9.15131e-33
80.8924	1.29809e-21	1.02863e-21	4.7833e-23	7.87153e-18	7.96754e-33
81.8301	1.2925e-21	1.01228e-21	4.67429e-23	7.87409e-18	6.93089e-33
82.7786	1.28742e-21	9.95592e-22	4.56777e-23	7.87671e-18	6.03213e-33
83.7381	1.28274e-21	9.83261e-22	4.46368e-23	7.8794e-18	5.25304e-33
84.7087	1.27856e-21	9.59392e-22	4.36196e-23	7.88214e-18	4.58354e-33
85.6906	1.27484e-21	9.39915e-22	4.26256e-23	7.88495e-18	4.00155e-33
86.6838	1.2715e-21	9.26601e-22	4.16542e-23	7.88782e-18	3.48945e-33
87.6886	1.2685e-21	9.10046e-22	4.0705e-23	7.89076e-18	3.03957e-33
88.705	1.26592e-21	8.93357e-22	3.97774e-23	7.89376e-18	2.64854e-33
89.7332	1.26374e-21	8.77221e-22	3.8871e-23	7.89684e-18	2.31068e-33
90.7733	1.2619e-21	8.63471e-22	3.79852e-23	7.89998e-18	2.01779e-33
91.8254	1.26047e-21	8.43088e-22	3.71196e-23	7.9032e-18	1.76263e-33
92.8898	1.25947e-21	8.32754e-22	3.62737e-23	7.90649e-18	1.53764e-33
93.9665	1.2588e-21	8.20083e-22	3.54471e-23	7.90985e-18	1.3395e-33
95.0557	1.25863e-21	7.98642e-22	3.46394e-23	7.9133e-18	1.16698e-33
96.1575	1.2588e-21	7.87033e-22	3.385e-23	7.91682e-18	1.01853e-33
97.272	1.25935e-21	7.74208e-22	3.30786e-23	7.92042e-18	8.88751e-34
98.3995	1.26033e-21	7.66668e-22	3.23249e-23	7.9241e-18	7.75542e-34
99.5401	1.26172e-21	7.50604e-22	3.15883e-23	7.92787e-18	6.75571e-34
100.694	1.26331e-21	7.37455e-22	3.08684e-23	7.93172e-18	5.87711e-34
101.861	1.26529e-21	7.22006e-22	3.0165e-23	7.93567e-18	5.10826e-34
103.042	1.26776e-21	7.08953e-22	2.94776e-23	7.9397e-18	4.45521e-34
104.236	1.27079e-21	6.97632e-22	2.88059e-23	7.94382e-18	3.88458e-34
105.444	1.27449e-21	6.88651e-22	2.81495e-23	7.94804e-18	3.3845e-34
106.666	1.27897e-21	6.76253e-22	2.75081e-23	7.95235e-18	2.94646e-34
107.903	1.28432e-21	6.66339e-22	2.68812e-23	7.95676e-18	2.56297e-34
109.154	1.29102e-21	6.5636e-22	2.62687e-23	7.96128e-18	2.22817e-34
110.419	1.2993e-21	6.39005e-22	2.56701e-23	7.96589e-18	1.94384e-34
111.699	1.30954e-21	6.32828e-22	2.50852e-23	7.97061e-18	1.69458e-34
112.993	1.3223e-21	6.22257e-22	2.45136e-23	7.97544e-18	1.47616e-34
114.303	1.33839e-21	6.11631e-22	2.3955e-23	7.98037e-18	1.28486e-34
115.628	1.35897e-21	5.99422e-22	2.34091e-23	7.98542e-18	1.11741e-34
116.968	1.38851e-21	5.89982e-22	2.28757e-23	7.99058e-18	9.72047e-35
118.324	1.43015e-21	5.83333e-22	2.23544e-23	7.99586e-18	8.47926e-35
119.696	1.49157e-21	5.72117e-22	2.1845e-23	8.00126e-18	7.39121e-35
121.083	1.58759e-21	5.60729e-22	2.13473e-23	8.00678e-18	6.43785e-35
122.486	1.7477e-21	5.54591e-22	2.08608e-23	8.01243e-18	5.60293e-35
123.906	2.01977e-21	5.43182e-22	2.03855e-23	8.0182e-18	4.87211e-35
125.342	2.75112e-21	5.36576e-22	1.9921e-23	8.0241e-18	4.24121e-35
126.795	6.05765e-21	5.2923e-22	1.9467e-23	8.03014e-18	3.69915e-35
128.265	8.06454e-21	5.16122e-22	1.90234e-23	8.03631e-18	3.22401e-35
129.752	6.60169e-21	5.07259e-22	1.859e-23	8.04263e-18	2.80774e-35
131.256	2.69452e-21	5.01783e-22	1.81664e-23	8.04908e-18	2.44321e-35
132.777	1.92368e-21	4.89269e-22	1.77524e-23	8.05568e-18	2.12417e-35
134.316	1.65442e-21	4.81247e-22	1.73479e-23	8.06243e-18	1.85036e-35
135.873	1.50465e-21	4.78243e-22	1.69526e-23	8.06932e-18	1.61369e-35
137.448	1.42033e-21	4.69223e-22	1.65663e-23	8.07638e-18	1.40626e-35
139.041	1.37028e-21	4.58958e-22	1.61888e-23	8.08359e-18	1.22455e-35
140.653	1.33909e-21	4.54251e-22	1.58199e-23	8.09096e-18	1.06543e-35
142.283	1.31888e-21	4.42854e-22	1.54595e-23	8.0985e-18	9.26177e-36
143.932	1.30647e-21	4.38494e-22	1.51072e-23	8.10621e-18	8.07327e-36
145.601	1.29773e-21	4.31282e-22	1.4763e-23	8.11409e-18	7.03978e-36
147.288	1.2917e-21	4.264e-22	1.44266e-23	8.12214e-18	6.13403e-36
148.996	1.28764e-21	4.15979e-22	1.40978e-23	8.13037e-18	5.34061e-36
150.723	1.28499e-21	4.08395e-22	1.37766e-23	8.13879e-18	4.64594e-36
152.47	1.2834e-21	4.01642e-22	1.34627e-23	8.1474e-18	4.03806e-36
154.237	1.28273e-21	3.96682e-22	1.31559e-23	8.15619e-18	3.5222e-36
156.025	1.28273e-21	3.89652e-22	1.28561e-23	8.16518e-18	3.07087e-36
157.833	1.2832e-21	3.81828e-22	1.25632e-23	8.17437e-18	2.67535e-36
159.663	1.28403e-21	3.80369e-22	1.22769e-23	8.18377e-18	2.32893e-36
161.513	1.28518e-21	3.72823e-22	1.19972e-23	8.19337e-18	2.02565e-36
163.385	1.2866e-21	3.64094e-22	1.17238e-23	8.20318e-18	1.76128e-36
165.279	1.28843e-21	3.58838e-22	1.14567e-23	8.21321e-18	1.53651e-36
167.195	1.29039e-21	3.53161e-22	1.11956e-23	8.22347e-18	1.33946e-36
169.133	1.29254e-21	3.48283e-22	1.09405e-23	8.23394e-18	1.1668e-36
171.093	1.29492e-21	3.42279e-22	1.06912e-23	8.24465e-18	1.01558e-36
173.077	1.29755e-21	3.3662e-22	1.04476e-23	8.2556e-18	8.83208e-37
175.083	1.3003e-21	3.29822e-22	1.02096e-23	8.26678e-18	7.68454e-37
177.112	1.3033e-21	3.26371e-22	9.97693e-24	8.27821e-18	6.70305e-37
179.165	1.3065e-21	3.1967e-22	9.7496e-24	8.28989e-18	5.84269e-37
181.242	1.30994e-21	3.14713e-22	9.52744e-24	8.30182e-18	5.08886e-37
183.343	1.31366e-21	3.10685e-22	9.31035e-24	8.31402e-18	4.4287e-37
185.468	1.31768e-21	3.03062e-22	9.09821e-24	8.32648e-18	3.85086e-37
187.617	1.32209e-21	2.98e-22	8.8909e-24	8.33921e-18	3.35276e-37
189.792	1.32709e-21	2.94055e-22	8.68831e-24	8.35222e-18	2.92424e-37
191.992	1.33275e-21	2.88084e-22	8.49034e-24	8.36551e-18	2.54862e-37
194.217	1.33923e-21	2.82672e-22	8.29688e-24	8.37909e-18	2.21954e-37
196.469	1.34684e-21	2.79746e-22	8.10783e-24	8.39297e-18	1.93136e-37
198.746	1.35606e-21	2.74662e-22	7.92308e-24	8.40714e-18	1.67915e-37
201.05	1.3675e-21	2.69672e-22	7.74255e-24	8.42162e-18	1.46291e-37
203.38	1.38364e-21	2.65181e-22	7.56613e-24	8.43641e-18	1.27575e-37
205.737	1.40724e-21	2.6173e-22	7.39373e-24	8.45152e-18	1.11171e-37
208.122	1.445e-21	2.56335e-22	7.22526e-24	8.46695e-18	9.68008e-38
210.535	1.51367e-21	2.51431e-22	7.06062e-24	8.48272e-18	8.42184e-38
212.975	1.65894e-21	2.47533e-22	6.89974e-24	8.49882e-18	7.32071e-38
215.443	1.97439e-21	2.44718e-22	6.74252e-24	8.51526e-18	6.38222e-38
217.941	3.69515e-21	2.40569e-22	6.58889e-24	8.53206e-18	5.56498e-38
220.467	7.10543e-21	2.35905e-22	6.43876e-24	8.54921e-18	4.84878e-38
223.022	5.45431e-21	2.31392e-22	6.29205e-24	8.56673e-18	4.22141e-38
225.607	2.0244e-21	2.27488e-22	6.14868e-24	8.58462e-18	3.67215e-38
228.222	1.59867e-21	2.23897e-22	6.00857e-24	8.60289e-18	3.19152e-38
230.868	1.4755e-21	2.2087e-22	5.87166e-24	8.62154e-18	2.7843e-38
233.544	1.43359e-21	2.16393e-22	5.73787e-24	8.64059e-18	2.42747e-38
236.251	1.41175e-21	2.14279e-22	5.60713e-24	8.66004e-18	2.11478e-38
238.989	1.40086e-21	2.08497e-22	5.47937e-24	8.67989e-18	1.8409e-38
241.759	1.39581e-21	2.06489e-22	5.35452e-24	8.70016e-18	1.60114e-38
244.562	1.39403e-21	2.016e-22	5.23251e-24	8.72086e-18	1.3924e-38
247.396	1.3942e-21	1.9769e-22	5.11329e-24	8.74199e-18	1.21468e-38
250.264	1.39587e-21	1.95142e-22	4.99678e-24	8.76356e-18	1.05888e-38
253.165	1.39833e-21	1.91647e-22	4.88292e-24	8.78557e-18	9.2237e-39
256.099	1.40129e-21	1.87889e-22	4.77166e-24	8.80804e-18	8.02809e-39
259.068	1.40469e-21	1.85353e-22	4.66294e-24	8.83098e-18	6.9815e-39
262.071	1.40849e-21	1.81055e-22	4.55669e-24	8.85439e-18	6.07532e-39
265.108	1.4125e-21	1.78677e-22	4.45286e-24	8.87828e-18	5.29923e-39
268.181	1.41683e-21	1.74238e-22	4.3514e-24	8.90267e-18	4.61894e-39
271.29	1.42136e-21	1.71e-22	4.25225e-24	8.92755e-18	4.02288e-39
274.434	1.42604e-21	1.69198e-22	4.15536e-24	8.95294e-18	3.5009e-39
277.615	1.43089e-21	1.67027e-22	4.06068e-24	8.97885e-18	3.04403e-39
280.833	1.43591e-21	1.63483e-22	3.96815e-24	9.00528e-18	2.65067e-39
284.088	1.441e-21	1.59816e-22	3.87774e-24	9.03226e-18	2.31178e-39
287.381	1.44633e-21	1.57351e-22	3.78938e-24	9.05977e-18	2.01473e-39
290.712	1.45172e-21	1.5535e-22	3.70304e-24	9.08785e-18	1.7545e-39
294.082	1.45729e-21	1.52171e-22	3.61866e-24	9.11649e-18	1.52662e-39
297.491	1.46299e-21	1.49402e-22	3.53621e-24	9.1457e-18	1.32718e-39
300.939	1.46879e-21	1.461e-22	3.45563e-24	9.1755e-18	1.15645e-39
304.427	1.4748e-21	1.44524e-22	3.37689e-24	9.20589e-18	1.00847e-39
307.956	1.48087e-21	1.40874e-22	3.29995e-24	9.23689e-18	8.78769e-40
311.525	1.48709e-21	1.38152e-22	3.22476e-24	9.2685e-18	7.65151e-40
315.136	1.49339e-21	1.3545e-22	3.15128e-24	9.30074e-18	6.6567e-40
318.789	1.49983e-21	1.34232e-22	3.07948e-24	9.33362e-18	5.78613e-40
322.484	1.50645e-21	1.32357e-22	3.00931e-24	9.36714e-18	5.04522e-40
326.222	1.5132e-21	1.27731e-22	2.94074e-24	9.40132e-18	4.39907e-40
330.003	1.52003e-21	1.27878e-22	2.87373e-24	9.43617e-18	3.83281e-40
333.829	1.52706e-21	1.24162e-22	2.80826e-24	9.4717e-18	3.3368e-40
337.698	1.53424e-21	1.22069e-22	2.74427e-24	9.50792e-18	2.90254e-40
341.612	1.54152e-21	1.18931e-22	2.68174e-24	9.54484e-18	2.52286e-40
345.572	1.5489e-21	1.18084e-22	2.62063e-24	9.58248e-18	2.20107e-40
349.578	1.5565e-21	1.15544e-22	2.56092e-24	9.62084e-18	1.91895e-40
353.63	1.56423e-21	1.12814e-22	2.50257e-24	9.65994e-18	1.67173e-40
357.729	1.57212e-21	1.1027e-22	2.44555e-24	9.69979e-18	1.4552e-40
361.875	1.58013e-21	1.08465e-22	2.38983e-24	9.74039e-18	1.26564e-40
366.07	1.58828e-21	1.06556e-22	2.33537e-24	9.78177e-18	1.10081e-40
370.313	1.59657e-21	1.04693e-22	2.28216e-24	9.82394e-18	9.6028e-41
374.605	1.60499e-21	1.02121e-22	2.23016e-24	9.8669e-18	8.37086e-41
378.947	1.61366e-21	1.00708e-22	2.17934e-24	9.91066e-18	7.29141e-41
383.34	1.62252e-21	9.8682e-23	2.12969e-24	9.95526e-18	6.34604e-41
387.783	1.63149e-21	9.66678e-23	2.08116e-24	1.00007e-17	5.51851e-41
392.278	1.64059e-21	9.50951e-23	2.03374e-24	1.0047e-17	4.80293e-41
396.825	1.64988e-21	9.29158e-23	1.9874e-24	1.00941e-17	4.18927e-41
401.424	1.65931e-21	9.14375e-23	1.94212e-24	1.01421e-17	3.65136e-41
406.077	1.66896e-21	8.94592e-23	1.89787e-24	1.0191e-17	3.18007e-41
410.784	1.67882e-21	8.84112e-23	1.85462e-24	1.02408e-17	2.76736e-41
415.546	1.68883e-21	8.64669e-23	1.81236e-24	1.02915e-17	2.40612e-41
420.362	1.69898e-21	8.39049e-23	1.77107e-24	1.03431e-17	2.09551e-41
425.235	1.70928e-21	8.30264e-23	1.73071e-24	1.03956e-17	1.82754e-41
430.164	1.71981e-21	8.10185e-23	1.69128e-24	1.04491e-17	1.59267e-41
435.15	1.73055e-21	7.95437e-23	1.65274e-24	1.05036e-17	1.3869e-41
440.194	1.74148e-21	7.82805e-23	1.61508e-24	1.05591e-17	1.20673e-41
445.296	1.75257e-21	7.6266e-23	1.57828e-24	1.06155e-17	1.04904e-41
450.457	1.76384e-21	7.45377e-23	1.54232e-24	1.0673e-17	9.14235e-42
455.679	1.77532e-21	7.37561e-23	1.50718e-24	1.07315e-17	7.97228e-42
460.96	1.787e-21	7.22074e-23	1.47284e-24	1.0791e-17	6.9468e-42
466.303	1.79882e-21	7.09687e-23	1.43928e-24	1.08515e-17	6.04849e-42
471.708	1.81084e-21	6.90167e-23	1.40648e-24	1.09132e-17	5.26196e-42
477.176	1.82312e-21	6.74221e-23	1.37444e-24	1.09759e-17	4.57367e-42
482.707	1.83557e-21	6.61223e-23	1.34312e-24	1.10397e-17	3.98863e-42
488.302	1.84813e-21	6.52925e-23	1.31252e-24	1.11046e-17	3.47769e-42
493.962	1.8609e-21	6.37695e-23	1.28261e-24	1.11706e-17	3.02994e-42
499.688	1.87372e-21	6.18357e-23	1.25339e-24	1.12378e-17	2.63774e-42
505.48	1.8864e-21	6.14628e-23	1.22483e-24	1.13061e-17	2.29438e-42
511.339	1.89842e-21	6.02981e-23	1.19692e-24	1.13756e-17	1.99455e-42
517.266	1.90643e-21	5.84705e-23	1.16965e-24	1.14463e-17	1.74009e-42
523.261	2.44914e-21	5.75625e-23	1.143e-24	1.15182e-17	1.517e-42
529.327	5.17847e-21	5.65475e-23	1.11695e-24	1.15912e-17	1.32152e-42
535.462	2.48978e-21	5.49054e-23	1.0915e-24	1.16656e-17	1.1503e-42
541.669	1.96559e-21	5.41473e-23	1.06663e-24	1.17411e-17	1.00042e-42
547.947	1.98522e-21	5.30299e-23	1.04233e-24	1.18179e-17	8.70258e-43
554.299	2.00177e-21	5.18222e-23	1.01858e-24	1.1896e-17	7.59137e-43
560.723	2.01779e-21	5.10058e-23	9.95369e-25	1.19754e-17	6.61726e-43
567.223	2.03381e-21	4.95889e-23	9.72689e-25	1.20562e-17	5.76375e-43
573.798	2.04995e-21	4.87546e-23	9.50526e-25	1.21382e-17	5.01626e-43
580.449	2.06624e-21	4.75967e-23	9.28868e-25	1.22216e-17	4.36198e-43
587.177	2.08277e-21	4.66865e-23	9.07703e-25	1.23063e-17	3.79695e-43
593.983	2.09954e-21	4.59326e-23	8.87021e-25	1.23924e-17	3.31172e-43
600.868	2.11654e-21	4.46872e-23	8.6681e-25	1.24799e-17	2.88639e-43
607.832	2.13381e-21	4.38622e-23	8.47059e-25	1.25688e-17	2.51374e-43
614.878	2.15136e-21	4.2858e-23	8.27759e-25	1.26592e-17	2.18742e-43
622.005	2.16913e-21	4.215e-23	8.08898e-25	1.27509e-17	1.90181e-43
629.215	2.18716e-21	4.10341e-23	7.90467e-25	1.28442e-17	1.65656e-43
636.508	2.2055e-21	4.02282e-23	7.72456e-25	1.29389e-17	1.44469e-43
643.886	2.22415e-21	3.97475e-23	7.54855e-25	1.30351e-17	1.25898e-43
651.349	2.243e-21	3.87145e-23	7.37656e-25	1.31329e-17	1.09629e-43
658.899	2.26214e-21	3.76057e-23	7.20848e-25	1.32321e-17	9.53841e-44
666.536	2.28156e-21	3.70795e-23	7.04423e-25	1.33329e-17	8.29173e-44
674.262	2.3013e-21	3.6101e-23	6.88373e-25	1.34353e-17	7.22738e-44
682.078	2.32133e-21	3.52853e-23	6.72688e-25	1.35393e-17	6.30221e-44
689.984	2.34158e-21	3.46936e-23	6.5736e-25	1.36449e-17	5.49139e-44
697.981	2.3622e-21	3.38863e-23	6.42382e-25	1.37521e-17	4.78112e-44
706.072	2.3831e-21	3.31519e-23	6.27745e-25	1.38609e-17	4.15926e-44
714.256	2.40432e-21	3.25956e-23	6.13442e-25	1.39714e-17	3.61507e-44
722.535	2.42585e-21	3.1907e-23	5.99464e-25	1.40836e-17	3.15315e-44
730.91	2.44769e-21	3.12733e-23	5.85805e-25	1.41974e-17	2.74915e-44
739.382	2.46986e-21	3.04872e-23	5.72457e-25	1.4313e-17	2.39512e-44
747.952	2.49231e-21	2.9607e-23	5.59414e-25	1.44304e-17	2.08502e-44
756.622	2.5151e-21	2.9094e-23	5.46667e-25	1.45494e-17	1.81354e-44
765.392	2.53819e-21	2.89432e-23	5.34211e-25	1.46703e-17	1.57679e-44
774.264	2.56159e-21	2.78265e-23	5.22039e-25	1.47929e-17	1.37558e-44
783.238	2.58535e-21	2.75419e-23	5.10144e-25	1.49174e-17	1.19919e-44
792.317	2.60946e-21	2.66763e-23	4.98521e-25	1.50437e-17	1.04463e-44
801.501	2.6339e-21	2.5938e-23	4.87162e-25	1.51719e-17	9.09261e-45
810.791	2.65871e-21	2.54414e-23	4.76061e-25	1.53019e-17	7.90759e-45
820.189	2.68385e-21	2.50532e-23	4.65214e-25	1.54339e-17	6.87982e-45
829.696	2.7093e-21	2.45977e-23	4.54614e-25	1.55677e-17	6.00118e-45
839.313	2.73509e-21	2.39012e-23	4.44256e-25	1.57035e-17	5.23096e-45
849.042	2.76126e-21	2.32192e-23	4.34133e-25	1.58413e-17	4.55611e-45
858.883	2.78781e-21	2.29852e-23	4.24241e-25	1.5981e-17	3.96511e-45
868.838	2.81478e-21	2.25321e-23	4.14575e-25	1.61228e-17	3.4478e-45
878.909	2.84202e-21	2.19412e-23	4.05128e-25	1.62665e-17	3.00166e-45
889.097	2.86964e-21	2.15517e-23	3.95897e-25	1.64123e-17	2.61799e-45
899.402	2.89764e-21	2.09806e-23	3.86877e-25	1.65602e-17	2.28169e-45
909.827	2.92601e-21	NaN	3.78062e-25	1.67102e-17	1.98705e-45
920.373	2.95471e-21	NaN	3.69447e-25	1.68623e-17	1.72905e-45
931.041	2.98367e-21	NaN	3.61029e-25	1.70166e-17	1.50324e-45
941.833	3.01219e-21	NaN	3.52803e-25	1.7173e-17	1.30959e-45
952.75	2.98925e-21	NaN	3.44764e-25	1.73315e-17	1.14206e-45
963.793	3.00126e-21	NaN	3.36909e-25	1.74923e-17	9.95221e-46
974.965	3.10169e-21	NaN	3.29232e-25	1.76554e-17	8.66587e-46
986.266	3.13539e-21	NaN	3.21731e-25	1.78207e-17	7.53956e-46
997.698	3.16744e-21	NaN	3.144e-25	1.79882e-17	6.55387e-46
1009.26	3.19969e-21	NaN	3.07236e-25	1.81581e-17	NaN
1020.96	3.23228e-21	NaN	3.00236e-25	1.83303e-17	NaN
1032.79	3.26519e-21	NaN	2.93395e-25	1.85049e-17	NaN
1044.77	3.29841e-21	NaN	2.8671e-25	1.86818e-17	NaN
1056.88	3.33223e-21	NaN	2.80177e-25	1.88612e-17	NaN
1069.13	3.36648e-21	NaN	2.73793e-25	1.90429e-17	NaN
1081.52	3.40123e-21	NaN	2.67555e-25	1.92272e-17	NaN
1094.05	3.43641e-21	NaN	2.61458e-25	1.94139e-17	NaN
1106.74	3.47197e-21	NaN	2.55501e-25	1.96032e-17	NaN
1119.56	3.50795e-21	NaN	2.49679e-25	1.97949e-17	NaN
1132.54	3.54462e-21	NaN	2.4399e-25	1.99893e-17	NaN
1145.67	3.58159e-21	NaN	2.38431e-25	2.01862e-17	NaN
1158.95	3.61901e-21	NaN	2.32998e-25	2.03858e-17	NaN
1172.38	3.657e-21	NaN	2.27689e-25	2.0588e-17	NaN
1185.97	3.69542e-21	NaN	2.22501e-25	2.07929e-17	NaN
1199.72	3.73424e-21	NaN	2.17431e-25	2.10005e-17	NaN
1213.62	3.77387e-21	NaN	2.12477e-25	2.12109e-17	NaN
1227.69	3.81391e-21	NaN	2.07636e-25	2.1424e-17	NaN
1241.92	3.85424e-21	NaN	2.02905e-25	2.16399e-17	NaN
1256.32	3.8953e-21	NaN	1.98282e-25	2.18586e-17	NaN
1270.88	3.937e-21	NaN	1.93764e-25	2.20802e-17	NaN
1285.61	3.97907e-21	NaN	1.89349e-25	2.23047e-17	NaN
1300.51	4.02153e-21	NaN	1.85034e-25	2.25321e-17	NaN
1315.59	4.06476e-21	NaN	1.80818e-25	2.27624e-17	NaN
1330.83	4.10844e-21	NaN	1.76698e-25	2.29957e-17	NaN
1346.26	4.15269e-21	NaN	1.72672e-25	2.32321e-17	NaN
1361.87	4.1975e-21	NaN	1.68738e-25	2.34715e-17	NaN
1377.65	4.24289e-21	NaN	1.64893e-25	2.37139e-17	NaN
1393.62	4.28896e-21	NaN	1.61136e-25	2.39595e-17	NaN
1409.77	4.33558e-21	NaN	1.57464e-25	2.42082e-17	NaN
1426.11	4.38271e-21	NaN	1.53876e-25	2.44601e-17	NaN
1442.64	4.43039e-21	NaN	1.5037e-25	2.47153e-17	NaN
1459.37	4.4787e-21	NaN	1.46944e-25	2.49736e-17	NaN
1476.28	4.5277e-21	NaN	1.43596e-25	2.52353e-17	NaN
1493.39	4.57728e-21	NaN	1.40324e-25	2.55003e-17	NaN
1510.7	4.6268e-21	NaN	1.37127e-25	2.57686e-17	NaN
1528.21	4.67619e-21	NaN	1.34002e-25	2.60404e-17	NaN
1545.93	4.72838e-21	NaN	1.30949e-25	2.63155e-17	NaN
1563.85	4.78204e-21	NaN	1.27965e-25	2.65942e-17	NaN
1581.97	4.8351e-21	NaN	1.2505e-25	2.68763e-17	NaN
1600.31	4.88853e-21	NaN	1.222e-25	2.7162e-17	NaN
1618.86	4.94276e-21	NaN	1.19416e-25	2.74513e-17	NaN
1637.62	4.99764e-21	NaN	1.16695e-25	2.77442e-17	NaN
1656.61	5.05322e-21	NaN	1.14036e-25	2.80407e-17	NaN
1675.81	5.10953e-21	NaN	1.11438e-25	2.8341e-17	NaN
1695.23	5.16651e-21	NaN	1.08899e-25	2.8645e-17	NaN
1714.88	5.22405e-21	NaN	1.06417e-25	2.89528e-17	NaN
1734.76	5.28243e-21	NaN	1.03992e-25	2.92644e-17	NaN
1754.87	5.34164e-21	NaN	1.01623e-25	2.95799e-17	NaN
1775.21	5.40163e-21	NaN	9.93075e-26	2.98992e-17	NaN
1795.78	5.46235e-21	NaN	9.70447e-26	3.02226e-17	NaN
1816.6	5.52377e-21	NaN	9.48335e-26	3.05499e-17	NaN
1837.66	5.58577e-21	NaN	9.26727e-26	3.08813e-17	NaN
1858.96	5.649e-21	NaN	9.05611e-26	3.12168e-17	NaN
1880.5	5.71271e-21	NaN	8.84977e-26	3.15564e-17	NaN
1902.3	5.77726e-21	NaN	8.64812e-26	3.19001e-17	NaN
1924.35	5.84265e-21	NaN	8.45107e-26	3.22481e-17	NaN
1946.66	5.90887e-21	NaN	8.25851e-26	3.26004e-17	NaN
1969.22	5.97606e-21	NaN	8.07034e-26	3.29569e-17	NaN
1992.05	6.04404e-21	NaN	7.88645e-26	3.33179e-17	NaN
2015.14	6.11287e-21	NaN	7.70676e-26	3.36832e-17	NaN
2038.49	6.18253e-21	NaN	7.53116e-26	3.40531e-17	NaN
2062.12	6.25303e-21	NaN	7.35956e-26	3.44274e-17	NaN
2086.02	6.32442e-21	NaN	7.19187e-26	3.48063e-17	NaN
2110.2	6.39671e-21	NaN	7.028e-26	3.51898e-17	NaN
2134.66	6.46992e-21	NaN	6.86786e-26	3.55779e-17	NaN
2159.41	6.54412e-21	NaN	6.71138e-26	3.59708e-17	NaN
2184.44	6.61921e-21	NaN	6.55846e-26	3.63684e-17	NaN
2209.76	6.69208e-21	NaN	6.40902e-26	3.67709e-17	NaN
2235.37	6.76435e-21	NaN	6.26299e-26	3.71782e-17	NaN
2261.28	6.85033e-21	NaN	6.12028e-26	3.75905e-17	NaN
2287.49	6.92939e-21	NaN	5.98083e-26	3.80077e-17	NaN
2314.01	7.00948e-21	NaN	5.84456e-26	3.843e-17	NaN
2340.83	7.09053e-21	NaN	5.71139e-26	3.88574e-17	NaN
2367.96	7.17261e-21	NaN	5.58125e-26	3.92899e-17	NaN
2395.41	7.25579e-21	NaN	5.45408e-26	3.97277e-17	NaN
2423.17	7.33992e-21	NaN	5.32981e-26	4.01707e-17	NaN
2451.26	7.42535e-21	NaN	5.20837e-26	4.0619e-17	NaN
2479.67	7.51175e-21	NaN	5.08969e-26	4.10727e-17	NaN
2508.42	7.59924e-21	NaN	4.97372e-26	4.15319e-17	NaN
2537.49	7.68784e-21	NaN	4.86039e-26	4.19966e-17	NaN
2566.9	7.77751e-21	NaN	4.74965e-26	4.24669e-17	NaN
2596.66	7.86827e-21	NaN	4.64143e-26	4.29427e-17	NaN
2626.75	7.96056e-21	NaN	4.53567e-26	4.34243e-17	NaN
2657.2	8.05383e-21	NaN	4.43232e-26	4.39117e-17	NaN
2688	8.14825e-21	NaN	4.33133e-26	4.44049e-17	NaN
2719.16	8.244e-21	NaN	4.23264e-26	4.49039e-17	NaN
2750.68	8.34109e-21	NaN	4.1362e-26	4.5409e-17	NaN
2782.56	8.43908e-21	NaN	4.04195e-26	4.592e-17	NaN
2814.81	8.53875e-21	NaN	3.94986e-26	4.64371e-17	NaN
2847.44	8.63961e-21	NaN	3.85986e-26	4.69605e-17	NaN
2880.44	8.74178e-21	NaN	3.77191e-26	4.749e-17	NaN
2913.83	8.84526e-21	NaN	3.68596e-26	4.80258e-17	NaN
2947.61	8.95003e-21	NaN	3.60198e-26	4.85681e-17	NaN
2981.77	9.05611e-21	NaN	3.51991e-26	4.91167e-17	NaN
3016.33	9.1638e-21	NaN	3.4397e-26	4.96719e-17	NaN
3051.3	9.27189e-21	NaN	3.36133e-26	5.02337e-17	NaN
3086.66	9.38263e-21	NaN	3.28474e-26	5.08021e-17	NaN
3122.44	9.49532e-21	NaN	3.2099e-26	5.13773e-17	NaN
3158.64	9.60875e-21	NaN	3.13676e-26	5.19593e-17	NaN
3195.25	9.72385e-21	NaN	3.06529e-26	5.25482e-17	NaN
3232.28	9.84037e-21	NaN	2.99544e-26	5.31441e-17	NaN
3269.75	9.9583e-21	NaN	2.92719e-26	5.3747e-17	NaN
3307.65	1.00782e-20	NaN	2.86049e-26	5.43571e-17	NaN
3345.99	1.01994e-20	NaN	2.79532e-26	5.49744e-17	NaN
3384.77	1.03218e-20	NaN	2.73162e-26	5.5599e-17	NaN
3424.01	1.0447e-20	NaN	2.66938e-26	5.6231e-17	NaN
3463.69	1.05727e-20	NaN	2.60856e-26	5.68704e-17	NaN
3503.84	1.07011e-20	NaN	2.54912e-26	5.75174e-17	NaN
3544.46	1.08309e-20	NaN	2.49104e-26	5.8172e-17	NaN
3585.54	1.09622e-20	NaN	2.43428e-26	5.88343e-17	NaN
3627.1	1.1096e-20	NaN	2.37882e-26	5.95045e-17	NaN
3669.14	1.12311e-20	NaN	2.32461e-26	6.01826e-17	NaN
3711.67	1.13676e-20	NaN	2.27165e-26	6.08686e-17	NaN
3754.69	1.15069e-20	NaN	2.21989e-26	6.15627e-17	NaN
3798.22	1.16477e-20	NaN	2.16931e-26	6.2265e-17	NaN
3842.24	1.17904e-20	NaN	2.11988e-26	6.29756e-17	NaN
3886.78	1.19353e-20	NaN	2.07158e-26	6.36945e-17	NaN
3931.83	1.20821e-20	NaN	2.02438e-26	6.44219e-17	NaN
3977.4	1.2231e-20	NaN	1.97825e-26	6.51579e-17	NaN
4023.51	1.2382e-20	NaN	1.93317e-26	6.59025e-17	NaN
4070.14	1.25351e-20	NaN	1.88913e-26	6.66558e-17	NaN
4117.32	1.26906e-20	NaN	1.84608e-26	6.7418e-17	NaN
4165.04	1.28485e-20	NaN	1.80402e-26	6.81892e-17	NaN
4213.32	1.30081e-20	NaN	1.76291e-26	6.89694e-17	NaN
4262.16	1.31703e-20	NaN	1.72274e-26	6.97588e-17	NaN
4311.56	1.33353e-20	NaN	1.68349e-26	7.05574e-17	NaN
4361.54	1.35026e-20	NaN	1.64513e-26	7.13654e-17	NaN
4412.09	1.3672e-20	NaN	1.60765e-26	7.21829e-17	NaN
4463.23	1.38435e-20	NaN	1.57102e-26	7.30099e-17	NaN
4514.97	1.40179e-20	NaN	1.53522e-26	7.38467e-17	NaN
4567.3	1.41954e-20	NaN	1.50024e-26	7.46933e-17	NaN
4620.24	1.43754e-20	NaN	1.46606e-26	7.55497e-17	NaN
4673.8	1.45576e-20	NaN	1.43265e-26	7.64163e-17	NaN
4727.97	1.47427e-20	NaN	1.40001e-26	7.72929e-17	NaN
4782.77	1.49307e-20	NaN	1.36811e-26	7.81799e-17	NaN
4838.21	1.5121e-20	NaN	1.33694e-26	7.90772e-17	NaN
4894.29	1.53149e-20	NaN	1.30647e-26	7.9985e-17	NaN
4951.02	1.55116e-20	NaN	1.27671e-26	8.09034e-17	NaN
5008.41	1.57115e-20	NaN	1.24762e-26	8.18326e-17	NaN
5066.46	1.59145e-20	NaN	1.21919e-26	8.27726e-17	NaN
5125.19	1.61206e-20	NaN	1.19141e-26	8.37237e-17	NaN
5184.59	1.633e-20	NaN	1.16426e-26	8.46858e-17	NaN
5244.69	1.65431e-20	NaN	1.13773e-26	8.56592e-17	NaN
5305.48	1.67589e-20	NaN	1.11181e-26	8.6644e-17	NaN
5366.98	1.69781e-20	NaN	1.08648e-26	8.76403e-17	NaN
5429.19	1.72009e-20	NaN	1.06172e-26	8.86482e-17	NaN
5492.12	1.74276e-20	NaN	1.03753e-26	8.96679e-17	NaN
5555.78	1.76579e-20	NaN	1.01389e-26	9.06996e-17	NaN
5620.17	1.7892e-20	NaN	9.90788e-27	9.17432e-17	NaN
5685.32	1.81299e-20	NaN	9.68213e-27	9.27991e-17	NaN
5751.22	1.8372e-20	NaN	9.46152e-27	9.38672e-17	NaN
5817.88	1.86179e-20	NaN	9.24593e-27	9.49478e-17	NaN
5885.32	1.88675e-20	NaN	9.03526e-27	9.60411e-17	NaN
5953.53	1.91221e-20	NaN	8.82939e-27	9.71471e-17	NaN
6022.54	1.9381e-20	NaN	8.62821e-27	9.8266e-17	NaN
6092.35	1.96439e-20	NaN	8.43161e-27	9.93979e-17	NaN
6162.97	1.99115e-20	NaN	8.2395e-27	1.00543e-16	NaN
6234.4	2.0184e-20	NaN	8.05176e-27	1.01702e-16	NaN
6306.67	2.04611e-20	NaN	7.8683e-27	1.02874e-16	NaN
6379.77	2.07429e-20	NaN	7.68901e-27	1.04059e-16	NaN
6453.72	2.10302e-20	NaN	7.51382e-27	1.05259e-16	NaN
6528.52	2.13221e-20	NaN	7.34261e-27	1.06472e-16	NaN
6604.19	2.16194e-20	NaN	7.17531e-27	1.077e-16	NaN
6680.74	2.19222e-20	NaN	7.01182e-27	1.08942e-16	NaN
6758.18	2.22306e-20	NaN	6.85205e-27	1.10198e-16	NaN
6836.52	2.25451e-20	NaN	6.69593e-27	1.11469e-16	NaN
6915.76	2.28647e-20	NaN	6.54336e-27	1.12755e-16	NaN
6995.92	2.31912e-20	NaN	6.39426e-27	1.14056e-16	NaN
7077.01	2.35234e-20	NaN	6.24857e-27	1.15372e-16	NaN
7159.04	2.38618e-20	NaN	6.10619e-27	1.16703e-16	NaN
7242.02	2.42069e-20	NaN	5.96706e-27	1.1805e-16	NaN
7325.97	2.45579e-20	NaN	5.8311e-27	1.19412e-16	NaN
7410.88	2.49175e-20	NaN	5.69824e-27	1.20791e-16	NaN
7496.78	2.52847e-20	NaN	5.5684e-27	1.22185e-16	NaN
7583.68	2.56588e-20	NaN	5.44152e-27	1.23595e-16	NaN
7671.58	2.60397e-20	NaN	5.31754e-27	1.25022e-16	NaN
7760.5	2.64278e-20	NaN	5.19637e-27	1.26466e-16	NaN
7850.46	2.68238e-20	NaN	5.07797e-27	1.27926e-16	NaN
7941.45	2.72292e-20	NaN	4.96227e-27	1.29404e-16	NaN
8033.5	2.76429e-20	NaN	4.8492e-27	1.30898e-16	NaN
8126.62	2.80652e-20	NaN	4.73871e-27	1.3241e-16	NaN
8220.82	2.84962e-20	NaN	4.63074e-27	1.3394e-16	NaN
8316.1	2.89362e-20	NaN	4.52523e-27	1.35487e-16	NaN
8412.5	2.9386e-20	NaN	4.42212e-27	1.37053e-16	NaN
8510.01	2.98465e-20	NaN	4.32136e-27	1.38636e-16	NaN
8608.65	3.03169e-20	NaN	4.22289e-27	1.40238e-16	NaN
8708.43	3.07979e-20	NaN	4.12667e-27	1.41859e-16	NaN
8809.37	3.12895e-20	NaN	4.03265e-27	1.43498e-16	NaN
8911.48	3.17919e-20	NaN	3.94076e-27	1.45156e-16	NaN
9014.78	3.23059e-20	NaN	3.85097e-27	1.46834e-16	NaN
9119.27	3.28329e-20	NaN	3.76322e-27	1.48531e-16	NaN
9224.97	3.33727e-20	NaN	3.67748e-27	1.50248e-16	NaN
9331.9	3.39249e-20	NaN	3.59369e-27	1.51985e-16	NaN
9440.06	3.44901e-20	NaN	3.5118e-27	1.53742e-16	NaN
9549.49	3.50686e-20	NaN	3.43178e-27	1.5552e-16	NaN
9660.17	3.56609e-20	NaN	3.35359e-27	1.57318e-16	NaN
9772.15	3.62694e-20	NaN	3.27718e-27	1.59137e-16	NaN
9885.42	3.68935e-20	NaN	3.20251e-27	1.60977e-16	NaN
10000	NaN	NaN	3.12954e-27	1.62839e-16	NaN
