0.01000000000000001	0.002998050431516293	-0.00004107877305018722
0.010092528860766855	0.002998062774637574	-0.00004107894217355211
0.01018591388054118	0.0029980753473390982	-0.00004107911444258678
0.010280162981264745	0.0029980881538930063	-0.00004107928991582733
0.010375284158180138	0.0029981011986510058	-0.00004107946865290015
0.010471285480509006	0.002998114486045866	-0.00004107965071454229
0.010568175092136596	0.002998128020592923	-0.000041079836162622124
0.01066596121230259	0.0029981418068916244	-0.000041080025060160517
0.010764652136298361	0.0029981558496271015	-0.000041080217471352334
0.010864256236170667	0.002998170153571762	-0.0000410804134615883
0.010964781961431863	0.002998184723586924	-0.00004108061309747738
0.011066237839776675	0.002998199564624477	-0.000041080816446869516
0.011168632477805623	0.0029982146817285676	-0.000041081023578878774
0.011271974561755117	0.0029982300800373276	-0.00004108123456390697
0.011376272858234322	0.0029982457647846268	-0.000041081449473667665
0.01148153621496884	0.0029982617413018588	-0.000041081668381210765
0.011587773561551273	0.0029982780150197676	-0.000041081891360947375
0.011694993910198724	0.002998294591470296	-0.00004108211848867526
0.01180320635651731	0.0029983114762884852	-0.00004108234984160479
0.011912420080273762	0.0029983286752143915	-0.000041082585498385266
0.012022644346174144	0.0029983461940950532	-0.0000410828255391318
0.012133888504649786	0.002998364038886492	-0.000041083070045452816
0.012246161992650502	0.002998382215655743	-0.00004108331910047778
0.01235947433444512	0.002998400730582933	-0.00004108357278888577
0.012473835142429446	0.0029984195899633945	-0.00004108383119693436
0.012589254117941687	0.0029984388002098207	-0.000041084094412489174
0.012705741052085433	0.0029984583678544525	-0.00004108436252505391
0.012823305826560232	0.0029984782995513214	-0.000041084635625800964
0.01294195841449987	0.002998498602078524	-0.00004108491380760266
0.013061708881318424	0.002998519282340539	-0.000041085197165063034
0.013182567385564082	0.002998540347370594	-0.000041085485794550146
0.01330454417978092	0.0029985618043330753	-0.000041085779794229227
0.013427649611378649	0.002998583660525975	-0.000041086079264096134
0.01355189412351037	0.002998605923383395	-0.00004108638430601168
0.013677288255958502	0.0029986286004780953	-0.00004108669502373653
0.013803842646028859	0.0029986516995240834	-0.000041087011522966705
0.013931568029453043	0.0029986752283792605	-0.00004108733391136989
0.01406047524129915	0.0029986991950481157	-0.000041087662298622196
0.014190575216890933	0.0029987236076844683	-0.0000410879967964459
0.014321878992735446	0.0029987484745942644	-0.000041088337518647664
0.014454397707459286	0.002998773804238424	-0.00004108868458115759
0.014588142602753497	0.0029987996052357434	-0.000041089038102068964
0.014723125024327202	0.0029988258863658536	-0.000041089398201678844
0.014859356422870082	0.002998852656572232	-0.0000410897650025292
0.014996848355023748	0.0029988799249652705	-0.000041090138629449115
0.015135612484362095	0.002998907700825406	-0.00004109051920959754
0.015275660582380739	0.002998935993606302	-0.000041090906872506995
0.015417004529495607	0.002998964812938101	-0.000041091301750128075
0.015559656316050758	0.0029989941686307275	-0.00004109170397687471
0.01570362804333554	0.0029990240706772617	-0.0000410921136896704
0.015848931924611148	0.0029990545292573733	-0.00004109253102799524
0.015995580286146702	0.002999085554740818	-0.000041092956133933894
0.016143585568264878	0.0029991171576910077	-0.00004109338915222443
0.016292960326397238	0.0029991493488686384	-0.0000410938302303081
0.01644371723214933	0.0029991821392353936	-0.000041094279518380044
0.016595869074375623	0.0029992155399577182	-0.00004109473716944101
0.01674942876026439	0.0029992495624106582	-0.00004109520333934994
0.016904409316432657	0.0029992842181817774	-0.00004109567818687772
0.017060823890031253	0.002999319519075151	-0.00004109616187376173
0.017218685749860088	0.002999355477115426	-0.0000410966545647617
0.017378008287493772	0.002999392104551968	-0.000041097156427716364
0.01753880501841763	0.00299942941386308	-0.00004109766763360131
0.01770108958317423	0.0029994674177603077	-0.00004109818835658803
0.017864875748520526	0.0029995061291928195	-0.000041098718774103786
0.018030177408595707	0.0029995455613518736	-0.000041099259066893034
0.018197008586099853	0.0029995857276753734	-0.0000410998094190796
0.018365383433483484	0.002999626641852498	-0.000041100370018230346
0.018535316234148135	0.0029996683178284337	-0.000041100941055419865
0.018706821403658026	0.0029997107698091934	-0.00004110152272529649
0.018879913490962956	0.0029997540122665136	-0.000041102115226149586
0.019054607179632494	0.002999798059942867	-0.000041102718759978
0.019230917289101597	0.0029998429278565537	-0.00004110333353255993
0.019408858775927792	0.002999888631306894	-0.00004110395975352409
0.01958844673505991	0.0029999351858795236	-0.000041104597636422235
0.01976969640111862	0.002999982607451786	-0.000041105247398803036
0.01995262314968881	0.0030000309121982296	-0.00004110590926228745
0.020137242498623895	0.0030000801165962093	-0.00004110658345264538
0.02032357010936223	0.0030001302374315954	-0.000041107270199874015
0.020511621788255666	0.00300018129180459	-0.00004110796973827743
0.020701413487910436	0.003000233297135657	-0.00004110868230654786
0.02089296130854041	0.003000286271171564	-0.00004110940814784856
0.02108628149933291	0.003000340231991544	-0.00004111014750989809
0.021281390459827135	0.0030003951980135616	-0.00004111090064505634
0.021478304741305354	0.0030004511880007225	-0.00004111166781041219
0.02167704104819696	0.003000508221067781	-0.000041112449267872764
0.02187761623949554	0.003000566316687792	-0.00004111324528425458
0.022080047330189013	0.003000625494698876	-0.00004111405613137624
0.022284351492703053	0.0030006857753111273	-0.000041114882086153014
0.022490546058357826	0.003000747179113639	-0.00004111572343069325
0.022698648518838235	0.0030008097270816875	-0.000041116580452396534
0.022908676527677748	0.0030008734405840196	-0.000041117453444053925
0.023120647901755963	0.0030009383413903187	-0.0000411183427039499
0.023334580622810044	0.003001004451678788	-0.000041119248535966476
0.023550492838960112	0.003001071794043886	-0.00004112017124968911
0.023768402866248782	0.003001140391504221	-0.000041121111160514876
0.02398832919019492	0.0030012102675105847	-0.000041122068589762576
0.0242102904673618	0.003001281445954147	-0.00004112304386478501
0.02443430552693974	0.0030013539511748143	-0.00004112403731908342
0.024660393372343412	0.003001427807969737	-0.00004112504929242421
0.02488857318282393	0.003001503041601993	-0.0000411260801309578
0.025118864315095822	0.003001579677809437	-0.00004112713018733993
0.025351286304979098	0.0030016577428137116	-0.00004112819982085514
0.02558585886905648	0.0030017372633294515	-0.00004112928939754281
0.025822601906345985	0.0030018182665736467	-0.000041130399290325576
0.026061535499988978	0.003001900780275204	-0.000041131529879140216
0.026302679918953843	0.0030019848326846817	-0.00004113268155107116
0.026546055619755416	0.003002070452584223	-0.000041133854700486425
0.026791683248190343	0.003002157669297678	-0.00004113504972917648
0.027039583641088463	0.003002246512700924	-0.000041136267046495527
0.027289777828080432	0.003002337013232383	-0.00004113750706950574
0.02754228703338169	0.003002429201903758	-0.00004113877022312421
0.02779713267759291	0.003002523110310963	-0.00004114005694027278
0.02805433637951716	0.003002618770645271	-0.00004114136766203093
0.028313919957993816	0.00300271621570469	-0.000041142702837791364
0.028575905433749497	0.0030028154789055518	-0.00004114406292541901
0.028840315031266085	0.003002916594294327	-0.00004114544839141292
0.02910717118066608	0.0030030195965596793	-0.00004114685971107126
0.029376496519615335	0.0030031245210447536	-0.00004114829736865988
0.029648313895243455	0.0030032314037597026	-0.0000411497618575838
0.02992264636608192	0.0030033402813944656	-0.000041151253680562355
0.030199517204020192	0.0030034511913317906	-0.000041152773349807676
0.03047894989627986	0.0030035641716605276	-0.00004115432138720673
0.03076096814740711	0.003003679261189164	-0.0000411558983245069
0.031045595881283587	0.0030037964994596503	-0.000041157504703505286
0.03133285724315589	0.0030039159267614786	-0.00004115914107624175
0.031622776601683826	0.0030040375841460585	-0.00004116080800519571
0.03191537855100765	0.003004161513441358	-0.000041162506063487
0.03221068791283438	0.003004287757266857	-0.000041164235835080496
0.03250872973854347	0.0030044163590487796	-0.00004116599791499501
0.03280952931131194	0.00300454736303564	-0.00004116779290951622
0.03311311214825915	0.003004680814314095	-0.00004116962143641387
0.03341950400261146	0.0030048167588251117	-0.000041171484125163355
0.03372873086588692	0.003004955243380458	-0.000041173381617171634
0.034040818970100126	0.003005096315679528	-0.00004117531456600771
0.0343557947899875	0.003005240024326497	-0.00004117728363763782
0.0346736850452532	0.00300538641884782	-0.000041179289510665095
0.034994516702835765	0.0030055355497100923	-0.00004118133287657432
0.035318316979195734	0.003005687468338258	-0.000041183414439981365
0.03564511334262446	0.003005842227134187	-0.00004118553491888783
0.03597493351557427	0.003005999879495629	-0.00004118769504494066
0.03630780547701017	0.00300616047983555	-0.000041189895563697163
0.03664375746478335	0.003006324083601858	-0.00004119213723489519
0.03698281797802665	0.003006490747297526	-0.00004119442083272894
0.037325015779572084	0.0030066605285011283	-0.00004119674714613035
0.037670379898390914	0.003006833485887787	-0.00004119911697905601
0.038018939632056145	0.003007009679250552	-0.0000412015311507802
0.0383707245492279	0.0030071891695222057	-0.000041203990496193635
0.038725764492161745	0.003007372018797523	-0.00004120649586610846
0.03908408957924023	0.00300755829035598	-0.00004120904812756935
0.03944573020752787	0.0030077480486849274	-0.00004121164816417112
0.039810717055349755	0.00300794135950324	-0.00004121429687638268
0.04017908108489402	0.0030081382897854505	-0.00004121699518187779
0.040550853544838415	0.0030083389077863788	-0.00004121974401587248
0.040926065973001115	0.003008543283066271	-0.00004122254433146949
0.041304750199016166	0.0030087514865164517	-0.000041225397100009816
0.04168693834703357	0.003008963590385517	-0.00004122830331143148
0.04207266283844444	0.0030091796683060492	-0.000041231263974635735
0.04246195639463132	0.0030093997953219093	-0.000041234280117860905
0.042854852039743985	0.00300962404791608	-0.00004123735278906391
0.04325138310350091	0.0030098525040390955	-0.00004124048305630977
0.04365158322401663	0.003010085243138055	-0.0000412436720081693
0.044055486350655364	0.003010322346186256	-0.000041246920754124906
0.04446312674691091	0.003010563895713437	-0.00004125023042498517
0.04487453899331325	0.0030108099758366547	-0.000041253602173307806
0.04528975799036211	0.0030110606722918206	-0.00004125703717383177
0.04570881896148754	0.0030113160724658796	-0.00004126053662391829
0.04613175745603798	0.003011576265429694	-0.00004126410174400124
0.04655860935229591	0.003011841341971602	-0.00004126773377804713
0.04698941086052156	0.0030121113946316946	-0.000041271433994024696
0.04742419852602448	0.003012386517736823	-0.0000412752036843845
0.04786300923226385	0.0030126668074363437	-0.000041279044166548784
0.04830588020397728	0.0030129523617386266	-0.000041282956783411764
0.04875284901033865	0.0030132432805483537	-0.00004128694290385046
0.04920395356814511	0.003013539665704597	-0.00004129100392324669
0.04965923214503363	0.0030138416210197315	-0.00004129514126402011
0.05011872336272725	0.0030141492523191767	-0.00004129935637617272
0.05058246620031143	0.0030144626674819923	-0.000041303650737845236
0.051050499997540646	0.00301478197648236	-0.00004130802585588529
0.05152286445817567	0.0030151072914319523	-0.00004131248326642812
0.05199959965335162	0.003015438726623233	-0.000041317024535489794
0.052480746024977286	0.003015776398573689	-0.00004132165125957325
0.05296634438916581	0.003016120426071041	-0.00004132636506628778
0.05345643593969719	0.003016470930219424	-0.000041331167614981784
0.05395106225151279	0.0030168280344865985	-0.000041336060597389755
0.05445026528424214	0.0030171918647521937	-0.00004134104573829305
0.05495408738576248	0.0030175625493570057	-0.000041346124796195655
0.0554625712957911	0.0030179402191534022	-0.00004135129956401458
0.05597576014951104	0.0030183250075568255	-0.000041356571869785754
0.05649369748123028	0.003018717050598456	-0.000041361943577385435
0.05701642722807478	0.0030191164869790414	-0.00004136741658726784
0.05754399373371572	0.0030195234581239256	-0.00004137299283721923
0.05807644175213124	0.0030199381082393235	-0.00004137867430312874
0.05861381645140291	0.003020360584369841	-0.000041384462999776806
0.05915616341754743	0.0030207910364573134	-0.00004139036098164114
0.05970352865838372	0.0030212296174009557	-0.000041396370343720956
0.06025595860743581	0.0030216764831188857	-0.00004140249322238004
0.060813500127871824	0.003022131792611044	-0.00004140873179620873
0.061376200516479455	0.0030225957080235533	-0.00004141508828690582
0.06194410750767818	0.0030230683947145365	-0.00004142156496018043
0.06251726927756862	0.0030235500213214657	-0.00004142816412667473
0.06309573444801936	0.0030240407598300448	-0.0000414348881429078
0.06367955209079162	0.003024540785644687	-0.00004144173941224135
0.064268771731702	0.0030250502776606337	-0.000041448720385867766
0.06486344335482389	0.0030255694183377395	-0.00004145583356382117
0.06546361740672754	0.003026098393775979	-0.00004146308149601204
0.06606934480075964	0.0030266373937927293	-0.000041470466783286016
0.06668067692136226	0.003027186612001853	-0.00004147799207850761
0.06729766562843183	0.00302774624589466	-0.000041485660087669386
0.0679203632617185	0.0030283164969227678	-0.00004149347357102742
0.0685488226452662	0.0030288975705829377	-0.00004150143534426369
0.0691830970918937	0.003029489676503927	-0.000041509548279676
0.06982324040771719	0.0030300930285354125	-0.0000415178153073966
0.07046930689671474	0.003030707844839055	-0.00004152623941663969
0.07112135136533296	0.003031334347981744	-0.000041534823656979276
0.07177942912713622	0.0030319727650311	-0.00004154357113965756
0.07244359600749906	0.0030326233276532933	-0.00004155248503892531
0.0731139083483418	0.003033286272213239	-0.000041561568593414686
0.07379042301291015	0.0030339618398772345	-0.000041570825107545646
0.07447319739059896	0.0030346502767181296	-0.00004158025795296681
0.07516228940182061	0.00303535183382306	-0.00004158987057003177
0.07585775750291844	0.003036066767403867	-0.00004159966646931194
0.07655966069112569	0.0030367953389102372	-0.000041609649233146804
0.07726805850957029	0.0030375378151456713	-0.00004161982251723288
0.07798301105232593	0.0030382944683863397	-0.00004163019005225235
0.07870457896950993	0.0030390655765029384	-0.000041640755645542566
0.07943282347242822	0.0030398514230855966	-0.00004165152318280764
0.08016780633876798	0.0030406522975719615	-0.00004166249662987335
0.0809095899178383	0.0030414684953785267	-0.000041673680034486695
0.0816582371358593	0.003042300318035322	-0.000041685077528161196
0.0824138115013003	0.0030431480733240403	-0.00004169669332806971
0.08317637711026717	0.0030440120754197343	-0.000041708531738985784
0.08394599865193982	0.003044892645036168	-0.00004172059715527529
0.08472274141405972	0.0030457901095749364	-0.000041732894062939635
0.08550667128846841	0.0030467048032784896	-0.00004174542704171245
0.0862978547766971	0.0030476370673871386	-0.00004175820076721093
0.08709635899560814	0.0030485872503002182	-0.00004177122001314395
0.08790225168308852	0.003049555707741489	-0.000041784489653578445
0.08871560120379617	0.003050542802928934	-0.00004179801466526593
0.08953647655495947	0.0030515489067490893	-0.00004181180013003113
0.09036494737223023	0.003052574397936033	-0.00004182585123722448
0.09120108393559107	0.003053619663255199	-0.00004184017328624069
0.09204495717531722	0.0030546850976921605	-0.00004185477168910542
0.09289663867799372	0.0030557711046465303	-0.00004186965197313213
0.09375620069258811	0.003056878096131171	-0.00004188481978365147
0.09462371613657934	0.0030580064929768497	-0.00004190028088681567
0.09549925860214364	0.0030591567250425455	-0.00004191604117247985
0.0963829023623971	0.0030603292314315706	-0.000041932106657163554
0.09727472237769656	0.0030615244607137123	-0.00004194848348709429
0.09817479430199849	0.00306274287115358	-0.00004196517794133643
0.09908319448927681	0.003063984930945378	-0.0000419821964350079
0.10000000000000005	0.003065251118454289	-0.000041999545522587764
0.10092528860766849	0.003066541922464737	-0.00004201723190131768
0.10185913880541175	0.0030678578424357056	-0.00004203526241470038
0.10280162981264741	0.003069199388763394	-0.000042053644056098444
0.10375284158180131	0.0030705670830514344	-0.000042072383972436853
0.10471285480509002	0.003071961458388945	-0.000042091489468012705
0.1056817509213659	0.0030733830596366683	-0.00004211096800841597
0.10665961212302584	0.0030748324437214966	-0.00004213082722456496
0.10764652136298355	0.0030763101799396618	-0.00004215107491686056
0.10864256236170661	0.0030778168502688893	-0.000042171719059463346
0.10964781961431856	0.003079353049689845	-0.00004219276780469799
0.1106623783977667	0.003080919386517185	-0.00004221422948758932
0.11168632477805618	0.0030825164827405693	-0.00004223611263053463
0.1127197456175511	0.003084144974375974	-0.000042258425948117544
0.11376272858234315	0.0030858055118276875	-0.00004228117835206784
0.11481536214968835	0.003087498760261366	-0.000042304378956373104
0.11587773561551268	0.00308922539998856	-0.00004232803708254742
0.11694993910198717	0.003090986126863121	-0.000042352162265062806
0.11803206356517304	0.0030927816526899227	-0.00004237676425694952
0.11912420080273756	0.0030946127056463647	-0.00004240185303557145
0.12022644346174137	0.0030964800307171237	-0.000042427438808582914
0.1213388850464978	0.003098384390142642	-0.000042453532020073776
0.12246161992650495	0.0031003265638818796	-0.00004248014335691017
0.12359474334445113	0.003102307350089867	-0.00004250728375527758
0.12473835142429439	0.0031043275656106096	-0.00004253496440743475
0.1258925411794168	0.0031063880464859465	-0.00004256319676868587
0.12705741052085426	0.0031084896484809663	-0.00004259199256457979
0.12823305826560225	0.0031106332476266243	-0.000042621363798344806
0.1294195841449987	0.003112819740780223	-0.000042651322758568355
0.13061708881318423	0.0031150500462044655	-0.00004268188202713107
0.1318256738556408	0.003117325104165814	-0.000042713054487405265
0.13304544179780922	0.00311964587755289	-0.00004274485333272842
0.13427649611378642	0.0031220133525157595	-0.00004277729207516229
0.13551894123510363	0.0031244285391268966	-0.0000428103845545495
0.13677288255958495	0.003126892472064732	-0.0000428441449478793
0.13803842646028852	0.0031294062113206805	-0.00004287858777897517
0.13931568029453034	0.0031319708429306137	-0.00004291372792851736
0.14060475241299142	0.0031345874797317863	-0.00004294958064441413
0.14190575216890927	0.0031372572621462527	-0.000042986161552536083
0.1432187899273544	0.0031399813589918957	-0.00004302348666782857
0.1445439770745928	0.0031427609683222	-0.00004306157240581828
0.1458814260275349	0.0031455973182959915	-0.0000431004355945302
0.14723125024327194	0.003148491668078414	-0.00004314009348683264
0.14859356422870074	0.003151445308774465	-0.00004318056377322842
0.1499684835502374	0.0031544595643964914	-0.000043221864595111276
0.15135612484362088	0.003157535792867112	-0.00004326401455850784
0.15275660582380732	0.003160675387059102	-0.00004330703274832575
0.154170045294956	0.0031638797758738505	-0.00004335093874313076
0.1555965631605075	0.0031671504253601014	-0.00004339575263047537
0.15703628043335532	0.0031704888398747444	-0.00004344149502280384
0.15848931924611143	0.003173896563287543	-0.00004348818707395909
0.15995580286146696	0.003177375180231754	-0.000043535850496318706
0.1614358556826487	0.003180926317402741	-0.000043584507578587954
0.1629296032639723	0.003184551644906712	-0.00004363418120428034
0.16443717232149324	0.0031882528776619335	-0.000043684894870916535
0.16595869074375613	0.0031920317768547903	-0.0000437366727099752
0.16749428760264382	0.0031958901514532543	-0.00004378953950763021
0.1690440931643265	0.0031998298597804443	-0.00004384352072631138
0.17060823890031243	0.003203852811151093	-0.00004389864252712698
0.17218685749860077	0.0032079609675738983	-0.000043954931793189095
0.17378008287493762	0.003212156345522901	-0.00004401241615388478
0.1753880501841762	0.0032164410177811997	-0.000044071124010138244
0.1770108958317422	0.0032208171153604924	-0.00004413108456071221
0.17864875748520517	0.0032252868295001443	-0.00004419232782959868
0.180301774085957	0.003229852413749664	-0.00004425488469455274
0.18197008586099844	0.003234516186138714	-0.000044318786916825665
0.18365383433483473	0.0032392805314389985	-0.00004438406717215692
0.18535316234148125	0.003244147903522631	-0.00004445075908308816
0.18706821403658017	0.0032491208278218483	-0.000044518897252665696
0.18879913490962946	0.0032542019038952073	-0.000044588517299602216
0.19054607179632482	0.0032593938081057123	-0.000044659655894972
0.19230917289101596	0.0032646992964166653	-0.000044732350800519124
0.19408858775927793	0.0032701212073113074	-0.00004480664090866201
0.19588446735059908	0.00327566246484277	-0.0000448825662842832
0.1976969640111862	0.0032813260818211685	-0.000044960168208398555
0.19952623149688808	0.0032871151631451516	-0.00004503948922380534
0.20137242498623895	0.003293032909285602	-0.00004512057318281561
0.2032357010936223	0.0032990826199297287	-0.00004520346529718666
0.20511621788255666	0.0033052676977942414	-0.00004528821219036862
0.20701413487910436	0.0033115916526168703	-0.00004537486195219564
0.2089296130854041	0.0033180581053360897	-0.00004546346419615572
0.2108628149933291	0.003324670792469509	-0.00004555407011938255
0.21281390459827135	0.003331433570702057	-0.000045646732565522285
0.21478304741305343	0.0033383504216958617	-0.00004574150609063746
0.21677041048196952	0.003345425457134412	-0.00004583844703232144
0.2187761623949553	0.003352662924014506	-0.000045937613582207745
0.22080047330189004	0.003360067210200328	-0.0000460390658620709
0.22284351492703042	0.0033676428502549508	-0.000046142866003729
0.22490546058357816	0.003375394531565653	-0.000046249078232971544
0.22698648518838224	0.0033833271007804636	-0.00004635776895775198
0.22908676527677735	0.003391445570574611	-0.00004646900686090044
0.23120647901755953	0.0033997551267668123	-0.000046582862997629876
0.23334580622810033	0.0034082611358067314	-0.00004669941089812803
0.23550492838960102	0.0034169691526564246	-0.00004681872667554762
0.23768402866248772	0.003425884929090245	-0.00004694088913973029
0.2398832919019491	0.0034350144224393774	-0.000047065979917022584
0.2421029046736179	0.003444363804809101	-0.00004719408357656961
0.24434305526939726	0.0034539394727989186	-0.000047325287763498304
0.246603933723434	0.0034637480577578927	-0.00004745968333943452
0.24888573182823917	0.0034737964366099335	-0.00004759736453082928
0.25118864315095807	0.003484091743286403	-0.00004773842908560623
0.2535128630497908	0.0034946413808061906	-0.000047882978438681015
0.25585858869056466	0.0035054530340465104	-0.0000480311178869444
0.2582260190634597	0.003516534683250988	-0.000048182956774347955
0.26061535499988964	0.003527894618325222	-0.00004833860868777931
0.2630267991895383	0.0035395414539739715	-0.00004849819166446935
0.26546055619755404	0.003551484145738373	-0.00004866182841173161
0.2679168324819033	0.003563732006996336	-0.00004882964653989853
0.2703958364108845	0.0035762947269942875	-0.000049001778809389694
0.2728977782808042	0.0035891823899841125	-0.00004917836339292277
0.27542287033381674	0.0036024054955451504	-0.00004935954415396214
0.277971326775929	0.0036159749801778214	-0.000049545470942591016
0.2805433637951715	0.003629902240262737	-0.00004973629991009353
0.28313919957993805	0.003644199156487174	-0.00004993219384364196
0.2857590543374948	0.00365887811984954	-0.0000501333225226055
0.2884031503126607	0.003673952059362103	-0.000050339863098128626
0.29107171180666064	0.0036894344715828775	-0.000050552000497771746
0.2937649651961532	0.0037053394521191557	-0.00005076992785716744
0.2964831389524344	0.0037216817292580638	-0.00005099384698082062
0.29922646366081906	0.0037384766998936406	-0.0000512239688343752
0.30199517204020176	0.0037557404679355215	-0.00005146051407088366
0.30478949896279844	0.0037734898854016458	-0.000051703713593852075
0.307609681474071	0.0037917425964163845	-0.00005195380916009524
0.3104559588128357	0.0038105170843566664	-0.00005221105402572489
0.3133285724315587	0.0038298327224121267	-0.00005247571363891625
0.3162277660168381	0.0038497098278512144	-0.00005274806638345329
0.31915378551007634	0.0038701697203141977	-0.000053028404377449326
0.3221068791283436	0.0038912347844860433	-0.000053317034332080525
0.32508729738543457	0.003912928537538055	-0.000053614278475659746
0.3280952931131192	0.003935275701767054	-0.00005392047554892622
0.3311311214825913	0.0039583022829055335	-0.000054235981878038346
0.33419504002611444	0.0039820356546261875	-0.00005456117253244017
0.3372873086588691	0.004006504649820094	-0.00005489644257553996
0.34040818970100106	0.004031739659290627	-0.000055242208416997254
0.34355794789987465	0.004057772738575663	-0.00005559890927638283
0.34673685045253166	0.0040846377236899755	-0.000055967008769061596
0.3499451670283573	0.004112370356669153	-0.000056346996626373895
0.353183169791957	0.004141008421897268	-0.00005673939056357441
0.35645113342624424	0.004170591894314693	-0.000057144738310550636
0.3597493351557423	0.004201163100731705	-0.000057563619822114645
0.36307805477010135	0.004232766895620178	-0.00005799664968667109
0.36643757464783333	0.004265450852922395	-0.00005844447975434945
0.3698281797802663	0.0042992654756058716	-0.000058907802008288527
0.3732501577957206	0.004334264424909622	-0.000059387351705730294
0.37670379898390893	0.004370504771475018	-0.00005988391081897261
0.38018939632056126	0.004408047270837974	-0.00006039831181011639
0.38370724549227886	0.0044469566660848055	-0.00006093144177800552
0.3872576449216173	0.004487302020848738	-0.0000614842470208883
0.3908408957924021	0.004529157086255753	-0.00006205773806424803
0.39445730207527846	0.004572600705927682	-0.00006265299521008667
0.3981071705534973	0.004617717263728269	-0.00006327117467186607
0.40179081084894	0.004664597179609252	-0.00006391351536850721
0.40550853544838394	0.004713337459694733	-0.00006458134646155343
0.40926065973001097	0.004764042307653952	-0.00006527609573209698
0.41304750199016144	0.004816823805479746	-0.00006599929890869072
0.4168693834703355	0.004871802673042312	-0.00006675261007462541
0.4207266283844442	0.004929109117261868	-0.0000675378133031504
0.424619563946313	0.004988883783483944	-0.00006835683569305726
0.4285485203974396	0.005051278823701649	-0.00006921176200528095
0.43251383103500884	0.005116459098717526	-0.00007010485113471883
0.4365158322401661	0.005184603534256099	-0.00007103855469145591
0.44055486350655343	0.005255906654529578	-0.00007201553801342333
0.4446312674691088	0.0053305803209510935	-0.00007303870398995372
0.4487453899331323	0.005408855708742033	-0.00007411122014492132
0.4528975799036209	0.005490985560293401	-0.00007523654951191927
0.4570881896148752	0.00557724676156896	-0.0000764184859357005
0.46131757456037953	0.005667943296902196	-0.00007766119455830726
0.4655860935229591	0.005763409648650404	-0.00007896925840055774
0.4698941086052156	0.005864014721854272	-0.00008034773213706953
0.4742419852602448	0.00597016639099027	-0.00008180220439509311
0.47863009232263853	0.006082316786978633	-0.00008333887019620396
0.48305880203977286	0.006200968468976019	-0.00008496461552116328
0.4875284901033865	0.0063266816586562595	-0.00008668711643281268
0.4920395356814511	0.006460082756677025	-0.00008851495576726297
0.49659232145033627	0.006601874414528506	-0.00009045776113666554
0.5011872336272725	0.006752847503574613	-0.00009252636892699484
0.5058246620031143	0.006913895411726702	-0.00009473302018865967
0.5105049999754064	0.007086031213539161	-0.00009709159589825543
0.5152286445817567	0.007270408410846154	-0.00009961790114326876
0.5199959965335162	0.007468346141286996	-0.00010233001052503899
0.5248074602497729	0.0076813600194045595	-0.00010524869073828363
0.5296634438916581	0.007911200135403373	-0.00010839792122367051
0.5345643593969719	0.00815989822756935	-0.0001118055405163522
0.5395106225151278	0.008429826720496013	-0.00011550405517778031
0.5445026528424215	0.008723773263685232	-0.00011953166111103421
0.5495408738576248	0.009045035735644111	-0.0001239335452909257
0.5546257129579107	0.009397544583411997	-0.00012876356203955417
0.5597576014951101	0.009786022135777029	-0.00013408641590911715
0.5649369748123025	0.010216192618306929	-0.00013998053927242297
0.5701642722807475	0.010695062749958554	-0.00014654193701028713
0.5754399373371569	0.011231302237835139	-0.00015388939998648996
0.580764417521312	0.011835768280900414	-0.00016217169170916173
0.5861381645140288	0.012522241952117675	-0.00017157763811459292
0.591561634175474	0.01330848352267654	-0.00018235058744171212
0.5970352865838369	0.014217780431025232	-0.00019480962024255772
0.6025595860743578	0.0152812788377672	-0.00020938149595404014
0.6081350012787179	0.01654160416766573	-0.00022665026095355085
0.6137620051647943	0.01805868639472513	-0.00024743706563217416
0.6194410750767815	0.0199195333512531	-0.00027293407662629175
0.6251726927756859	0.0222554712634688	-0.0003049407037272856
0.6309573444801934	0.025274479956711237	-0.00034630665140700516
0.6367955209079159	0.029326675584056987	-0.0004018291521156414
0.6426877173170198	0.03505075345368159	-0.0004802595011913181
0.6486344335482385	0.043748477930966596	-0.0005994342543071912
0.654636174067275	0.05854675329872116	-0.0008021977263112473
0.6606934480075961	0.08932254621186328	-0.001223882447685493
0.6668067692136223	0.1922711996939824	-0.002634467526706067
0.6729766562843178	1.1051531415776261	-179.9848573779562
0.6792036326171846	0.14036650273666115	-179.99807672185688
0.6854882264526617	0.07429868621589074	-179.99898197193068
0.6918309709189366	0.05022110941118993	-179.99931187882518
0.6982324040771715	0.03775769325619238	-179.99948265045026
0.7046930689671471	0.030139011982638998	-179.99958704033546
0.7112135136533292	0.02500064061972145	-179.99965744543283
0.7177942912713619	0.021301457740797794	-179.99970813101243
0.7244359600749902	0.018511507528988592	-179.99974635843944
0.7311390834834176	0.016332583822521878	-179.9997762136844
0.7379042301291011	0.014584034385894317	-179.99980017201372
0.7447319739059892	0.013150032132233088	-179.9998198204706
0.7516228940182057	0.011952891600032704	-179.9998362234882
0.758577575029184	0.010938563165524974	-179.9998501216452
0.7655966069112565	0.010068279407371617	-179.99986204612642
0.7726805850957026	0.009313510488976768	-179.9998723878428
0.7798301105232589	0.008652794046100866	-179.999881440868
0.7870457896950989	0.008069674343356913	-179.99988943067578
0.7943282347242817	0.007551322812534401	-179.99989653304095
0.8016780633876793	0.007087590865130333	-179.99990288701787
0.8090958991783825	0.006670344787301916	-179.9999086040532
0.8165823713585927	0.0062929893435466604	-179.99991377451383
0.8241381150130026	0.005950120444061368	-179.99991847244564
0.8317637711026713	0.0056372678450496505	-179.99992275909915
0.8394599865193977	0.0053507017822689166	-179.99992668557897
0.8472274141405968	0.005087285741180045	-179.99993029486114
0.8550667128846836	0.004844363012158075	-179.99993362334735
0.8629785477669706	0.00461966831911578	-179.99993670207616
0.870963589956081	0.004411258285932115	-179.99993955767525
0.8790225168308847	0.0042174562165675005	-179.9999422131185
0.8871560120379608	0.004036807865295103	-179.99994468833174
0.8953647655495938	0.0038680457271241704	-179.99994700068206
0.9036494737223014	0.0037100599931482415	-179.9999491653759
0.9120108393559097	0.003561874763317346	-179.99995119578492
0.9204495717531712	0.0034226284388843703	-179.99995310371457
0.9289663867799363	0.003291557462087704	-179.999954899627
0.9375620069258802	0.0031679827548661784	-179.99995659282678
0.946237161365793	0.0030512983479996348	-179.99995819161683
0.9549925860214359	0.0029409617987309292	-179.9999597034296
0.9638290236239705	0.0028364860770655385	-179.9999611349383
0.9727472237769651	0.0027374326646714487	-179.99996249215144
0.9817479430199844	0.002643405660089755	-179.9999637804936
0.9908319448927676	0.0025540467231225925	-179.9999650048747
1.	0.0024690307222536246	-179.99996616974957
1.0092528860766845	0.0023880619736274555	-179.9999672791697
1.0185913880541169	0.0023108709798673353	-179.9999683368277
1.0280162981264735	0.0022372115929111007	-179.99996934609615
1.0375284158180127	0.0021668585379106342	-179.99997031006185
1.0471285480508996	0.002099605245700446	-179.9999712315551
1.0568175092136585	0.002035261949885944	-179.99997211317609
1.066596121230258	0.001973654011613199	-179.99997295731765
1.076465213629835	0.0019146204408595955	-179.9999737661857
1.0864256236170655	0.0018580125878651609	-179.99997454181695
1.096478196143185	0.0018036929822953132	-179.999975286095
1.1066237839776665	0.001751534301036587	-179.99997600076446
1.1168632477805611	0.0017014184482974856	-179.99997668744342
1.1271974561755105	0.0016532357340130247	-179.99997734763485
1.1376272858234309	0.0016068841385116174	-179.99997798273657
1.1481536214968828	0.0015622686530595807	-179.99997859405042
1.1587773561551262	0.001519300687303201	-179.99997918279024
1.1694993910198712	0.0014778975358226518	-179.99997975008924
1.1803206356517297	0.0014379818970307187	-179.99998029700657
1.191242008027375	0.0013994814385203682	-179.99998082453337
1.2022644346174132	0.0013623284037121576	-179.999981333598
1.2133888504649775	0.001326459255294627	-179.999981825071
1.224616199265049	0.0012918143515042394	-179.9999822997696
1.2359474334445106	0.0012583376517696185	-179.99998275846173
1.2473835142429432	0.001225976448658818	-179.99998320186947
1.2589254117941675	0.0011946811234277881	-179.99998363067274
1.270574105208542	0.0011644049227807498	-179.99998404551212
1.2823305826560218	0.0011351037547257005	-179.99998444699176
1.2941958414499863	0.0011067360016462878	-179.99998483568191
1.3061708881318417	0.00107926234891961	-179.9999852121213
1.3182567385564075	0.0010526456275922048	-179.9999855768191
1.3304544179780915	0.001026850669786989	-179.99998593025728
1.3427649611378643	0.0010018441756552271	-179.99998627289202
1.3551894123510364	0.0009775945908121876	-179.99998660515573
1.3677288255958495	0.000954071993305207	-179.99998692745842
1.3803842646028852	0.0009312479892602664	-179.99998724018906
1.3931568029453034	0.0009090956164395003	-179.9999875437171
1.4060475241299142	0.0008875892550186609	-179.99998783839365
1.4190575216890926	0.0008667045449616979	-179.99998812455243
1.432187899273544	0.0008464183094302686	-179.999988402511
1.4454397707459279	0.0008267084837200645	-179.99998867257173
1.4588142602753489	0.0008075540492641757	-179.99998893502254
1.4723125024327193	0.0007889349722869022	-179.999989190138
1.4859356422870074	0.0007708321467300929	-179.99998943817985
1.499684835502374	0.0007532273411088104	-179.99998967939794
1.5135612484362087	0.000736103148984259	-179.99998991403072
1.5275660582380732	0.0007194429427699067	-179.99999014230605
1.54170045294956	0.0007032308306119596	-179.9999903644417
1.555965631605075	0.0006874516161080543	-179.9999905806458
1.5703628043335531	0.0006720907606485395	-179.99999079111765
1.584893192461114	0.0006571343481832358	-179.99999099604787
1.5995580286146696	0.0006425690522333146	-179.99999119561912
1.6143585568264869	0.0006283821049831013	-179.99999139000627
1.629296032639723	0.0006145612683003487	-179.99999157937702
1.6443717232149324	0.0006010948065460088	-179.99999176389224
1.6595869074375613	0.0005879714610458534	-179.99999194370608
1.6749428760264382	0.0005751804261065868	-179.99999211896667
1.690440931643265	0.0005627113264684891	-179.9999922898162
1.7060823890031243	0.0005505541960951445	-179.9999924563911
1.7218685749860079	0.0005386994582086158	-179.99999261882274
1.7378008287493762	0.0005271379064855241	-179.99999277723717
1.753880501841762	0.0005158606873359919	-179.9999929317557
1.770108958317422	0.0005048592831933418	-179.9999930824951
1.7864875748520517	0.0004941254967478859	-179.99999322956762
1.803017740859568	0.0004836514360631065	-179.99999337308145
1.8197008586099825	0.00047342950051709986	-179.99999351314068
1.8365383433483455	0.0004634523675163579	-179.99999364984566
1.8535316234148105	0.0004537129799327671	-179.99999378329312
1.8706821403657996	0.0004442045342182838	-179.99999391357622
1.8879913490962925	0.00043492046915496736	-179.9999940407849
1.9054607179632463	0.0004258544552010539	-179.99999416500592
1.9230917289101574	0.0004170003843965077	-179.9999942863229
1.9408858775927773	0.0004083523607940263	-179.99999440481665
1.958844673505989	0.000399904691383828	-179.99999452056517
1.97696964011186	0.0003916518774826972	-179.99999463364384
1.9952623149688788	0.00038358860655977997	-179.99999474412542
2.0137242498623875	0.0003757097444734581	-179.99999485208025
2.032357010936221	0.00036801032809534456	-179.99999495757638
2.0511621788255647	0.0003604855582990237	-179.99999506067945
2.0701413487910414	0.00035313079329262685	-179.99999516145323
2.0892961308540388	0.0003459415422756916	-179.99999525995912
2.108628149933289	0.00033891345940201294	-179.99999535625673
2.1281390459827114	0.00033204233803136744	-179.99999545040367
2.147830474130533	0.0003253241052540711	-179.99999554245576
2.167704104819694	0.000318754816673347	-179.99999563246703
2.1877616239495516	0.00031233065143141645	-179.99999572048986
2.208004733018899	0.00030604790746609494	-179.99999580657496
2.228435149270303	0.0002999029969854953	-179.99999589077146
2.2490546058357803	0.00029389244214918757	-179.99999597312706
2.2698648518838214	0.0002880128709448813	-179.99999605368797
2.2908676527677723	0.0002822610132503432	-179.99999613249895
2.312064790175594	0.0002766336970708829	-179.99999620960347
2.333458062281002	0.0002711278449433119	-179.99999628504375
2.355049283896009	0.0002657404704978109	-179.9999963588606
2.376840286624876	0.00026046867516964776	-179.99999643109388
2.39883291901949	0.00025530964505314746	-179.99999650178202
2.4210290467361775	0.0002502606478907586	-179.99999657096254
2.4434305526939712	0.0002453190301904671	-179.99999663867172
2.4660393372343385	0.00024048221446519024	-179.99999670494498
2.48885731828239	0.00023574769658814393	-179.99999676981653
2.5118864315095797	0.0002311130432585109	-179.99999683331976
2.535128630497907	0.00022657588957205482	-179.99999689548707
2.5585858869056453	0.0002221339366916158	-179.99999695634995
2.582260190634596	0.00021778494961270683	-179.99999701593904
2.6061535499988953	0.00021352675501968587	-179.99999707428407
2.6302679918953813	0.00020935723922822417	-179.9999971314141
2.654605561975539	0.00020527434621002107	-179.9999971873572
2.6791683248190314	0.00020127607569593497	-179.9999972421408
2.703958364108843	0.00019736048135389462	-179.99999729579162
2.7289777828080406	0.00019352566903815585	-179.99999734833557
2.7542287033381663	0.00018976979510664335	-179.99999739979793
2.7797132677592886	0.0001860910648032857	-179.99999745020327
2.805433637951713	0.00018248773070241432	-179.9999974995755
2.831391995799379	0.0001789580912124465	-179.99999754793802
2.8575905433749464	0.00017550048913621258	-179.99999759531352
2.8840315031266055	0.00017211331028542308	-179.99999764172406
2.910717118066605	0.00016879498214689696	-179.9999976871912
2.9376496519615305	0.00016554397259829014	-179.99999773173602
2.9648313895243423	0.00016235878867117812	-179.99999777537883
2.992264636608189	0.0001592379753594499	-179.9999978181397
3.019951720402016	0.00015618011447107242	-179.99999786003798
3.047894989627983	0.00015318382352137928	-179.99999790109266
3.076096814740708	0.00015024775466612573	-179.99999794132216
3.1045595881283554	0.0001473705936726395	-179.99999798074452
3.1332857243155856	0.00014455105892747277	-179.9999980193773
3.162277660168379	0.00014178790047904202	-179.99999805723763
3.1915378551007616	0.00013907989911380808	-179.9999980943422
3.2210687912834346	0.0001364258654646231	-179.9999981307073
3.250872973854344	0.00013382463914993	-179.9999981663489
3.2809529311311905	0.0001312750879425647	-179.99999820128238
3.311311214825911	0.00012877610696696758	-179.99999823552298
3.3419504002611427	0.00012632661792366648	-179.99999826908544
3.372873086588689	0.00012392556833994454	-179.99999830198422
3.404081897010009	0.0001215719308456561	-179.99999833423337
3.4355794789987466	0.000119264702473202	-179.9999983658466
3.4673685045253166	0.00011700290398071716	-179.99999839683736
3.499451670283573	0.00011478557919756898	-179.9999984272188
3.53183169791957	0.00011261179439130284	-179.99999845700358
3.5645113342624426	0.00011048063765520996	-179.99999848620433
3.5974933515574232	0.00010839121831572964	-179.9999985148332
3.630780547701014	0.00010634266635893174	-179.9999985429021
3.664375746478333	0.00010433413187535781	-179.9999985704227
3.6982817978026628	0.00010236478452253137	-179.99999859740635
3.732501577957206	0.00010043381300447726	-179.9999986238642
3.767037989839089	0.00009854042456761716	-179.99999864980705
3.801893963205613	0.0000966838445124374	-179.9999986752456
3.8370724549227884	0.00009486331572034818	-179.99999870019016
3.8725764492161727	0.00009307809819518048	-179.9999987246509
3.908408957924021	0.00009132746861878779	-179.9999987486377
3.944573020752785	0.00008961071992024361	-179.9999987721603
3.981071705534973	0.00008792716085814602	-179.99999879522812
4.0179081084894	0.00008627611561556054	-179.99999881785047
4.055085354483839	0.00008465692340715299	-179.99999884003634
4.09260659730011	0.00008306893809808033	-179.99999886179464
4.130475019901614	0.00008151152783422755	-179.999998883134
4.168693834703355	0.00007998407468339221	-179.9999989040629
4.207266283844442	0.00007848597428703781	-179.9999989245896
4.24619563946313	0.00007701663552224889	-179.99999894472222
4.285485203974396	0.00007557548017353787	-179.99999896446863
4.325138310350088	0.00007416194261416599	-179.9999989838367
4.365158322401661	0.0000727754694966552	-179.9999990028339
4.405548635065534	0.00007141551945217913	-179.99999902146766
4.446312674691089	0.0000700815627985344	-179.9999990397453
4.487453899331323	0.00006877308125640552	-179.99999905767388
4.528975799036209	0.00006748956767364585	-179.99999907526038
4.570881896148752	0.00006623052575731004	-179.99999909251153
4.613175745603791	0.00006499546981318189	-179.99999910943401
4.655860935229586	0.00006378392449255125	-179.9999991260344
4.698941086052151	0.00006259542454600516	-179.999999142319
4.742419852602444	0.00006142951458400342	-179.9999991582941
4.7863009232263805	0.00006028574884402107	-179.99999917396576
4.830588020397723	0.00005916369096404593	-179.99999918933997
4.875284901033861	0.00005806291376222873	-179.9999992044226
4.920395356814506	0.0000569829990224898	-179.9999992192194
4.965923214503357	0.000055923537285893896	-179.99999923373593
5.01187233627272	0.00005488412764761186	-179.99999924797774
5.058246620031137	0.00005386437755929385	-179.99999926195014
5.105049999754059	0.00005286390263668594	-179.99999927565847
5.152286445817562	0.000051882326472326816	-179.99999928910785
5.1999599653351565	0.00005091928045316901	-179.9999993023033
5.248074602497723	0.00004997440358297215	-179.9999993152498
5.296634438916575	0.000049047342309323824	-179.99999932795222
5.345643593969713	0.000048137750355146287	-179.99999934041526
5.395106225151273	0.000047245288554554246	-179.9999993526436
5.445026528424209	0.000046369624692932294	-179.99999936464178
5.495408738576242	0.00004551043335110576	-179.99999937641425
5.5462571295791046	0.00004466739575348304	-179.99999938796537
5.597576014951099	0.00004384019962005166	-179.99999939929944
5.649369748123022	0.000043028539022114414	-179.99999941042066
5.701642722807472	0.00004223211424165529	-179.9999994213331
5.754399373371567	0.00004145063163422995	-179.9999994320408
5.807644175213118	0.0000406838034952774	-179.9999994425477
5.861381645140285	0.000039931347929754216	-179.9999994528577
5.9156163417547365	0.00003919298872499566	-179.99999946297453
5.9703528658383656	0.000038468455226710885	-179.99999947290195
6.025595860743575	0.000037757482218022984	-179.99999948264352
6.081350012787176	0.00003705980980146746	-179.99999949220287
6.137620051647939	0.00003637518328386498	-179.99999950158346
6.194410750767812	0.00003570335306398824	-179.99999951078874
6.251726927756856	0.000035044074522943994	-179.999999519822
6.30957344480193	0.00003439710791719501	-179.9999995286866
6.367955209079155	0.00003376221827414833	-179.9999995373857
6.426877173170194	0.00003313917529023911	-179.9999995459225
6.486344335482381	0.000032527753231441394	-179.99999955430005
6.546361740672747	0.000031927730836139146	-179.9999995625214
6.6069344800759575	0.000031338891220293437	-179.99999957058955
6.668067692136219	0.00003076102178484337	-179.99999957850736
6.729766562843175	0.000030193914125280348	-179.9999995862777
6.792036326171843	0.00002963736394333717	-179.99999959390342
6.854882264526613	0.00002909117096073542	-179.9999996013872
6.918309709189362	0.0000285551388349363	-179.99999960873177
6.9823240407717115	0.000028029075076841407	-179.99999961593974
7.046930689671467	0.000027512790970392262	-179.99999962301374
7.112135136533288	0.000027006101494018355	-179.99999962995625
7.177942912713615	0.000026508825243885256	-179.99999963676976
7.244359600749899	0.000026020784358896	-179.99999964345676
7.311390834834173	0.000025541804447400025	-179.9999996500196
7.379042301291007	0.00002507171451556522	-179.99999965646063
7.447319739059888	0.000024610346897370746	-179.99999966278213
7.516228940182053	0.000024157537186178524	-179.99999966898636
7.585775750291836	0.000023713124167843286	-179.99999967507557
7.655966069112561	0.00002327694975532188	-179.9999996810519
7.726805850957022	0.00002284885892474389	-179.99999968691745
7.798301105232586	0.000022428699652906587	-179.9999996926743
7.870457896950985	0.000022016322856158407	-179.99999969832453
7.943282347242813	0.00002161158233063611	-179.99999970387012
8.01678063387679	0.000021214334693821937	-179.99999970931304
8.090958991783822	0.00002082443932738772	-179.99999971465525
8.165823713585922	0.00002044175832129437	-179.99999971989857
8.241381150130021	0.000020066156419115403	-179.99999972504492
8.317637711026709	0.000019697500964554763	-179.99999973009608
8.394599865193973	0.000019335661849129484	-179.99999973505382
8.472274141405963	0.00001898051146098869	-179.9999997399199
8.550667128846833	0.000018631924634841625	-179.99999974469605
8.629785477669701	0.000018289778602967558	-179.99999974938396
8.709635899560805	0.00001795395294728148	-179.9999997539853
8.790225168308842	0.00001762432955243048	-179.9999997585016
8.871560120379607	0.000017300792559895704	-179.9999997629345
8.953647655495937	0.00001698322832307622	-179.99999976728557
9.036494737223014	0.000016671525363331265	-179.99999977155636
9.120108393559097	0.000016365574326958214	-179.99999977574828
9.204495717531712	0.00001606526794308408	-179.99999977986286
9.289663867799362	0.000015770500982449217	-179.99999978390156
9.375620069258803	0.00001548117021706208	-179.99999978786576
9.462371613657929	0.000015197174380704843	-179.99999979175684
9.549925860214358	0.000014918414130269909	-179.99999979557617
9.638290236239705	0.000014644792007908166	-179.9999997993251
9.727472237769652	0.00001437621240397004	-179.99999980300495
9.817479430199844	0.000014112581520721157	-179.99999980661698
9.908319448927676	0.000013853807336814744	-179.99999981016242
10.	0.000013599799572503425	-179.9999998136426
10.092528860766844	0.000013350469655573566	-179.99999981705864
10.18591388054117	0.00001310573068798561	-179.99999982041177
10.280162981264736	0.00001286549741320445	-179.99999982370315
10.375284158180126	0.000012629686184204139	-179.99999982693393
10.471285480508996	0.000012398214932131824	-179.99999983010522
10.568175092136585	0.000012171003135615929	-179.99999983321814
10.665961212302578	0.000011947971790704228	-179.99999983627376
10.76465213629835	0.000011729043381417684	-179.99999983927316
10.864256236170656	0.00001151414185090633	-179.99999984221736
10.964781961431852	0.000011303192573193706	-179.9999998451074
11.066237839776663	0.00001109612232549698	-179.99999984794425
11.168632477805613	0.000010892859261109839	-179.99999985072893
11.271974561755105	0.000010693332882835843	-179.99999985346238
11.37627285823431	0.000010497474016960066	-179.99999985614554
11.481536214968829	0.000010305214787747277	-179.99999985877938
11.587773561551263	0.000010116488592455089	-179.99999986136476
11.694993910198711	9.931230076850885e-6	-179.99999986390262
11.803206356517286	9.749375111221523e-6	-179.99999986639378
11.912420080273739	9.57086076686504e-6	-179.99999986883915
12.022644346174118	9.39562529305423e-6	-179.99999987123954
12.133888504649763	9.223608094461444e-6	-179.9999998735958
12.246161992650476	9.054749709035082e-6	-179.9999998759087
12.359474334445094	8.888991786317815e-6	-179.9999998781791
12.47383514242942	8.726277066197204e-6	-179.99999988040773
12.589254117941662	8.566549358079435e-6	-179.99999988259538
12.705741052085406	8.409753520477072e-6	-179.99999988474275
12.823305826560205	8.255835441002155e-6	-179.99999988685062
12.941958414499851	8.104742016755906e-6	-179.9999998889197
13.061708881318404	7.956421135106717e-6	-179.99999989095068
13.182567385564061	7.810821654848174e-6	-179.99999989294423
13.304544179780901	7.667893387729141e-6	-179.99999989490107
13.427649611378628	7.527587080348032e-6	-179.99999989682183
13.551894123510351	7.389854396403658e-6	-179.99999989870713
13.67728825595848	7.254647899295158e-6	-179.99999990055764
13.803842646028839	7.121921035063714e-6	-179.99999990237393
13.931568029453022	6.991628115668951e-6	-179.99999990415657
14.060475241299129	6.863724302593002e-6	-179.99999990590615
14.190575216890911	6.73816559076547e-6	-179.99999990762325
14.321878992735424	6.614908792802611e-6	-179.99999990930834
14.454397707459265	6.493911523554239e-6	-179.9999999109619
14.588142602753473	6.375132184951983e-6	-179.9999999125844
14.723125024327178	6.2585299511526804e-6	-179.99999991417627
14.859356422870059	6.1440647539708265e-6	-179.99999991573782
14.996848355023726	6.031697268594112e-6	-179.99999991726935
15.135612484362072	5.921388899576216e-6	-179.999999918771
15.275660582380716	5.813101767101113e-6	-179.9999999202428
15.417004529495584	5.706798693513289e-6	-179.99999992168458
15.559656316050734	5.602443190108233e-6	-179.99999992309571
15.703628043335515	5.4999994441776516e-6	-179.99999992447522
15.848931924611126	5.399432306303651e-6	-179.99999992582104
15.995580286146678	5.30070727789576e-6	-179.99999992712966
16.143585568264854	5.203790498963512e-6	-179.99999992839454
16.292960326397214	5.1086487361144175e-6	-179.99999992960295
16.443717232149307	5.0152493707588365e-6	-179.99999993072825
16.595869074375596	4.92356038747635e-6	-179.9999999317074
16.749428760264365	4.833550362392025e-6	-179.99999993236005
16.90440931643263	4.745188450842146e-6	-179.999999931982
17.060823890031227	4.658444368245493e-6	-179.99999992531016
17.21868574986006	4.573287681869637e-6	-179.99999744315485
17.378008287493746	4.489691610479523e-6	-179.99999992527438
17.5388050184176	4.407624971346882e-6	-179.99999993664466
17.701089583174202	4.327060603545799e-6	-179.99999993947333
17.864875748520497	4.247970912918148e-6	-179.9999999411332
18.03017740859568	4.1703288280086445e-6	-179.99999994245485
18.197008586099827	4.094107779088775e-6	-179.9999999436353
18.365383433483455	4.019281687292288e-6	-179.9999999447404
18.535316234148105	3.945824955096627e-6	-179.99999994579744
18.706821403657997	3.873712457231152e-6	-179.99999994681932
18.879913490962927	3.802919531830513e-6	-179.9999999478129
19.054607179632463	3.733421971782029e-6	-179.9999999487822
19.230917289101576	3.665196016247985e-6	-179.99999994972964
19.408858775927772	3.598218342353654e-6	-179.99999995065698
19.58844673505989	3.5324660570353014e-6	-179.99999995156534
19.769696401118598	3.4679166890439256e-6	-179.99999995245562
19.952623149688787	3.4045481811010806e-6	-179.99999995332857
20.137242498623873	3.342338882203552e-6	-179.9999999541847
20.32357010936221	3.281267540073778e-6	-179.99999995502458
20.511621788255646	3.221313293753098e-6	-179.99999995584858
20.701413487910415	3.1624556663349695e-6	-179.99999995665712
20.892961308540386	3.104674557835414e-6	-179.9999999574506
21.086281499332888	3.0479502381979825e-6	-179.9999999582293
21.28139045982711	2.9922633404306304e-6	-179.99999995899356
21.47830474130533	2.937594853871898e-6	-179.9999999597437
21.67704104819694	2.8839261175839282e-6	-179.99999996047995
21.87761623949552	2.831238813869834e-6	-179.99999996120266
22.080047330188993	2.779514961912996e-6	-179.99999996191204
22.28435149270303	2.7287369115359554e-6	-179.99999996260837
22.490546058357804	2.6788873370765836e-6	-179.9999999632919
22.698648518838212	2.6299492313792535e-6	-179.9999999639629
22.908676527677724	2.581905899898798e-6	-179.99999996462157
23.12064790175594	2.534740954915104e-6	-179.99999996526813
23.33458062281002	2.488438309856186e-6	-179.99999996590287
23.55049283896009	2.4429821737276574e-6	-179.99999996652596
23.76840286624876	2.3983570456465734e-6	-179.99999996713763
23.9883291901949	2.3545477094776303e-6	-179.99999996773812
24.210290467361776	2.3115392285697565e-6	-179.99999996832756
24.434305526939713	2.2693169405911677e-6	-179.99999996890622
24.660393372343385	2.227866452461029e-6	-179.99999996947435
24.888573182823905	2.187173635375837e-6	-179.999999970032
25.118864315095795	2.147224619928743e-6	-179.9999999705795
25.351286304979073	2.108005791320022e-6	-179.99999997111695
25.58585886905645	2.069503784656968e-6	-179.99999997164457
25.82260190634596	2.0317054803414893e-6	-179.99999997216253
26.06153549998895	1.994597999543753e-6	-179.99999997267105
26.302679918953814	1.9581686997602233e-6	-179.99999997317028
26.54605561975539	1.9224051704545076e-6	-179.99999997366032
26.791683248190314	1.8872952287794098e-6	-179.99999997414142
27.039583641088434	1.8528269153786817e-6	-179.99999997461376
27.289777828080403	1.8189884902669274e-6	-179.99999997507743
27.542287033381662	1.785768428786198e-6	-179.99999997553263
27.797132677592884	1.7531554176378213e-6	-179.9999999759795
28.05433637951713	1.7211383509880338e-6	-179.99999997641822
28.31391995799379	1.6897063266460182e-6	-179.9999999768489
28.575905433749465	1.6588486423129886e-6	-179.99999997727173
28.84031503126606	1.6285547919009627e-6	-179.9999999776868
29.10717118066605	1.598814461919922e-6	-179.99999997809434
29.376496519615305	1.5696175279320513e-6	-179.99999997849437
29.648313895243422	1.540954051071804e-6	-179.99999997888713
29.92264636608189	1.5128142746305487e-6	-179.99999997927267
30.19951720402016	1.4851886207045775e-6	-179.9999999796512
30.4789498962798	1.4580676869052823e-6	-179.9999999800228
30.76096814740705	1.4314422431303226e-6	-179.99999998038763
31.045595881283525	1.4053032283946676e-6	-179.99999998074577
31.332857243155825	1.3796417477203346e-6	-179.99999998109737
31.62277660168376	1.3544490690837638e-6	-179.99999998144256
31.91537855100758	1.3297166204197289e-6	-179.99999998178143
32.21068791283432	1.3054359866807232e-6	-179.9999999821141
32.50872973854341	1.2815989069507818e-6	-179.99999998244073
32.80952931131187	1.2581972716127153e-6	-179.99999998276135
33.11311214825908	1.2352231195677575e-6	-179.99999998307612
33.41950400261139	1.212668635506648e-6	-179.99999998338515
33.72873086588685	1.1905261472311694e-6	-179.99999998368853
34.040818970100055	1.168788123025219e-6	-179.99999998398636
34.35579478998743	1.147447169074467e-6	-179.99999998427876
34.67368504525313	1.1264960269337002e-6	-179.99999998456585
34.994516702835696	1.1059275710409661e-6	-179.99999998484765
35.318316979195664	1.0857348062776308e-6	-179.9999999851243
35.64511334262439	1.065910865573496e-6	-179.99999998539593
35.9749335155742	1.0464490075561416e-6	-179.99999998566255
36.3078054770101	1.0273426142436601e-6	-179.99999998592438
36.64375746478329	1.0085851887799698e-6	-179.99999998618136
36.98281797802659	9.901703532119283e-7	-179.99999998643366
37.32501577957203	9.720918463074482e-7	-179.99999998668136
37.670379898390856	9.54343521413862e-7	-179.99999998692454
38.01893963205609	9.369193443557828e-7	-179.99999998716325
38.370724549227845	9.198133913717272e-7	-179.99999998739764
38.72576449216169	9.030198470887757e-7	-179.99999998762772
39.08408957924017	8.865330025345615e-7	-179.9999999878536
39.44573020752781	8.703472531859051e-7	-179.9999999880754
39.81071705534969	8.544570970533904e-7	-179.9999999882931
40.17908108489396	8.388571328012388e-7	-179.99999998850683
40.55085354483835	8.235420579018076e-7	-179.99999998871667
40.92606597300105	8.085066668240778e-7	-179.99999998892267
41.304750199016105	7.937458492554971e-7	-179.9999999891249
41.68693834703351	7.792545883565603e-7	-179.99999998932344
42.07266283844438	7.650279590475159e-7	-179.99999998951836
42.46195639463126	7.510611263266078e-7	-179.99999998970972
42.85485203974392	7.373493436192644e-7	-179.9999999898976
43.251383103500835	7.238879511576584e-7	-179.99999999008205
43.65158322401656	7.106723743900794e-7	-179.9999999902631
44.0554863506553	6.976981224195649e-7	-179.99999999044084
44.46312674691084	6.849607864712441e-7	-179.99999999061538
44.87453899331318	6.724560383878672e-7	-179.9999999907867
45.28975799036204	6.601796291529946e-7	-179.9999999909549
45.708818961487474	6.481273874413389e-7	-179.99999999112
46.13175745603791	6.362952181957495e-7	-179.99999999128215
46.55860935229586	6.246791012303535e-7	-179.9999999914413
46.98941086052151	6.132750898593646e-7	-179.99999999159752
47.42419852602443	6.020793095510885e-7	-179.99999999175094
47.8630092322638	5.910879566066575e-7	-179.99999999190152
48.30588020397723	5.802972968630334e-7	-179.99999999204937
48.7528490103386	5.697036644198384e-7	-179.99999999219452
49.20395356814506	5.593034603895644e-7	-179.999999992337
49.65923214503358	5.490931516707365e-7	-179.9999999924769
50.118723362727195	5.390692697436012e-7	-179.99999999261425
50.58246620031137	5.292284094879257e-7	-179.99999999274908
51.0504999975406	5.195672280225011e-7	-179.99999999288144
51.52286445817562	5.100824435659455e-7	-179.9999999930114
51.99959965335157	5.007708343184172e-7	-179.99999999313897
52.48074602497723	4.916292373638499e-7	-179.99999999326423
52.966344389165755	4.826545475923343e-7	-179.99999999338718
53.45643593969714	4.738437166422686e-7	-179.9999999935079
53.95106225151273	4.651937518619202e-7	-179.9999999936264
54.450265284242086	4.5670171529003656e-7	-179.99999999374276
54.95408738576243	4.483647226551546e-7	-179.99999999385696
55.462571295791044	4.4017994239326566e-7	-179.9999999939691
55.97576014951099	4.3214459468349396e-7	-179.99999999407922
56.49369748123023	4.2425595050146245e-7	-179.9999999941873
57.01642722807472	4.165113306900153e-7	-179.9999999942934
57.543993733715666	4.0890810504697706e-7	-179.99999999439757
58.07644175213118	4.0144369142964086e-7	-179.99999999449986
58.61381645140285	3.9411555487567023e-7	-179.99999999460024
59.15616341754737	3.86921206740116e-7	-179.9999999946988
59.70352865838366	3.7985820384825194e-7	-179.9999999947956
60.255958607435744	3.729241476639367e-7	-179.99999999489057
60.81350012787176	3.661166834732173e-7	-179.99999999498385
61.37620051647939	3.594334995828921e-7	-179.99999999507543
61.94410750767812	3.5287232653376176e-7	-179.99999999516533
62.51726927756855	3.464309363282918e-7	-179.99999999525357
63.0957344480193	3.401071416724286e-7	-179.9999999953402
63.67955209079155	3.3389879523130417e-7	-179.99999999542527
64.26877173170195	3.278037888985751e-7	-179.99999999550877
64.86344335482381	3.2182005307914653e-7	-179.99999999559077
65.46361740672747	3.159455559850326e-7	-179.99999999567123
66.06934480075958	3.101783029441148e-7	-179.99999999575027
66.68067692136219	3.045163357215593e-7	-179.99999999582784
67.29766562843174	2.989577318536609e-7	-179.999999995904
67.92036326171844	2.9350060399388463e-7	-179.99999999597875
68.54882264526613	2.881430992708851e-7	-179.99999999605217
69.18309709189363	2.8288339865827546e-7	-179.99999999612422
69.82324040771712	2.777197163559395e-7	-179.999999996195
70.46930689671467	2.726502991826684e-7	-179.99999999626442
71.12135136533288	2.676734259799147e-7	-179.9999999963326
71.77942912713615	2.6278740702646465e-7	-179.99999999639957
72.44359600749898	2.5799058346382216e-7	-179.99999999646528
73.11390834834172	2.5328132673210984e-7	-179.99999999652982
73.79042301291008	2.48658038016297e-7	-179.99999999659315
74.47319739059888	2.441191477025609e-7	-179.99999999665536
75.16228940182053	2.396631148445968e-7	-179.99999999671638
75.85775750291836	2.3528842663969608e-7	-179.99999999677635
76.55966069112561	2.309935979144107e-7	-179.99999999683516
77.26805850957021	2.2677717061962858e-7	-179.99999999689297
77.98301105232578	2.226377133348899e-7	-179.99999999694967
78.70457896950977	2.1857382078176857e-7	-179.99999999700535
79.43282347242805	2.1458411334616275e-7	-179.99999999706
80.16780633876782	2.106672366093198e-7	-179.99999999711366
80.90958991783813	2.0682186088744335e-7	-179.99999999716636
81.65823713585914	2.0304668077972142e-7	-179.99999999721808
82.41381150130013	1.993404147246238e-7	-179.99999999726884
83.176377110267	1.9570180456431386e-7	-179.99999999731872
83.94599865193965	1.9212961511702853e-7	-179.99999999736764
84.72274141405954	1.8862263375728078e-7	-179.9999999974157
85.50667128846823	1.8517967000373765e-7	-179.99999999746285
86.29785477669692	1.8179955511463823e-7	-179.99999999750918
87.09635899560797	1.784811416906089e-7	-179.99999999755462
87.90225168308834	1.752233032847433e-7	-179.9999999975993
88.71560120379598	1.7202493401981234e-7	-179.9999999976431
89.53647655495928	1.6888494821247418e-7	-179.99999999768613
90.36494737223005	1.6580228000435582e-7	-179.99999999772834
91.20108393559087	1.6277588299988073e-7	-179.99999999776983
92.04495717531702	1.5980472991071827e-7	-179.99999999781053
92.89663867799354	1.5688781220673398e-7	-179.9999999978505
93.75620069258792	1.5402413977332245e-7	-179.99999999788974
94.6237161365792	1.5121274057500416e-7	-179.99999999792823
95.4992586021435	1.4845266032517327e-7	-179.99999999796609
96.38290236239695	1.457429621618824e-7	-179.9999999980032
97.2747223776964	1.4308272632955513e-7	-179.99999999803964
98.17479430199833	1.404710498665166e-7	-179.9999999980754
99.08319448927665	1.3790704629823583e-7	-179.99999999811055
99.9999999999999	1.3538984533617644e-7	-179.99999999814506