% Measured by S. Atsuta, Y. Kataoka
   1.3333333e-01   1.3356261e-11
   1.6666667e-01   8.7913677e-12
   2.0000000e-01   6.3306860e-12
   2.3333333e-01   5.2949435e-12
   2.6666667e-01   4.1390161e-12
   3.0000000e-01   2.4588093e-11
   3.3333333e-01   3.2735071e-11
   3.6666667e-01   1.2168471e-11
   4.0000000e-01   2.8331931e-12
   4.3333333e-01   2.3915934e-12
   4.6666667e-01   2.3652914e-12
   5.0000000e-01   1.9872098e-12
   5.3333333e-01   2.2047168e-12
   5.6666667e-01   2.0634434e-12
   6.0000000e-01   1.6021715e-12
   6.3333333e-01   1.7302774e-12
   6.6666667e-01   1.4439443e-12
   7.0000000e-01   1.3615589e-12
   7.3333333e-01   1.3124665e-12
   7.6666667e-01   1.1784753e-12
   8.0000000e-01   1.2045102e-12
   8.3333333e-01   1.1875352e-12
   8.6666667e-01   1.1433681e-12
   9.0000000e-01   1.1549782e-12
   9.3333333e-01   9.8226788e-13
   9.6666667e-01   1.0396381e-12
   1.0000000e+00   1.0281955e-12
   1.0333333e+00   9.0936023e-13
   1.0666667e+00   9.3397531e-13
   1.1000000e+00   1.0758609e-12
   1.1333333e+00   9.8495514e-13
   1.1666667e+00   7.8448942e-13
   1.2000000e+00   7.6323507e-13
   1.2333333e+00   7.5529461e-13
   1.2666667e+00   7.6417397e-13
   1.3000000e+00   8.1401344e-13
   1.3333333e+00   6.8671260e-13
   1.3666667e+00   7.8842442e-13
   1.4000000e+00   7.1170205e-13
   1.4333333e+00   8.1561989e-13
   1.4666667e+00   8.0942792e-13
   1.5000000e+00   7.2692760e-13
   1.5333333e+00   7.6679450e-13
   1.5666667e+00   9.1413196e-13
   1.6000000e+00   7.0833141e-13
   1.6333333e+00   6.8971029e-13
   1.6666667e+00   6.6154677e-13
   1.7000000e+00   6.8100748e-13
   1.7333333e+00   7.0802407e-13
   1.7666667e+00   6.4114389e-13
   1.8000000e+00   6.3187833e-13
   1.8333333e+00   6.5384663e-13
   1.8666667e+00   6.9020921e-13
   1.9000000e+00   6.4522969e-13
   1.9333333e+00   6.4440731e-13
   1.9666667e+00   6.5664564e-13
   2.0000000e+00   7.0256320e-13
   2.0333333e+00   6.0823899e-13
   2.0666667e+00   6.2162864e-13
   2.1000000e+00   6.4464437e-13
   2.1333333e+00   6.4754760e-13
   2.1666667e+00   6.3874057e-13
   2.2000000e+00   1.0250874e-12
   2.2333333e+00   2.4258038e-12
   2.2666667e+00   2.3763698e-12
   2.3000000e+00   8.4137046e-13
   2.3333333e+00   6.3109347e-13
   2.3666667e+00   5.7545645e-13
   2.4000000e+00   5.9480790e-13
   2.4333333e+00   6.0700114e-13
   2.4666667e+00   5.5955125e-13
   2.5000000e+00   5.4761939e-13
   2.5333333e+00   5.2049595e-13
   2.5666667e+00   5.9263727e-13
   2.6000000e+00   5.3570471e-13
   2.6333333e+00   5.4137698e-13
   2.6666667e+00   5.3906229e-13
   2.7000000e+00   4.6599207e-13
   2.7333333e+00   4.3099410e-13
   2.7666667e+00   4.3222075e-13
   2.8000000e+00   4.5986330e-13
   2.8333333e+00   4.5406636e-13
   2.8666667e+00   4.4350439e-13
   2.9000000e+00   4.3579558e-13
   2.9333333e+00   4.3287960e-13
   2.9666667e+00   4.6720146e-13
   3.0000000e+00   4.6153064e-13
   3.0333333e+00   4.3417010e-13
   3.0666667e+00   4.4618108e-13
   3.1000000e+00   6.4947868e-13
   3.1333333e+00   7.7367961e-13
   3.1666667e+00   5.0915680e-13
   3.2000000e+00   4.3590527e-13
   3.2333333e+00   4.1693038e-13
   3.2666667e+00   3.7991100e-13
   3.3000000e+00   4.4848006e-13
   3.3333333e+00   4.4503493e-13
   3.3666667e+00   4.3542688e-13
   3.4000000e+00   3.9428617e-13
   3.4333333e+00   4.1801445e-13
   3.4666667e+00   4.3425889e-13
   3.5000000e+00   4.3104840e-13
   3.5333333e+00   4.2747917e-13
   3.5666667e+00   4.0773171e-13
   3.6000000e+00   3.8305706e-13
   3.6333333e+00   3.8833043e-13
   3.6666667e+00   4.3050899e-13
   3.7000000e+00   4.0802295e-13
   3.7333333e+00   3.9940448e-13
   3.7666667e+00   3.8986264e-13
   3.8000000e+00   3.9874388e-13
   3.8333333e+00   4.3917400e-13
   3.8666667e+00   4.0192898e-13
   3.9000000e+00   3.8749424e-13
   3.9333333e+00   3.9756210e-13
   3.9666667e+00   3.8851168e-13
   4.0000000e+00   4.2642942e-13
   4.0333333e+00   4.1339406e-13
   4.0666667e+00   3.6643087e-13
   4.1000000e+00   4.0841748e-13
   4.1333333e+00   4.0311176e-13
   4.1666667e+00   3.8615349e-13
   4.2000000e+00   3.7341870e-13
   4.2333333e+00   3.6868100e-13
   4.2666667e+00   3.8410104e-13
   4.3000000e+00   3.7175630e-13
   4.3333333e+00   3.4508402e-13
   4.3666667e+00   3.2868947e-13
   4.4000000e+00   3.8511208e-13
   4.4333333e+00   3.9975074e-13
   4.4666667e+00   4.0033729e-13
   4.5000000e+00   3.8955312e-13
   4.5333333e+00   3.9746272e-13
   4.5666667e+00   3.7441451e-13
   4.6000000e+00   3.9041496e-13
   4.6333333e+00   3.6893095e-13
   4.6666667e+00   3.6677996e-13
   4.7000000e+00   3.7340529e-13
   4.7333333e+00   4.0183221e-13
   4.7666667e+00   3.8018231e-13
   4.8000000e+00   3.8980358e-13
   4.8333333e+00   4.0193338e-13
   4.8666667e+00   4.0194906e-13
   4.9000000e+00   3.9010856e-13
   4.9333333e+00   4.1578930e-13
   4.9666667e+00   4.0596427e-13
   5.0000000e+00   4.3350563e-13
   5.0333333e+00   3.7658601e-13
   5.0666667e+00   4.0009520e-13
   5.1000000e+00   3.9987367e-13
   5.1333333e+00   4.1891489e-13
   5.1666667e+00   4.0597350e-13
   5.2000000e+00   4.0828586e-13
   5.2333333e+00   3.9387292e-13
   5.2666667e+00   4.2982234e-13
   5.3000000e+00   4.4216459e-13
   5.3333333e+00   4.3640523e-13
   5.3666667e+00   4.4303730e-13
   5.4000000e+00   4.6413628e-13
   5.4333333e+00   4.4867134e-13
   5.4666667e+00   4.2392799e-13
   5.5000000e+00   4.5761283e-13
   5.5333333e+00   4.5567689e-13
   5.5666667e+00   4.9844857e-13
   5.6000000e+00   4.6315040e-13
   5.6333333e+00   4.6734138e-13
   5.6666667e+00   4.3858676e-13
   5.7000000e+00   4.1908906e-13
   5.7333333e+00   4.2288892e-13
   5.7666667e+00   3.9043288e-13
   5.8000000e+00   4.8188465e-13
   5.8333333e+00   5.0979766e-13
   5.8666667e+00   4.4618039e-13
   5.9000000e+00   4.6945348e-13
   5.9333333e+00   4.7729149e-13
   5.9666667e+00   5.2372347e-13
   6.0000000e+00   5.0412943e-13
   6.0333333e+00   5.1825000e-13
   6.0666667e+00   5.6438632e-13
   6.1000000e+00   5.3917300e-13
   6.1333333e+00   4.9899018e-13
   6.1666667e+00   5.1881377e-13
   6.2000000e+00   5.0389612e-13
   6.2333333e+00   8.6748731e-13
   6.2666667e+00   7.9950291e-13
   6.3000000e+00   4.9318204e-13
   6.3333333e+00   5.2931974e-13
   6.3666667e+00   5.9724063e-13
   6.4000000e+00   4.9863068e-13
   6.4333333e+00   5.7293935e-13
   6.4666667e+00   5.5448714e-13
   6.5000000e+00   6.4307311e-13
   6.5333333e+00   6.4542767e-13
   6.5666667e+00   5.9282942e-13
   6.6000000e+00   6.2174723e-13
   6.6333333e+00   6.7683179e-13
   6.6666667e+00   6.4202950e-13
   6.7000000e+00   5.6235672e-13
   6.7333333e+00   5.7991708e-13
   6.7666667e+00   6.6014558e-13
   6.8000000e+00   6.5082032e-13
   6.8333333e+00   7.5024122e-13
   6.8666667e+00   7.5067179e-13
   6.9000000e+00   7.0490469e-13
   6.9333333e+00   7.3930672e-13
   6.9666667e+00   7.6616383e-13
   7.0000000e+00   7.4344648e-13
   7.0333333e+00   7.8505521e-13
   7.0666667e+00   8.3031317e-13
   7.1000000e+00   8.2755931e-13
   7.1333333e+00   9.3571242e-13
   7.1666667e+00   9.4461593e-13
   7.2000000e+00   8.9631606e-13
   7.2333333e+00   1.0006727e-12
   7.2666667e+00   9.3131464e-13
   7.3000000e+00   8.4794967e-13
   7.3333333e+00   9.4886925e-13
   7.3666667e+00   9.1466241e-13
   7.4000000e+00   8.7591635e-13
   7.4333333e+00   1.0148404e-12
   7.4666667e+00   1.1151294e-12
   7.5000000e+00   1.1215041e-12
   7.5333333e+00   1.1524189e-12
   7.5666667e+00   1.0245695e-12
   7.6000000e+00   1.0135556e-12
   7.6333333e+00   1.1282054e-12
   7.6666667e+00   1.1872665e-12
   7.7000000e+00   1.2369332e-12
   7.7333333e+00   1.1888720e-12
   7.7666667e+00   1.1176643e-12
   7.8000000e+00   1.0222205e-12
   7.8333333e+00   1.1472111e-12
   7.8666667e+00   1.1683647e-12
   7.9000000e+00   1.3179069e-12
   7.9333333e+00   1.3524154e-12
   7.9666667e+00   1.1231585e-12
   8.0000000e+00   1.0494881e-12
   8.0333333e+00   1.1061853e-12
   8.0666667e+00   1.1771391e-12
   8.1000000e+00   1.1802379e-12
   8.1333333e+00   1.0984873e-12
   8.1666667e+00   1.0870826e-12
   8.2000000e+00   1.1124857e-12
   8.2333333e+00   1.1263909e-12
   8.2666667e+00   1.1247040e-12
   8.3000000e+00   1.1356725e-12
   8.3333333e+00   1.0935711e-12
   8.3666667e+00   9.4987097e-13
   8.4000000e+00   9.2125429e-13
   8.4333333e+00   8.9322765e-13
   8.4666667e+00   8.9057829e-13
   8.5000000e+00   9.6019948e-13
   8.5333333e+00   1.0284542e-12
   8.5666667e+00   9.6347364e-13
   8.6000000e+00   8.8335846e-13
   8.6333333e+00   8.1230176e-13
   8.6666667e+00   8.0503920e-13
   8.7000000e+00   8.0838608e-13
   8.7333333e+00   8.3604557e-13
   8.7666667e+00   8.0327922e-13
   8.8000000e+00   8.2680215e-13
   8.8333333e+00   8.2686235e-13
   8.8666667e+00   7.5473207e-13
   8.9000000e+00   7.9229964e-13
   8.9333333e+00   7.3565355e-13
   8.9666667e+00   7.3987579e-13
   9.0000000e+00   7.6929441e-13
   9.0333333e+00   7.3344776e-13
   9.0666667e+00   7.3591496e-13
   9.1000000e+00   6.6955613e-13
   9.1333333e+00   7.2349492e-13
   9.1666667e+00   7.7364868e-13
   9.2000000e+00   7.3447230e-13
   9.2333333e+00   6.2083152e-13
   9.2666667e+00   7.3007506e-13
   9.3000000e+00   7.0146035e-13
   9.3333333e+00   5.9734656e-13
   9.3666667e+00   5.9585920e-13
   9.4000000e+00   7.0761683e-13
   9.4333333e+00   5.9725809e-13
   9.4666667e+00   6.3083427e-13
   9.5000000e+00   6.5187372e-13
   9.5333333e+00   6.3655732e-13
   9.5666667e+00   5.7670761e-13
   9.6000000e+00   6.0928694e-13
   9.6333333e+00   6.6222766e-13
   9.6666667e+00   6.3552417e-13
   9.7000000e+00   6.2426034e-13
   9.7333333e+00   6.2006760e-13
   9.7666667e+00   6.1673654e-13
   9.8000000e+00   5.7670568e-13
   9.8333333e+00   6.0027494e-13
   9.8666667e+00   6.5063200e-13
   9.9000000e+00   5.3908401e-13
   9.9333333e+00   5.7116109e-13
   9.9666667e+00   5.8370191e-13
   1.0000000e+01   5.8990850e-13
   1.0033333e+01   6.0056027e-13
   1.0066667e+01   5.8275177e-13
   1.0100000e+01   5.3673357e-13
   1.0133333e+01   5.3863179e-13
   1.0166667e+01   5.0387437e-13
   1.0200000e+01   5.8732404e-13
   1.0233333e+01   5.4713990e-13
   1.0266667e+01   5.9285867e-13
   1.0300000e+01   4.9872502e-13
   1.0333333e+01   5.1435668e-13
   1.0366667e+01   4.9269656e-13
   1.0400000e+01   5.7699709e-13
   1.0433333e+01   5.4599782e-13
   1.0466667e+01   5.3743979e-13
   1.0500000e+01   4.6469463e-13
   1.0533333e+01   5.0627143e-13
   1.0566667e+01   4.6161464e-13
   1.0600000e+01   5.0567209e-13
   1.0633333e+01   5.3214942e-13
   1.0666667e+01   5.1748754e-13
   1.0700000e+01   5.0450863e-13
   1.0733333e+01   4.8856418e-13
   1.0766667e+01   4.8724271e-13
   1.0800000e+01   4.2384853e-13
   1.0833333e+01   4.7621603e-13
   1.0866667e+01   4.6845730e-13
   1.0900000e+01   4.6416155e-13
   1.0933333e+01   4.7987353e-13
   1.0966667e+01   5.7629182e-13
   1.1000000e+01   4.8656526e-13
   1.1033333e+01   4.8677861e-13
   1.1066667e+01   5.5078980e-13
   1.1100000e+01   4.9144507e-13
   1.1133333e+01   4.9950430e-13
   1.1166667e+01   4.3899094e-13
   1.1200000e+01   4.7630678e-13
   1.1233333e+01   4.9540216e-13
   1.1266667e+01   4.5354563e-13
   1.1300000e+01   4.6939566e-13
   1.1333333e+01   5.2579742e-13
   1.1366667e+01   4.9971333e-13
   1.1400000e+01   4.9262355e-13
   1.1433333e+01   5.0327458e-13
   1.1466667e+01   4.9319518e-13
   1.1500000e+01   4.9422664e-13
   1.1533333e+01   4.5451900e-13
   1.1566667e+01   4.6451943e-13
   1.1600000e+01   4.9717017e-13
   1.1633333e+01   4.6617671e-13
   1.1666667e+01   5.1145883e-13
   1.1700000e+01   4.7169592e-13
   1.1733333e+01   4.8577121e-13
   1.1766667e+01   5.0321636e-13
   1.1800000e+01   4.9536272e-13
   1.1833333e+01   4.7612753e-13
   1.1866667e+01   5.1295702e-13
   1.1900000e+01   5.1900439e-13
   1.1933333e+01   5.1767956e-13
   1.1966667e+01   5.6923885e-13
   1.2000000e+01   5.4630533e-13
   1.2033333e+01   4.5766941e-13
   1.2066667e+01   5.5772532e-13
   1.2100000e+01   4.9004391e-13
   1.2133333e+01   5.2487607e-13
   1.2166667e+01   5.4158879e-13
   1.2200000e+01   5.3979165e-13
   1.2233333e+01   5.4156204e-13
   1.2266667e+01   5.8430568e-13
   1.2300000e+01   5.3775191e-13
   1.2333333e+01   4.6952558e-13
   1.2366667e+01   5.3246185e-13
   1.2400000e+01   5.4048278e-13
   1.2433333e+01   5.5062659e-13
   1.2466667e+01   5.5609825e-13
   1.2500000e+01   5.4528686e-13
   1.2533333e+01   5.7128216e-13
   1.2566667e+01   6.2627460e-13
   1.2600000e+01   5.8676985e-13
   1.2633333e+01   5.9919563e-13
   1.2666667e+01   6.2398669e-13
   1.2700000e+01   5.7170071e-13
   1.2733333e+01   5.5351557e-13
   1.2766667e+01   5.8456456e-13
   1.2800000e+01   6.2831505e-13
   1.2833333e+01   6.1235479e-13
   1.2866667e+01   6.7220872e-13
   1.2900000e+01   7.5333371e-13
   1.2933333e+01   6.9158999e-13
   1.2966667e+01   6.1048596e-13
   1.3000000e+01   6.5074457e-13
   1.3033333e+01   6.4979966e-13
   1.3066667e+01   6.4716609e-13
   1.3100000e+01   6.0442622e-13
   1.3133333e+01   6.3500395e-13
   1.3166667e+01   7.0330149e-13
   1.3200000e+01   7.7192301e-13
   1.3233333e+01   7.5257305e-13
   1.3266667e+01   8.2467866e-13
   1.3300000e+01   7.9615801e-13
   1.3333333e+01   7.7223434e-13
   1.3366667e+01   8.3636401e-13
   1.3400000e+01   7.6674936e-13
   1.3433333e+01   8.1627724e-13
   1.3466667e+01   7.6540190e-13
   1.3500000e+01   8.7503866e-13
   1.3533333e+01   9.6247158e-13
   1.3566667e+01   7.7957859e-13
   1.3600000e+01   8.1658009e-13
   1.3633333e+01   7.4065718e-13
   1.3666667e+01   8.7981925e-13
   1.3700000e+01   8.1402576e-13
   1.3733333e+01   8.2755759e-13
   1.3766667e+01   8.5003029e-13
   1.3800000e+01   8.4501231e-13
   1.3833333e+01   8.1288788e-13
   1.3866667e+01   8.5757087e-13
   1.3900000e+01   8.7707941e-13
   1.3933333e+01   9.8751742e-13
   1.3966667e+01   1.1225802e-12
   1.4000000e+01   9.9198378e-13
   1.4033333e+01   9.6101336e-13
   1.4066667e+01   9.7072476e-13
   1.4100000e+01   9.8132326e-13
   1.4133333e+01   9.3641598e-13
   1.4166667e+01   1.0309721e-12
   1.4200000e+01   1.1414393e-12
   1.4233333e+01   1.1451867e-12
   1.4266667e+01   1.0435754e-12
   1.4300000e+01   1.0948972e-12
   1.4333333e+01   1.0691135e-12
   1.4366667e+01   9.5716206e-13
   1.4400000e+01   1.0859798e-12
   1.4433333e+01   1.0790192e-12
   1.4466667e+01   9.8266710e-13
   1.4500000e+01   8.9824944e-13
   1.4533333e+01   9.3400664e-13
   1.4566667e+01   9.6691703e-13
   1.4600000e+01   1.0460364e-12
   1.4633333e+01   1.0202231e-12
   1.4666667e+01   1.1031547e-12
   1.4700000e+01   9.3806448e-13
   1.4733333e+01   9.9942394e-13
   1.4766667e+01   1.0013374e-12
   1.4800000e+01   9.9004603e-13
   1.4833333e+01   9.2222383e-13
   1.4866667e+01   9.1552737e-13
   1.4900000e+01   9.5430894e-13
   1.4933333e+01   9.6998965e-13
   1.4966667e+01   9.1392618e-13
   1.5000000e+01   9.0835970e-13
   1.5033333e+01   9.3937503e-13
   1.5066667e+01   8.6382396e-13
   1.5100000e+01   9.9831399e-13
   1.5133333e+01   1.0278738e-12
   1.5166667e+01   9.4820451e-13
   1.5200000e+01   8.7359078e-13
   1.5233333e+01   8.8392464e-13
   1.5266667e+01   7.8049578e-13
   1.5300000e+01   7.1901968e-13
   1.5333333e+01   6.8394811e-13
   1.5366667e+01   7.9210449e-13
   1.5400000e+01   8.1724499e-13
   1.5433333e+01   7.7071237e-13
   1.5466667e+01   7.3106727e-13
   1.5500000e+01   6.8451010e-13
   1.5533333e+01   7.9934749e-13
   1.5566667e+01   7.7190117e-13
   1.5600000e+01   7.1640501e-13
   1.5633333e+01   7.5792809e-13
   1.5666667e+01   7.3289123e-13
   1.5700000e+01   6.2299930e-13
   1.5733333e+01   7.2312179e-13
   1.5766667e+01   7.3562751e-13
   1.5800000e+01   7.0973360e-13
   1.5833333e+01   6.6002437e-13
   1.5866667e+01   7.1818901e-13
   1.5900000e+01   6.7588791e-13
   1.5933333e+01   6.6853752e-13
   1.5966667e+01   6.5410894e-13
   1.6000000e+01   6.0711298e-13
   1.6033333e+01   5.8546283e-13
   1.6066667e+01   5.9757685e-13
   1.6100000e+01   5.4246418e-13
   1.6133333e+01   5.4539592e-13
   1.6166667e+01   5.9394857e-13
   1.6200000e+01   5.9360210e-13
   1.6233333e+01   5.9833994e-13
   1.6266667e+01   6.7343025e-13
   1.6300000e+01   6.2654592e-13
   1.6333333e+01   6.0165390e-13
   1.6366667e+01   5.8673082e-13
   1.6400000e+01   4.9565479e-13
   1.6433333e+01   5.4439286e-13
   1.6466667e+01   5.7265447e-13
   1.6500000e+01   5.5700234e-13
   1.6533333e+01   5.6636473e-13
   1.6566667e+01   5.7376173e-13
   1.6600000e+01   5.6113122e-13
   1.6633333e+01   4.7430345e-13
   1.6666667e+01   5.2344870e-13
   1.6700000e+01   6.2017434e-13
   1.6733333e+01   7.9950643e-13
   1.6766667e+01   1.0405398e-12
   1.6800000e+01   9.9025759e-13
   1.6833333e+01   6.7476753e-13
   1.6866667e+01   5.6985988e-13
   1.6900000e+01   5.2288627e-13
   1.6933333e+01   5.3622950e-13
   1.6966667e+01   5.2871858e-13
   1.7000000e+01   5.1283294e-13
   1.7033333e+01   5.2180490e-13
   1.7066667e+01   5.1262395e-13
   1.7100000e+01   4.9664080e-13
   1.7133333e+01   7.8894969e-13
   1.7166667e+01   7.6592826e-13
   1.7200000e+01   5.9608087e-13
   1.7233333e+01   7.7715344e-13
   1.7266667e+01   8.7610202e-13
   1.7300000e+01   9.8305031e-13
   1.7333333e+01   9.5866447e-13
   1.7366667e+01   8.4371143e-13
   1.7400000e+01   7.1585396e-13
   1.7433333e+01   5.5887085e-13
   1.7466667e+01   4.7483536e-13
   1.7500000e+01   3.9365125e-13
   1.7533333e+01   4.5054120e-13
   1.7566667e+01   4.4374647e-13
   1.7600000e+01   4.1554286e-13
   1.7633333e+01   4.3030592e-13
   1.7666667e+01   4.8558500e-13
   1.7700000e+01   4.2729873e-13
   1.7733333e+01   4.3687448e-13
   1.7766667e+01   4.8417375e-13
   1.7800000e+01   4.4198538e-13
   1.7833333e+01   4.2787640e-13
   1.7866667e+01   4.5410452e-13
   1.7900000e+01   3.9392649e-13
   1.7933333e+01   4.0755291e-13
   1.7966667e+01   4.3199580e-13
   1.8000000e+01   4.8931355e-13
   1.8033333e+01   4.1987265e-13
   1.8066667e+01   4.2785638e-13
   1.8100000e+01   4.0094214e-13
   1.8133333e+01   4.3478142e-13
   1.8166667e+01   4.9575815e-13
   1.8200000e+01   4.9647667e-13
   1.8233333e+01   4.2280129e-13
   1.8266667e+01   3.8487721e-13
   1.8300000e+01   3.8325780e-13
   1.8333333e+01   4.2722823e-13
   1.8366667e+01   5.0137712e-13
   1.8400000e+01   4.4573653e-13
   1.8433333e+01   4.2209936e-13
   1.8466667e+01   4.4949744e-13
   1.8500000e+01   4.5133141e-13
   1.8533333e+01   4.7331279e-13
   1.8566667e+01   5.0828164e-13
   1.8600000e+01   4.7296650e-13
   1.8633333e+01   3.8435308e-13
   1.8666667e+01   4.5878121e-13
   1.8700000e+01   5.0067575e-13
   1.8733333e+01   4.8180455e-13
   1.8766667e+01   4.8985250e-13
   1.8800000e+01   5.2548487e-13
   1.8833333e+01   5.6377233e-13
   1.8866667e+01   5.0686868e-13
   1.8900000e+01   5.0020357e-13
   1.8933333e+01   5.1322968e-13
   1.8966667e+01   4.9104180e-13
   1.9000000e+01   5.4403910e-13
   1.9033333e+01   5.6051401e-13
   1.9066667e+01   5.5773843e-13
   1.9100000e+01   5.4916574e-13
   1.9133333e+01   5.1984834e-13
   1.9166667e+01   5.8293409e-13
   1.9200000e+01   5.5886896e-13
   1.9233333e+01   5.8689629e-13
   1.9266667e+01   5.3916817e-13
   1.9300000e+01   5.7858085e-13
   1.9333333e+01   5.4951715e-13
   1.9366667e+01   6.0807421e-13
   1.9400000e+01   6.0252497e-13
   1.9433333e+01   5.2747415e-13
   1.9466667e+01   5.5144524e-13
   1.9500000e+01   5.4716549e-13
   1.9533333e+01   5.8599660e-13
   1.9566667e+01   6.0026134e-13
   1.9600000e+01   6.0497252e-13
   1.9633333e+01   6.5780577e-13
   1.9666667e+01   6.2186826e-13
   1.9700000e+01   6.2502026e-13
   1.9733333e+01   7.5329696e-13
   1.9766667e+01   6.8919592e-13
   1.9800000e+01   6.5101372e-13
   1.9833333e+01   6.6652931e-13
   1.9866667e+01   6.9297992e-13
   1.9900000e+01   6.8136067e-13
   1.9933333e+01   6.5383183e-13
   1.9966667e+01   7.5869720e-13
   2.0000000e+01   7.2417845e-13
   2.0033333e+01   6.6943305e-13
   2.0066667e+01   7.3354391e-13
   2.0100000e+01   6.8451027e-13
   2.0133333e+01   6.8079387e-13
   2.0166667e+01   7.0682397e-13
   2.0200000e+01   7.5507306e-13
   2.0233333e+01   7.4885278e-13
   2.0266667e+01   7.2718041e-13
   2.0300000e+01   6.8644833e-13
   2.0333333e+01   7.3281822e-13
   2.0366667e+01   7.0147459e-13
   2.0400000e+01   7.4485851e-13
   2.0433333e+01   7.7461807e-13
   2.0466667e+01   8.0335513e-13
   2.0500000e+01   8.2556234e-13
   2.0533333e+01   8.1533185e-13
   2.0566667e+01   8.7860818e-13
   2.0600000e+01   8.0591975e-13
   2.0633333e+01   7.1987340e-13
   2.0666667e+01   7.2603455e-13
   2.0700000e+01   7.6166588e-13
   2.0733333e+01   7.4315087e-13
   2.0766667e+01   8.5486396e-13
   2.0800000e+01   9.2040588e-13
   2.0833333e+01   8.3668535e-13
   2.0866667e+01   8.0844070e-13
   2.0900000e+01   7.0036199e-13
   2.0933333e+01   7.4120665e-13
   2.0966667e+01   7.4449294e-13
   2.1000000e+01   7.9546513e-13
   2.1033333e+01   7.3473925e-13
   2.1066667e+01   7.1040239e-13
   2.1100000e+01   7.3071027e-13
   2.1133333e+01   7.3308024e-13
   2.1166667e+01   6.5924710e-13
   2.1200000e+01   6.7853406e-13
   2.1233333e+01   7.4344438e-13
   2.1266667e+01   7.2212704e-13
   2.1300000e+01   6.3335837e-13
   2.1333333e+01   7.4161322e-13
   2.1366667e+01   6.6225971e-13
   2.1400000e+01   6.2662902e-13
   2.1433333e+01   6.7961393e-13
   2.1466667e+01   7.2422325e-13
   2.1500000e+01   6.3032379e-13
   2.1533333e+01   6.7443376e-13
   2.1566667e+01   6.5761167e-13
   2.1600000e+01   5.9141743e-13
   2.1633333e+01   6.3295844e-13
   2.1666667e+01   6.4588261e-13
   2.1700000e+01   6.1292101e-13
   2.1733333e+01   6.0554209e-13
   2.1766667e+01   6.0784762e-13
   2.1800000e+01   5.8675337e-13
   2.1833333e+01   5.7533677e-13
   2.1866667e+01   5.7606874e-13
   2.1900000e+01   6.1558596e-13
   2.1933333e+01   5.9961771e-13
   2.1966667e+01   6.4767313e-13
   2.2000000e+01   6.6591032e-13
   2.2033333e+01   5.5492137e-13
   2.2066667e+01   5.4112983e-13
   2.2100000e+01   5.4327954e-13
   2.2133333e+01   5.9547322e-13
   2.2166667e+01   5.7156259e-13
   2.2200000e+01   5.3811540e-13
   2.2233333e+01   5.8050935e-13
   2.2266667e+01   5.2043858e-13
   2.2300000e+01   5.8627772e-13
   2.2333333e+01   6.2718919e-13
   2.2366667e+01   5.9841637e-13
   2.2400000e+01   5.7955056e-13
   2.2433333e+01   5.7502416e-13
   2.2466667e+01   4.7857581e-13
   2.2500000e+01   5.2703412e-13
   2.2533333e+01   5.3461467e-13
   2.2566667e+01   4.8135214e-13
   2.2600000e+01   5.3838500e-13
   2.2633333e+01   5.4095889e-13
   2.2666667e+01   5.3838615e-13
   2.2700000e+01   5.3404709e-13
   2.2733333e+01   5.1848271e-13
   2.2766667e+01   5.2235506e-13
   2.2800000e+01   5.1768902e-13
   2.2833333e+01   5.1557270e-13
   2.2866667e+01   5.0991271e-13
   2.2900000e+01   5.1616801e-13
   2.2933333e+01   5.3768153e-13
   2.2966667e+01   5.2502387e-13
   2.3000000e+01   4.9348295e-13
   2.3033333e+01   4.9082082e-13
   2.3066667e+01   4.4532195e-13
   2.3100000e+01   5.2011813e-13
   2.3133333e+01   5.3586535e-13
   2.3166667e+01   4.8684721e-13
   2.3200000e+01   4.5871016e-13
   2.3233333e+01   4.8823204e-13
   2.3266667e+01   4.4363487e-13
   2.3300000e+01   4.5049823e-13
   2.3333333e+01   4.8868216e-13
   2.3366667e+01   4.4844917e-13
   2.3400000e+01   4.9720869e-13
   2.3433333e+01   5.0331660e-13
   2.3466667e+01   4.8719903e-13
   2.3500000e+01   4.8352075e-13
   2.3533333e+01   4.8897036e-13
   2.3566667e+01   4.7005421e-13
   2.3600000e+01   5.4295985e-13
   2.3633333e+01   5.2814217e-13
   2.3666667e+01   4.8741428e-13
   2.3700000e+01   4.9873263e-13
   2.3733333e+01   5.0138675e-13
   2.3766667e+01   4.8515344e-13
   2.3800000e+01   4.7535345e-13
   2.3833333e+01   4.8391968e-13
   2.3866667e+01   4.9659486e-13
   2.3900000e+01   4.5735968e-13
   2.3933333e+01   4.4560357e-13
   2.3966667e+01   4.5451490e-13
   2.4000000e+01   4.7333758e-13
   2.4033333e+01   4.7130223e-13
   2.4066667e+01   4.8446325e-13
   2.4100000e+01   5.0595845e-13
   2.4133333e+01   5.0385368e-13
   2.4166667e+01   4.4391329e-13
   2.4200000e+01   4.5424589e-13
   2.4233333e+01   5.0841455e-13
   2.4266667e+01   4.9832952e-13
   2.4300000e+01   5.0586759e-13
   2.4333333e+01   4.4918258e-13
   2.4366667e+01   4.6333003e-13
   2.4400000e+01   4.5794938e-13
   2.4433333e+01   4.9013314e-13
   2.4466667e+01   4.6201657e-13
   2.4500000e+01   4.6867925e-13
   2.4533333e+01   4.8468872e-13
   2.4566667e+01   5.1357878e-13
   2.4600000e+01   4.9700207e-13
   2.4633333e+01   4.8909062e-13
   2.4666667e+01   4.7338721e-13
   2.4700000e+01   4.9519603e-13
   2.4733333e+01   4.5760421e-13
   2.4766667e+01   5.0652173e-13
   2.4800000e+01   5.2862955e-13
   2.4833333e+01   4.9747853e-13
   2.4866667e+01   5.1408386e-13
   2.4900000e+01   5.0588720e-13
   2.4933333e+01   4.6858313e-13
   2.4966667e+01   4.8162349e-13
   2.5000000e+01   5.5760104e-13
   2.5033333e+01   5.5083803e-13
   2.5066667e+01   5.4822384e-13
   2.5100000e+01   5.8070495e-13
   2.5133333e+01   5.4676904e-13
   2.5166667e+01   5.1206590e-13
   2.5200000e+01   4.8350074e-13
   2.5233333e+01   4.8116344e-13
   2.5266667e+01   4.9624980e-13
   2.5300000e+01   4.4833099e-13
   2.5333333e+01   5.0186125e-13
   2.5366667e+01   6.0024170e-13
   2.5400000e+01   5.5737745e-13
   2.5433333e+01   5.8841849e-13
   2.5466667e+01   5.8904241e-13
   2.5500000e+01   5.9225741e-13
   2.5533333e+01   5.0359977e-13
   2.5566667e+01   5.7951134e-13
   2.5600000e+01   5.9186555e-13
   2.5633333e+01   5.2506470e-13
   2.5666667e+01   6.1027930e-13
   2.5700000e+01   5.6536927e-13
   2.5733333e+01   5.3090504e-13
   2.5766667e+01   5.8642313e-13
   2.5800000e+01   6.0244229e-13
   2.5833333e+01   5.5795692e-13
   2.5866667e+01   6.2558829e-13
   2.5900000e+01   6.4455290e-13
   2.5933333e+01   5.6033756e-13
   2.5966667e+01   6.2543555e-13
   2.6000000e+01   5.9595136e-13
   2.6033333e+01   5.8712613e-13
   2.6066667e+01   6.2862484e-13
   2.6100000e+01   5.9725247e-13
   2.6133333e+01   5.9537601e-13
   2.6166667e+01   6.3668891e-13
   2.6200000e+01   6.3379877e-13
   2.6233333e+01   6.2371456e-13
   2.6266667e+01   6.3479170e-13
   2.6300000e+01   7.3891157e-13
   2.6333333e+01   6.2744138e-13
   2.6366667e+01   6.4599914e-13
   2.6400000e+01   6.9222168e-13
   2.6433333e+01   6.9941464e-13
   2.6466667e+01   6.0366457e-13
   2.6500000e+01   6.2732820e-13
   2.6533333e+01   6.5703598e-13
   2.6566667e+01   6.2566347e-13
   2.6600000e+01   6.4970292e-13
   2.6633333e+01   6.5009442e-13
   2.6666667e+01   6.6333650e-13
   2.6700000e+01   6.0580377e-13
   2.6733333e+01   5.6309767e-13
   2.6766667e+01   6.2423323e-13
   2.6800000e+01   6.1440089e-13
   2.6833333e+01   6.0330415e-13
   2.6866667e+01   6.4750261e-13
   2.6900000e+01   6.2025638e-13
   2.6933333e+01   6.8483662e-13
   2.6966667e+01   6.9651801e-13
   2.7000000e+01   5.9053164e-13
   2.7033333e+01   5.8985110e-13
   2.7066667e+01   6.8552012e-13
   2.7100000e+01   6.8562341e-13
   2.7133333e+01   5.9807414e-13
   2.7166667e+01   6.6792157e-13
   2.7200000e+01   6.4411957e-13
   2.7233333e+01   6.8554641e-13
   2.7266667e+01   5.7827647e-13
   2.7300000e+01   6.2967016e-13
   2.7333333e+01   6.3855010e-13
   2.7366667e+01   7.0460733e-13
   2.7400000e+01   7.1176344e-13
   2.7433333e+01   5.7156435e-13
   2.7466667e+01   6.2665280e-13
   2.7500000e+01   6.3012239e-13
   2.7533333e+01   6.4797077e-13
   2.7566667e+01   6.0595629e-13
   2.7600000e+01   6.7772362e-13
   2.7633333e+01   5.9574848e-13
   2.7666667e+01   6.2234805e-13
   2.7700000e+01   5.9909506e-13
   2.7733333e+01   6.2043392e-13
   2.7766667e+01   5.6148823e-13
   2.7800000e+01   5.8197565e-13
   2.7833333e+01   5.8565514e-13
   2.7866667e+01   5.7449552e-13
   2.7900000e+01   5.5205431e-13
   2.7933333e+01   6.1361433e-13
   2.7966667e+01   6.5236722e-13
   2.8000000e+01   5.5556371e-13
   2.8033333e+01   5.8630892e-13
   2.8066667e+01   5.3797744e-13
   2.8100000e+01   6.0842569e-13
   2.8133333e+01   5.6959911e-13
   2.8166667e+01   5.2517170e-13
   2.8200000e+01   5.6831597e-13
   2.8233333e+01   6.0021294e-13
   2.8266667e+01   7.8702912e-13
   2.8300000e+01   6.1710345e-13
   2.8333333e+01   5.6633979e-13
   2.8366667e+01   5.3317388e-13
   2.8400000e+01   5.0640669e-13
   2.8433333e+01   5.2937569e-13
   2.8466667e+01   5.4857257e-13
   2.8500000e+01   5.4684748e-13
   2.8533333e+01   7.0965686e-13
   2.8566667e+01   6.3712471e-13
   2.8600000e+01   5.8957105e-13
   2.8633333e+01   5.1809536e-13
   2.8666667e+01   5.5704349e-13
   2.8700000e+01   5.6076447e-13
   2.8733333e+01   5.2425941e-13
   2.8766667e+01   4.4983979e-13
   2.8800000e+01   5.3620804e-13
   2.8833333e+01   5.6639868e-13
   2.8866667e+01   5.7713863e-13
   2.8900000e+01   5.9003139e-13
   2.8933333e+01   5.2437851e-13
   2.8966667e+01   5.1733427e-13
   2.9000000e+01   5.3773438e-13
   2.9033333e+01   5.4164904e-13
   2.9066667e+01   5.3851551e-13
   2.9100000e+01   5.3598067e-13
   2.9133333e+01   5.2138471e-13
   2.9166667e+01   5.4382469e-13
   2.9200000e+01   5.2870954e-13
   2.9233333e+01   4.8023564e-13
   2.9266667e+01   4.9842183e-13
   2.9300000e+01   4.7971364e-13
   2.9333333e+01   6.0947020e-13
   2.9366667e+01   5.1597726e-13
   2.9400000e+01   4.4117857e-13
   2.9433333e+01   4.7682063e-13
   2.9466667e+01   4.6472943e-13
   2.9500000e+01   4.8143804e-13
   2.9533333e+01   4.6159693e-13
   2.9566667e+01   5.1146847e-13
   2.9600000e+01   4.7720821e-13
   2.9633333e+01   5.1871915e-13
   2.9666667e+01   4.6404067e-13
   2.9700000e+01   4.4906262e-13
   2.9733333e+01   4.4868784e-13
   2.9766667e+01   4.8398071e-13
   2.9800000e+01   5.1598430e-13
   2.9833333e+01   4.7797348e-13
   2.9866667e+01   5.3627513e-13
   2.9900000e+01   4.8537126e-13
   2.9933333e+01   6.9964418e-13
   2.9966667e+01   4.9363805e-12
   3.0000000e+01   9.4203242e-12
   3.0033333e+01   5.3485825e-12
   3.0066667e+01   7.7465151e-13
   3.0100000e+01   5.5482026e-13
   3.0133333e+01   5.0682338e-13
   3.0166667e+01   4.3524692e-13
   3.0200000e+01   5.0397059e-13
   3.0233333e+01   5.5180946e-13
   3.0266667e+01   4.6916504e-13
   3.0300000e+01   4.5659218e-13
   3.0333333e+01   5.1942801e-13
   3.0366667e+01   4.9683694e-13
   3.0400000e+01   4.7330313e-13
   3.0433333e+01   5.0770587e-13
   3.0466667e+01   4.8026433e-13
   3.0500000e+01   4.9187081e-13
   3.0533333e+01   4.5435645e-13
   3.0566667e+01   4.7126455e-13
   3.0600000e+01   4.4962118e-13
   3.0633333e+01   4.7374170e-13
   3.0666667e+01   4.3060960e-13
   3.0700000e+01   4.2839078e-13
   3.0733333e+01   4.3550080e-13
   3.0766667e+01   4.9502449e-13
   3.0800000e+01   4.9860714e-13
   3.0833333e+01   4.6878198e-13
   3.0866667e+01   4.3472290e-13
   3.0900000e+01   4.0984660e-13
   3.0933333e+01   4.4917244e-13
   3.0966667e+01   4.7722531e-13
   3.1000000e+01   5.1706056e-13
   3.1033333e+01   4.8819152e-13
   3.1066667e+01   4.7194982e-13
   3.1100000e+01   4.3933817e-13
   3.1133333e+01   4.5244321e-13
   3.1166667e+01   4.8988170e-13
   3.1200000e+01   4.5284597e-13
   3.1233333e+01   4.5526240e-13
   3.1266667e+01   4.6237649e-13
   3.1300000e+01   4.6104701e-13
   3.1333333e+01   4.6534597e-13
   3.1366667e+01   4.9862785e-13
   3.1400000e+01   4.7305656e-13
   3.1433333e+01   4.5579853e-13
   3.1466667e+01   4.6229167e-13
   3.1500000e+01   4.5446972e-13
   3.1533333e+01   4.4644115e-13
   3.1566667e+01   5.1146153e-13
   3.1600000e+01   4.9782877e-13
   3.1633333e+01   5.3049499e-13
   3.1666667e+01   5.4391196e-13
   3.1700000e+01   6.5376060e-13
   3.1733333e+01   6.8180134e-13
   3.1766667e+01   5.1080179e-13
   3.1800000e+01   5.3717727e-13
   3.1833333e+01   5.1643910e-13
   3.1866667e+01   5.3248554e-13
   3.1900000e+01   5.1198500e-13
   3.1933333e+01   4.9851116e-13
   3.1966667e+01   5.1379972e-13
   3.2000000e+01   5.8411456e-13
   3.2033333e+01   5.5321567e-13
   3.2066667e+01   4.6860201e-13
   3.2100000e+01   4.9519285e-13
   3.2133333e+01   5.4584062e-13
   3.2166667e+01   5.6880512e-13
   3.2200000e+01   5.6133540e-13
   3.2233333e+01   5.5994586e-13
   3.2266667e+01   4.8955384e-13
   3.2300000e+01   4.9670335e-13
   3.2333333e+01   5.3410631e-13
   3.2366667e+01   5.7380164e-13
   3.2400000e+01   5.5852163e-13
   3.2433333e+01   5.5004609e-13
   3.2466667e+01   5.1643473e-13
   3.2500000e+01   5.2240330e-13
   3.2533333e+01   5.3115782e-13
   3.2566667e+01   5.3425568e-13
   3.2600000e+01   4.8867351e-13
   3.2633333e+01   5.9023529e-13
   3.2666667e+01   5.0282414e-13
   3.2700000e+01   5.1687003e-13
   3.2733333e+01   5.1841770e-13
   3.2766667e+01   5.2078460e-13
   3.2800000e+01   5.9069509e-13
   3.2833333e+01   5.4570921e-13
   3.2866667e+01   4.9760001e-13
   3.2900000e+01   5.3108491e-13
   3.2933333e+01   4.8590910e-13
   3.2966667e+01   4.9148739e-13
   3.3000000e+01   5.3577894e-13
   3.3033333e+01   5.2465135e-13
   3.3066667e+01   5.4992872e-13
   3.3100000e+01   5.8243925e-13
   3.3133333e+01   5.7744791e-13
   3.3166667e+01   5.6495554e-13
   3.3200000e+01   5.9589381e-13
   3.3233333e+01   5.6058358e-13
   3.3266667e+01   5.9690487e-13
   3.3300000e+01   6.4031143e-13
   3.3333333e+01   5.9160762e-13
   3.3366667e+01   5.5682559e-13
   3.3400000e+01   5.7555794e-13
   3.3433333e+01   5.8128988e-13
   3.3466667e+01   5.8254400e-13
   3.3500000e+01   6.3490114e-13
   3.3533333e+01   5.5704614e-13
   3.3566667e+01   5.8483818e-13
   3.3600000e+01   5.2500509e-13
   3.3633333e+01   5.4831618e-13
   3.3666667e+01   5.5956412e-13
   3.3700000e+01   5.4963849e-13
   3.3733333e+01   5.9689032e-13
   3.3766667e+01   5.5865950e-13
   3.3800000e+01   5.4767607e-13
   3.3833333e+01   4.8563574e-13
   3.3866667e+01   5.6499620e-13
   3.3900000e+01   5.7404822e-13
   3.3933333e+01   5.6097815e-13
   3.3966667e+01   4.8782409e-13
   3.4000000e+01   5.5131489e-13
   3.4033333e+01   6.0721899e-13
   3.4066667e+01   5.2036814e-13
   3.4100000e+01   5.7817160e-13
   3.4133333e+01   5.3321980e-13
   3.4166667e+01   5.3041852e-13
   3.4200000e+01   5.3227171e-13
   3.4233333e+01   5.1208667e-13
   3.4266667e+01   4.9823765e-13
   3.4300000e+01   5.8513947e-13
   3.4333333e+01   5.2365714e-13
   3.4366667e+01   4.9732970e-13
   3.4400000e+01   4.9193458e-13
   3.4433333e+01   5.7683721e-13
   3.4466667e+01   5.6826526e-13
   3.4500000e+01   5.2950385e-13
   3.4533333e+01   5.4282376e-13
   3.4566667e+01   4.9324228e-13
   3.4600000e+01   5.6172237e-13
   3.4633333e+01   5.1674746e-13
   3.4666667e+01   5.2356884e-13
   3.4700000e+01   5.4176684e-13
   3.4733333e+01   5.6083859e-13
   3.4766667e+01   5.0033494e-13
   3.4800000e+01   5.0940506e-13
   3.4833333e+01   5.4145892e-13
   3.4866667e+01   5.1110345e-13
   3.4900000e+01   4.7899633e-13
   3.4933333e+01   4.6697429e-13
   3.4966667e+01   5.4524281e-13
   3.5000000e+01   5.5709925e-13
   3.5033333e+01   4.7577664e-13
   3.5066667e+01   4.6391797e-13
   3.5100000e+01   5.2088837e-13
   3.5133333e+01   5.5442869e-13
   3.5166667e+01   4.4631499e-13
   3.5200000e+01   4.9559010e-13
   3.5233333e+01   4.9488081e-13
   3.5266667e+01   4.7364031e-13
   3.5300000e+01   4.8806714e-13
   3.5333333e+01   4.5794617e-13
   3.5366667e+01   4.8669654e-13
   3.5400000e+01   4.8586995e-13
   3.5433333e+01   4.6936059e-13
   3.5466667e+01   4.6707203e-13
   3.5500000e+01   4.3619705e-13
   3.5533333e+01   4.8319677e-13
   3.5566667e+01   4.7760648e-13
   3.5600000e+01   3.9433185e-13
   3.5633333e+01   4.5024862e-13
   3.5666667e+01   4.5967124e-13
   3.5700000e+01   4.0532665e-13
   3.5733333e+01   4.5750828e-13
   3.5766667e+01   4.5969466e-13
   3.5800000e+01   4.2437278e-13
   3.5833333e+01   4.5373602e-13
   3.5866667e+01   4.5077452e-13
   3.5900000e+01   4.6675556e-13
   3.5933333e+01   4.3943201e-13
   3.5966667e+01   4.5215428e-13
   3.6000000e+01   4.4035725e-13
   3.6033333e+01   4.5811129e-13
   3.6066667e+01   4.1617047e-13
   3.6100000e+01   4.4948285e-13
   3.6133333e+01   4.5022705e-13
   3.6166667e+01   4.6084108e-13
   3.6200000e+01   4.7948300e-13
   3.6233333e+01   4.1999598e-13
   3.6266667e+01   3.9782908e-13
   3.6300000e+01   4.1455505e-13
   3.6333333e+01   4.0424554e-13
   3.6366667e+01   4.2069371e-13
   3.6400000e+01   3.9504481e-13
   3.6433333e+01   4.4454068e-13
   3.6466667e+01   5.2839471e-13
   3.6500000e+01   4.7169866e-13
   3.6533333e+01   4.0228385e-13
   3.6566667e+01   4.1210188e-13
   3.6600000e+01   4.1457349e-13
   3.6633333e+01   4.3406148e-13
   3.6666667e+01   4.1482805e-13
   3.6700000e+01   4.2437221e-13
   3.6733333e+01   4.1519748e-13
   3.6766667e+01   3.9487033e-13
   3.6800000e+01   3.9520715e-13
   3.6833333e+01   4.1854836e-13
   3.6866667e+01   4.3541874e-13
   3.6900000e+01   4.5436939e-13
   3.6933333e+01   4.0074953e-13
   3.6966667e+01   4.2199625e-13
   3.7000000e+01   4.3745622e-13
   3.7033333e+01   3.9140979e-13
   3.7066667e+01   4.4058798e-13
   3.7100000e+01   4.2908668e-13
   3.7133333e+01   4.1820885e-13
   3.7166667e+01   4.4745038e-13
   3.7200000e+01   4.0337498e-13
   3.7233333e+01   4.4095258e-13
   3.7266667e+01   4.4862629e-13
   3.7300000e+01   3.7661664e-13
   3.7333333e+01   4.2701889e-13
   3.7366667e+01   4.5348347e-13
   3.7400000e+01   4.5129985e-13
   3.7433333e+01   3.7657209e-13
   3.7466667e+01   4.3033634e-13
   3.7500000e+01   4.6291005e-13
   3.7533333e+01   4.7870750e-13
   3.7566667e+01   4.5668454e-13
   3.7600000e+01   4.2581105e-13
   3.7633333e+01   4.2384342e-13
   3.7666667e+01   4.4973479e-13
   3.7700000e+01   4.1747889e-13
   3.7733333e+01   4.3433885e-13
   3.7766667e+01   4.1485390e-13
   3.7800000e+01   4.3540295e-13
   3.7833333e+01   4.1205484e-13
   3.7866667e+01   3.8336185e-13
   3.7900000e+01   4.0514577e-13
   3.7933333e+01   4.1870463e-13
   3.7966667e+01   4.1941115e-13
   3.8000000e+01   4.2937166e-13
   3.8033333e+01   3.9089105e-13
   3.8066667e+01   4.2778129e-13
   3.8100000e+01   4.3061950e-13
   3.8133333e+01   4.4705147e-13
   3.8166667e+01   4.3699265e-13
   3.8200000e+01   4.2277404e-13
   3.8233333e+01   4.8119762e-13
   3.8266667e+01   5.2642403e-13
   3.8300000e+01   4.7512481e-13
   3.8333333e+01   4.4349741e-13
   3.8366667e+01   4.2836001e-13
   3.8400000e+01   4.5733999e-13
   3.8433333e+01   4.3506747e-13
   3.8466667e+01   4.7780798e-13
   3.8500000e+01   4.3980309e-13
   3.8533333e+01   4.0508496e-13
   3.8566667e+01   4.1942014e-13
   3.8600000e+01   5.0253041e-13
   3.8633333e+01   4.6179518e-13
   3.8666667e+01   4.2904597e-13
   3.8700000e+01   4.2581802e-13
   3.8733333e+01   4.5758480e-13
   3.8766667e+01   4.5811288e-13
   3.8800000e+01   4.7696372e-13
   3.8833333e+01   4.3639070e-13
   3.8866667e+01   4.5839541e-13
   3.8900000e+01   4.7291339e-13
   3.8933333e+01   4.7815321e-13
   3.8966667e+01   4.5895899e-13
   3.9000000e+01   4.7490606e-13
   3.9033333e+01   4.5193790e-13
   3.9066667e+01   4.7355863e-13
   3.9100000e+01   4.4542136e-13
   3.9133333e+01   4.7285974e-13
   3.9166667e+01   4.4952172e-13
   3.9200000e+01   4.6597486e-13
   3.9233333e+01   4.5287188e-13
   3.9266667e+01   4.4830719e-13
   3.9300000e+01   4.6030753e-13
   3.9333333e+01   4.6095507e-13
   3.9366667e+01   4.7975919e-13
   3.9400000e+01   4.6810188e-13
   3.9433333e+01   4.3606536e-13
   3.9466667e+01   4.9149653e-13
   3.9500000e+01   4.8203355e-13
   3.9533333e+01   4.9580544e-13
   3.9566667e+01   4.3643124e-13
   3.9600000e+01   4.4696695e-13
   3.9633333e+01   4.5568547e-13
   3.9666667e+01   4.8226989e-13
   3.9700000e+01   4.5188073e-13
   3.9733333e+01   4.5647717e-13
   3.9766667e+01   4.4862604e-13
   3.9800000e+01   5.0827175e-13
   3.9833333e+01   5.0796395e-13
   3.9866667e+01   4.6490674e-13
   3.9900000e+01   4.8925832e-13
   3.9933333e+01   4.7967002e-13
   3.9966667e+01   5.5580955e-13
   4.0000000e+01   6.2659879e-13
   4.0033333e+01   5.2263815e-13
   4.0066667e+01   4.4376191e-13
   4.0100000e+01   4.3045782e-13
   4.0133333e+01   4.7171470e-13
   4.0166667e+01   3.9365385e-13
   4.0200000e+01   4.8401522e-13
   4.0233333e+01   4.7551257e-13
   4.0266667e+01   4.2849644e-13
   4.0300000e+01   4.3515524e-13
   4.0333333e+01   4.4885268e-13
   4.0366667e+01   4.9499394e-13
   4.0400000e+01   4.9116049e-13
   4.0433333e+01   4.9708170e-13
   4.0466667e+01   4.7452592e-13
   4.0500000e+01   4.2932040e-13
   4.0533333e+01   4.3397148e-13
   4.0566667e+01   4.5655201e-13
   4.0600000e+01   4.9967968e-13
   4.0633333e+01   4.0765280e-13
   4.0666667e+01   4.3243196e-13
   4.0700000e+01   4.4751497e-13
   4.0733333e+01   4.5022592e-13
   4.0766667e+01   4.5547627e-13
   4.0800000e+01   4.4791914e-13
   4.0833333e+01   3.9789839e-13
   4.0866667e+01   5.0782287e-13
   4.0900000e+01   4.8823050e-13
   4.0933333e+01   4.3261366e-13
   4.0966667e+01   3.8516368e-13
   4.1000000e+01   3.9515014e-13
   4.1033333e+01   3.9749202e-13
   4.1066667e+01   4.0552397e-13
   4.1100000e+01   4.3741810e-13
   4.1133333e+01   4.3393988e-13
   4.1166667e+01   4.7282903e-13
   4.1200000e+01   4.6126158e-13
   4.1233333e+01   4.5969465e-13
   4.1266667e+01   4.6017418e-13
   4.1300000e+01   4.3462354e-13
   4.1333333e+01   4.7349072e-13
   4.1366667e+01   4.2213152e-13
   4.1400000e+01   4.5124057e-13
   4.1433333e+01   4.4808000e-13
   4.1466667e+01   4.2827817e-13
   4.1500000e+01   4.2459148e-13
   4.1533333e+01   4.3150764e-13
   4.1566667e+01   4.1820403e-13
   4.1600000e+01   4.7377539e-13
   4.1633333e+01   4.4548565e-13
   4.1666667e+01   4.6214719e-13
   4.1700000e+01   4.5708691e-13
   4.1733333e+01   4.3404552e-13
   4.1766667e+01   4.7604726e-13
   4.1800000e+01   4.3143706e-13
   4.1833333e+01   4.1069927e-13
   4.1866667e+01   3.9951689e-13
   4.1900000e+01   4.0368508e-13
   4.1933333e+01   4.4291318e-13
   4.1966667e+01   4.5154908e-13
   4.2000000e+01   4.1380444e-13
   4.2033333e+01   4.1625258e-13
   4.2066667e+01   4.1401243e-13
   4.2100000e+01   4.2794733e-13
   4.2133333e+01   4.2683017e-13
   4.2166667e+01   4.1724463e-13
   4.2200000e+01   4.2532725e-13
   4.2233333e+01   3.9962292e-13
   4.2266667e+01   4.2822626e-13
   4.2300000e+01   4.5076862e-13
   4.2333333e+01   4.2983453e-13
   4.2366667e+01   4.5216134e-13
   4.2400000e+01   4.3172181e-13
   4.2433333e+01   3.7558904e-13
   4.2466667e+01   4.2791191e-13
   4.2500000e+01   4.5334633e-13
   4.2533333e+01   4.1247773e-13
   4.2566667e+01   4.4070405e-13
   4.2600000e+01   4.2293733e-13
   4.2633333e+01   4.3022992e-13
   4.2666667e+01   4.2168144e-13
   4.2700000e+01   4.1737889e-13
   4.2733333e+01   4.0807796e-13
   4.2766667e+01   3.7184334e-13
   4.2800000e+01   4.0201833e-13
   4.2833333e+01   4.2681715e-13
   4.2866667e+01   4.1807665e-13
   4.2900000e+01   4.3222429e-13
   4.2933333e+01   4.0939659e-13
   4.2966667e+01   4.3323349e-13
   4.3000000e+01   4.8108762e-13
   4.3033333e+01   4.5458133e-13
   4.3066667e+01   4.2687817e-13
   4.3100000e+01   4.4825884e-13
   4.3133333e+01   4.1946653e-13
   4.3166667e+01   4.3336776e-13
   4.3200000e+01   4.1653624e-13
   4.3233333e+01   4.3366296e-13
   4.3266667e+01   4.5390456e-13
   4.3300000e+01   3.9470794e-13
   4.3333333e+01   4.5214270e-13
   4.3366667e+01   4.6368273e-13
   4.3400000e+01   4.5757052e-13
   4.3433333e+01   4.5454412e-13
   4.3466667e+01   4.6741991e-13
   4.3500000e+01   4.5225840e-13
   4.3533333e+01   4.7518008e-13
   4.3566667e+01   4.3260756e-13
   4.3600000e+01   4.5195498e-13
   4.3633333e+01   4.0704474e-13
   4.3666667e+01   4.2690390e-13
   4.3700000e+01   4.6573993e-13
   4.3733333e+01   4.3172448e-13
   4.3766667e+01   4.3450807e-13
   4.3800000e+01   4.4501542e-13
   4.3833333e+01   4.6080448e-13
   4.3866667e+01   3.9123355e-13
   4.3900000e+01   4.0598799e-13
   4.3933333e+01   4.0243786e-13
   4.3966667e+01   4.2874402e-13
   4.4000000e+01   4.0181685e-13
   4.4033333e+01   4.4949714e-13
   4.4066667e+01   4.3300615e-13
   4.4100000e+01   4.7589422e-13
   4.4133333e+01   4.6706101e-13
   4.4166667e+01   4.2795891e-13
   4.4200000e+01   4.0480301e-13
   4.4233333e+01   3.9108449e-13
   4.4266667e+01   4.5808703e-13
   4.4300000e+01   4.3435814e-13
   4.4333333e+01   4.6414089e-13
   4.4366667e+01   4.5987205e-13
   4.4400000e+01   4.1842412e-13
   4.4433333e+01   3.5408405e-13
   4.4466667e+01   4.2142526e-13
   4.4500000e+01   4.4026479e-13
   4.4533333e+01   4.4365381e-13
   4.4566667e+01   4.4311638e-13
   4.4600000e+01   4.5887961e-13
   4.4633333e+01   4.5212426e-13
   4.4666667e+01   4.2290732e-13
   4.4700000e+01   4.2403559e-13
   4.4733333e+01   4.2995286e-13
   4.4766667e+01   4.4186584e-13
   4.4800000e+01   4.2927021e-13
   4.4833333e+01   4.7670553e-13
   4.4866667e+01   4.4798781e-13
   4.4900000e+01   3.9989030e-13
   4.4933333e+01   4.4525893e-13
   4.4966667e+01   4.6026208e-13
   4.5000000e+01   4.5775718e-13
   4.5033333e+01   4.1579787e-13
   4.5066667e+01   4.6323227e-13
   4.5100000e+01   4.7957820e-13
   4.5133333e+01   4.4147215e-13
   4.5166667e+01   4.7250175e-13
   4.5200000e+01   4.5396812e-13
   4.5233333e+01   4.1550538e-13
   4.5266667e+01   4.4659158e-13
   4.5300000e+01   4.6307389e-13
   4.5333333e+01   4.7299662e-13
   4.5366667e+01   4.3500168e-13
   4.5400000e+01   4.3718241e-13
   4.5433333e+01   4.4716065e-13
   4.5466667e+01   4.7483829e-13
   4.5500000e+01   4.4386417e-13
   4.5533333e+01   4.2152773e-13
   4.5566667e+01   3.8316899e-13
   4.5600000e+01   4.2246197e-13
   4.5633333e+01   4.6350056e-13
   4.5666667e+01   4.6066980e-13
   4.5700000e+01   4.3138503e-13
   4.5733333e+01   4.5768876e-13
   4.5766667e+01   4.3850857e-13
   4.5800000e+01   4.3914719e-13
   4.5833333e+01   4.3615648e-13
   4.5866667e+01   4.3205321e-13
   4.5900000e+01   4.5154753e-13
   4.5933333e+01   5.0955779e-13
   4.5966667e+01   4.3202438e-13
   4.6000000e+01   4.8160863e-13
   4.6033333e+01   5.1380797e-13
   4.6066667e+01   4.5284506e-13
   4.6100000e+01   4.2673386e-13
   4.6133333e+01   4.0860626e-13
   4.6166667e+01   3.9856679e-13
   4.6200000e+01   4.2483475e-13
   4.6233333e+01   4.3767824e-13
   4.6266667e+01   4.9762343e-13
   4.6300000e+01   4.8921382e-13
   4.6333333e+01   4.4795989e-13
   4.6366667e+01   4.2305060e-13
   4.6400000e+01   4.3555782e-13
   4.6433333e+01   3.8933637e-13
   4.6466667e+01   4.4782472e-13
   4.6500000e+01   4.3502754e-13
   4.6533333e+01   4.7823959e-13
   4.6566667e+01   4.6403047e-13
   4.6600000e+01   4.3986296e-13
   4.6633333e+01   4.7662089e-13
   4.6666667e+01   4.5513660e-13
   4.6700000e+01   4.3755850e-13
   4.6733333e+01   4.7158156e-13
   4.6766667e+01   4.6833363e-13
   4.6800000e+01   4.9879071e-13
   4.6833333e+01   4.7495225e-13
   4.6866667e+01   3.9818728e-13
   4.6900000e+01   4.6512238e-13
   4.6933333e+01   5.1588079e-13
   4.6966667e+01   4.4523183e-13
   4.7000000e+01   4.4874055e-13
   4.7033333e+01   4.1060531e-13
   4.7066667e+01   4.2723836e-13
   4.7100000e+01   5.0875809e-13
   4.7133333e+01   4.4035597e-13
   4.7166667e+01   4.5727297e-13
   4.7200000e+01   4.2802627e-13
   4.7233333e+01   4.1963778e-13
   4.7266667e+01   4.1237850e-13
   4.7300000e+01   5.3050037e-13
   4.7333333e+01   4.3694087e-13
   4.7366667e+01   4.0938470e-13
   4.7400000e+01   4.7491366e-13
   4.7433333e+01   4.3552422e-13
   4.7466667e+01   4.9763916e-13
   4.7500000e+01   4.3491838e-13
   4.7533333e+01   4.5547781e-13
   4.7566667e+01   4.4508555e-13
   4.7600000e+01   4.6173989e-13
   4.7633333e+01   4.6064765e-13
   4.7666667e+01   4.6079994e-13
   4.7700000e+01   4.4438325e-13
   4.7733333e+01   4.2721239e-13
   4.7766667e+01   4.6194918e-13
   4.7800000e+01   4.6207375e-13
   4.7833333e+01   4.5481586e-13
   4.7866667e+01   4.1657571e-13
   4.7900000e+01   4.1358788e-13
   4.7933333e+01   4.3323642e-13
   4.7966667e+01   4.3396778e-13
   4.8000000e+01   4.2088481e-13
   4.8033333e+01   4.1209842e-13
   4.8066667e+01   3.9700937e-13
   4.8100000e+01   4.2781724e-13
   4.8133333e+01   4.4377944e-13
   4.8166667e+01   4.4511491e-13
   4.8200000e+01   4.5296106e-13
   4.8233333e+01   4.3918193e-13
   4.8266667e+01   3.8040519e-13
   4.8300000e+01   4.3214406e-13
   4.8333333e+01   4.6711793e-13
   4.8366667e+01   4.2619103e-13
   4.8400000e+01   4.6173345e-13
   4.8433333e+01   4.5236911e-13
   4.8466667e+01   4.6066331e-13
   4.8500000e+01   4.4822987e-13
   4.8533333e+01   4.4179837e-13
   4.8566667e+01   4.1338327e-13
   4.8600000e+01   4.1895310e-13
   4.8633333e+01   3.7869293e-13
   4.8666667e+01   3.9410090e-13
   4.8700000e+01   4.1006332e-13
   4.8733333e+01   4.0193457e-13
   4.8766667e+01   4.6776791e-13
   4.8800000e+01   4.3381581e-13
   4.8833333e+01   4.0588899e-13
   4.8866667e+01   4.2235877e-13
   4.8900000e+01   4.2490892e-13
   4.8933333e+01   3.9564728e-13
   4.8966667e+01   3.8974446e-13
   4.9000000e+01   3.9636182e-13
   4.9033333e+01   4.3778522e-13
   4.9066667e+01   4.3949902e-13
   4.9100000e+01   4.3712373e-13
   4.9133333e+01   4.5099958e-13
   4.9166667e+01   4.6701453e-13
   4.9200000e+01   4.8519158e-13
   4.9233333e+01   4.8357531e-13
   4.9266667e+01   4.7900446e-13
   4.9300000e+01   4.3316510e-13
   4.9333333e+01   4.5292244e-13
   4.9366667e+01   4.5112849e-13
   4.9400000e+01   4.2710971e-13
   4.9433333e+01   4.1707273e-13
   4.9466667e+01   4.3723514e-13
   4.9500000e+01   4.9141035e-13
   4.9533333e+01   4.2778179e-13
   4.9566667e+01   4.1307220e-13
   4.9600000e+01   4.8338976e-13
   4.9633333e+01   5.0652160e-13
   4.9666667e+01   5.8165413e-13
   4.9700000e+01   4.4432790e-13
   4.9733333e+01   3.8715714e-13
   4.9766667e+01   4.1931083e-13
   4.9800000e+01   3.8487863e-13
   4.9833333e+01   4.4402092e-13
   4.9866667e+01   4.5952968e-13
   4.9900000e+01   4.4916787e-13
   4.9933333e+01   8.3476517e-13
   4.9966667e+01   6.2740766e-11
   5.0000000e+01   1.2075883e-10
   5.0033333e+01   5.8203771e-11
   5.0066667e+01   1.1188137e-12
   5.0100000e+01   6.5434619e-13
   5.0133333e+01   5.6151038e-13
   5.0166667e+01   5.1520479e-13
   5.0200000e+01   4.4693485e-13
   5.0233333e+01   4.4700457e-13
   5.0266667e+01   4.3290364e-13
   5.0300000e+01   4.3055056e-13
   5.0333333e+01   4.5167056e-13
   5.0366667e+01   4.1684343e-13
   5.0400000e+01   4.2267919e-13
   5.0433333e+01   4.2007021e-13
   5.0466667e+01   3.9101296e-13
   5.0500000e+01   4.2569244e-13
   5.0533333e+01   4.5113791e-13
   5.0566667e+01   4.9150532e-13
   5.0600000e+01   5.0958881e-13
   5.0633333e+01   4.8449961e-13
   5.0666667e+01   4.2203716e-13
   5.0700000e+01   4.1391606e-13
   5.0733333e+01   4.9436246e-13
   5.0766667e+01   4.1128505e-13
   5.0800000e+01   4.0089825e-13
   5.0833333e+01   3.9526263e-13
   5.0866667e+01   4.0205901e-13
   5.0900000e+01   4.3289717e-13
   5.0933333e+01   4.5759857e-13
   5.0966667e+01   4.2821535e-13
   5.1000000e+01   4.5192746e-13
   5.1033333e+01   4.4323100e-13
   5.1066667e+01   3.9416131e-13
   5.1100000e+01   4.8263526e-13
   5.1133333e+01   4.7250983e-13
   5.1166667e+01   5.6946928e-13
   5.1200000e+01   4.6080898e-13
   5.1233333e+01   4.3479325e-13
   5.1266667e+01   4.5863040e-13
   5.1300000e+01   4.2065842e-13
   5.1333333e+01   4.3025488e-13
   5.1366667e+01   5.0200629e-13
   5.1400000e+01   4.5728464e-13
   5.1433333e+01   4.0885065e-13
   5.1466667e+01   4.8872808e-13
   5.1500000e+01   4.1487904e-13
   5.1533333e+01   4.2533904e-13
   5.1566667e+01   5.1114949e-13
   5.1600000e+01   5.1145048e-13
   5.1633333e+01   4.6500579e-13
   5.1666667e+01   4.4877818e-13
   5.1700000e+01   4.9944843e-13
   5.1733333e+01   4.6229196e-13
   5.1766667e+01   4.7841958e-13
   5.1800000e+01   4.9038677e-13
   5.1833333e+01   4.7774322e-13
   5.1866667e+01   4.5082100e-13
   5.1900000e+01   4.6076719e-13
   5.1933333e+01   4.8193409e-13
   5.1966667e+01   4.7423632e-13
   5.2000000e+01   4.3547836e-13
   5.2033333e+01   4.9142642e-13
   5.2066667e+01   5.1174532e-13
   5.2100000e+01   5.0589496e-13
   5.2133333e+01   4.4908403e-13
   5.2166667e+01   5.2002774e-13
   5.2200000e+01   4.7575833e-13
   5.2233333e+01   4.5420030e-13
   5.2266667e+01   4.5282150e-13
   5.2300000e+01   4.7698165e-13
   5.2333333e+01   5.2406085e-13
   5.2366667e+01   4.4733245e-13
   5.2400000e+01   4.9214888e-13
   5.2433333e+01   4.5232014e-13
   5.2466667e+01   4.3797654e-13
   5.2500000e+01   4.6845592e-13
   5.2533333e+01   4.8506162e-13
   5.2566667e+01   4.1916480e-13
   5.2600000e+01   4.9438440e-13
   5.2633333e+01   5.2674277e-13
   5.2666667e+01   5.1978176e-13
   5.2700000e+01   4.7726456e-13
   5.2733333e+01   4.4768802e-13
   5.2766667e+01   4.9480590e-13
   5.2800000e+01   5.1610959e-13
   5.2833333e+01   4.7408134e-13
   5.2866667e+01   4.8590480e-13
   5.2900000e+01   4.6998850e-13
   5.2933333e+01   4.7529861e-13
   5.2966667e+01   4.8334218e-13
   5.3000000e+01   5.2355897e-13
   5.3033333e+01   4.9181773e-13
   5.3066667e+01   4.5804103e-13
   5.3100000e+01   4.9526833e-13
   5.3133333e+01   4.7541114e-13
   5.3166667e+01   4.4652148e-13
   5.3200000e+01   4.3212000e-13
   5.3233333e+01   4.4498311e-13
   5.3266667e+01   4.5807937e-13
   5.3300000e+01   4.3629115e-13
   5.3333333e+01   4.7571727e-13
   5.3366667e+01   4.8621205e-13
   5.3400000e+01   4.8121272e-13
   5.3433333e+01   4.9615648e-13
   5.3466667e+01   4.5093952e-13
   5.3500000e+01   4.7781534e-13
   5.3533333e+01   5.4268712e-13
   5.3566667e+01   4.9326992e-13
   5.3600000e+01   5.1617836e-13
   5.3633333e+01   5.3126203e-13
   5.3666667e+01   4.1350802e-13
   5.3700000e+01   4.5820977e-13
   5.3733333e+01   4.3482293e-13
   5.3766667e+01   5.1451269e-13
   5.3800000e+01   4.9715298e-13
   5.3833333e+01   4.7928193e-13
   5.3866667e+01   4.7520744e-13
   5.3900000e+01   4.9393538e-13
   5.3933333e+01   5.1769531e-13
   5.3966667e+01   5.0519263e-13
   5.4000000e+01   5.0310737e-13
   5.4033333e+01   4.8425672e-13
   5.4066667e+01   5.0509182e-13
   5.4100000e+01   4.6819964e-13
   5.4133333e+01   5.0670938e-13
   5.4166667e+01   5.2798654e-13
   5.4200000e+01   4.5614597e-13
   5.4233333e+01   5.3463657e-13
   5.4266667e+01   4.9792531e-13
   5.4300000e+01   5.5903568e-13
   5.4333333e+01   5.6097360e-13
   5.4366667e+01   4.8187360e-13
   5.4400000e+01   4.9640284e-13
   5.4433333e+01   4.8067576e-13
   5.4466667e+01   4.9743991e-13
   5.4500000e+01   4.9140514e-13
   5.4533333e+01   5.1958195e-13
   5.4566667e+01   5.2960134e-13
   5.4600000e+01   4.4931445e-13
   5.4633333e+01   4.5565405e-13
   5.4666667e+01   5.1936938e-13
   5.4700000e+01   4.8015638e-13
   5.4733333e+01   4.4616150e-13
   5.4766667e+01   5.1858360e-13
   5.4800000e+01   5.0676002e-13
   5.4833333e+01   5.6890893e-13
   5.4866667e+01   5.1101967e-13
   5.4900000e+01   5.3293732e-13
   5.4933333e+01   5.9352515e-13
   5.4966667e+01   5.2000528e-13
   5.5000000e+01   5.3858991e-13
   5.5033333e+01   5.1559173e-13
   5.5066667e+01   5.2272090e-13
   5.5100000e+01   4.9085754e-13
   5.5133333e+01   5.4821185e-13
   5.5166667e+01   5.2305263e-13
   5.5200000e+01   5.3349470e-13
   5.5233333e+01   4.9024492e-13
   5.5266667e+01   5.3956149e-13
   5.5300000e+01   5.4592856e-13
   5.5333333e+01   4.9625291e-13
   5.5366667e+01   4.6917444e-13
   5.5400000e+01   5.0728713e-13
   5.5433333e+01   5.0909453e-13
   5.5466667e+01   4.8692781e-13
   5.5500000e+01   5.4118282e-13
   5.5533333e+01   5.4266414e-13
   5.5566667e+01   5.1183396e-13
   5.5600000e+01   5.4495156e-13
   5.5633333e+01   5.5986703e-13
   5.5666667e+01   5.3965271e-13
   5.5700000e+01   6.5015731e-13
   5.5733333e+01   5.7074870e-13
   5.5766667e+01   5.2907581e-13
   5.5800000e+01   5.4063723e-13
   5.5833333e+01   5.8837950e-13
   5.5866667e+01   5.4305618e-13
   5.5900000e+01   5.3797830e-13
   5.5933333e+01   5.1432221e-13
   5.5966667e+01   5.2126175e-13
   5.6000000e+01   5.4336768e-13
   5.6033333e+01   6.0808688e-13
   5.6066667e+01   5.8026682e-13
   5.6100000e+01   5.2268090e-13
   5.6133333e+01   5.2247711e-13
   5.6166667e+01   5.1389781e-13
   5.6200000e+01   6.0241927e-13
   5.6233333e+01   5.2773541e-13
   5.6266667e+01   5.0155564e-13
   5.6300000e+01   6.0476573e-13
   5.6333333e+01   5.7214542e-13
   5.6366667e+01   5.5628509e-13
   5.6400000e+01   6.2574538e-13
   5.6433333e+01   5.7386946e-13
   5.6466667e+01   6.2300602e-13
   5.6500000e+01   5.5667504e-13
   5.6533333e+01   6.2153741e-13
   5.6566667e+01   6.6400291e-13
   5.6600000e+01   6.4438261e-13
   5.6633333e+01   5.6676496e-13
   5.6666667e+01   5.5690152e-13
   5.6700000e+01   5.6108721e-13
   5.6733333e+01   5.6089149e-13
   5.6766667e+01   5.6594711e-13
   5.6800000e+01   6.1990108e-13
   5.6833333e+01   6.8919349e-13
   5.6866667e+01   6.9574984e-13
   5.6900000e+01   6.3674217e-13
   5.6933333e+01   6.8642905e-13
   5.6966667e+01   7.9444769e-13
   5.7000000e+01   7.7050388e-13
   5.7033333e+01   7.7640727e-13
   5.7066667e+01   7.7266089e-13
   5.7100000e+01   7.2309641e-13
   5.7133333e+01   7.3598634e-13
   5.7166667e+01   7.1792570e-13
   5.7200000e+01   9.0100148e-13
   5.7233333e+01   8.0317751e-13
   5.7266667e+01   8.1546947e-13
   5.7300000e+01   8.4264074e-13
   5.7333333e+01   1.0136500e-12
   5.7366667e+01   9.4400125e-13
   5.7400000e+01   8.8467389e-13
   5.7433333e+01   8.5889752e-13
   5.7466667e+01   9.0598123e-13
   5.7500000e+01   8.1776260e-13
   5.7533333e+01   8.1873571e-13
   5.7566667e+01   8.1956051e-13
   5.7600000e+01   8.8122860e-13
   5.7633333e+01   7.3080028e-13
   5.7666667e+01   7.0055700e-13
   5.7700000e+01   7.6810288e-13
   5.7733333e+01   7.9632012e-13
   5.7766667e+01   7.3545939e-13
   5.7800000e+01   7.3428985e-13
   5.7833333e+01   7.2596536e-13
   5.7866667e+01   7.4973160e-13
   5.7900000e+01   7.6752917e-13
   5.7933333e+01   8.0749866e-13
   5.7966667e+01   8.9197850e-13
   5.8000000e+01   8.4971781e-13
   5.8033333e+01   7.5757764e-13
   5.8066667e+01   7.9233510e-13
   5.8100000e+01   8.3856343e-13
   5.8133333e+01   8.2812464e-13
   5.8166667e+01   8.5999921e-13
   5.8200000e+01   9.9421723e-13
   5.8233333e+01   9.4928162e-13
   5.8266667e+01   9.6351534e-13
   5.8300000e+01   1.1394304e-12
   5.8333333e+01   1.0994440e-12
   5.8366667e+01   1.1872341e-12
   5.8400000e+01   1.4739157e-12
   5.8433333e+01   1.6809112e-12
   5.8466667e+01   1.6677760e-12
   5.8500000e+01   1.8910497e-12
   5.8533333e+01   1.6764446e-12
   5.8566667e+01   1.8580300e-12
   5.8600000e+01   2.2101509e-12
   5.8633333e+01   2.6719122e-12
   5.8666667e+01   2.6479068e-12
   5.8700000e+01   2.4791618e-12
   5.8733333e+01   2.3549624e-12
   5.8766667e+01   1.8170439e-12
   5.8800000e+01   2.1716225e-12
   5.8833333e+01   1.7908488e-12
   5.8866667e+01   1.8646101e-12
   5.8900000e+01   2.1033064e-12
   5.8933333e+01   2.0874672e-12
   5.8966667e+01   2.4322654e-12
   5.9000000e+01   2.4569375e-12
   5.9033333e+01   3.5761732e-12
   5.9066667e+01   3.9077465e-12
   5.9100000e+01   3.0644495e-12
   5.9133333e+01   2.7709027e-12
   5.9166667e+01   2.5185094e-12
   5.9200000e+01   2.7215016e-12
   5.9233333e+01   2.8261979e-12
   5.9266667e+01   2.4141970e-12
   5.9300000e+01   2.3411893e-12
   5.9333333e+01   2.4892610e-12
   5.9366667e+01   2.5675085e-12
   5.9400000e+01   2.6375988e-12
   5.9433333e+01   3.1465399e-12
   5.9466667e+01   2.8668333e-12
   5.9500000e+01   2.4717720e-12
   5.9533333e+01   3.0011597e-12
   5.9566667e+01   3.1169384e-12
   5.9600000e+01   3.4530119e-12
   5.9633333e+01   2.9633845e-12
   5.9666667e+01   3.4492571e-12
   5.9700000e+01   3.7861335e-12
   5.9733333e+01   3.7749950e-12
   5.9766667e+01   4.7086564e-12
   5.9800000e+01   6.7855974e-12
   5.9833333e+01   9.6528979e-12
   5.9866667e+01   1.8540507e-11
   5.9900000e+01   3.6202517e-11
   5.9933333e+01   1.1098681e-10
   5.9966667e+01   4.2509541e-10
   6.0000000e+01   2.0074203e+17
   6.0033333e+01   5.4371641e-10
   6.0066667e+01   1.1681275e-10
   6.0100000e+01   3.6157364e-11
   6.0133333e+01   1.8446069e-11
   6.0166667e+01   8.8788316e-12
   6.0200000e+01   6.7289168e-12
   6.0233333e+01   4.6313969e-12
   6.0266667e+01   3.7542210e-12
   6.0300000e+01   3.0783782e-12
   6.0333333e+01   2.9093552e-12
   6.0366667e+01   2.4606527e-12
   6.0400000e+01   2.3882509e-12
   6.0433333e+01   2.2714590e-12
   6.0466667e+01   1.9769616e-12
   6.0500000e+01   1.9281678e-12
   6.0533333e+01   1.7166834e-12
   6.0566667e+01   1.7741269e-12
   6.0600000e+01   1.5417450e-12
   6.0633333e+01   1.7134492e-12
   6.0666667e+01   1.6553189e-12
   6.0700000e+01   1.4646080e-12
   6.0733333e+01   1.5792490e-12
   6.0766667e+01   1.4398685e-12
   6.0800000e+01   1.4962309e-12
   6.0833333e+01   1.6998372e-12
   6.0866667e+01   1.7218032e-12
   6.0900000e+01   1.8208012e-12
   6.0933333e+01   1.9487036e-12
   6.0966667e+01   1.9613769e-12
   6.1000000e+01   2.0530919e-12
   6.1033333e+01   1.9765713e-12
   6.1066667e+01   1.7013002e-12
   6.1100000e+01   1.6454605e-12
   6.1133333e+01   1.6506036e-12
   6.1166667e+01   1.4683772e-12
   6.1200000e+01   1.7717795e-12
   6.1233333e+01   2.2599970e-12
   6.1266667e+01   2.1975324e-12
   6.1300000e+01   2.1971868e-12
   6.1333333e+01   2.2850717e-12
   6.1366667e+01   2.4234461e-12
   6.1400000e+01   2.2353033e-12
   6.1433333e+01   1.8616632e-12
   6.1466667e+01   1.7337039e-12
   6.1500000e+01   1.7749790e-12
   6.1533333e+01   1.9173385e-12
   6.1566667e+01   1.9961737e-12
   6.1600000e+01   1.6629444e-12
   6.1633333e+01   1.4717858e-12
   6.1666667e+01   1.1534941e-12
   6.1700000e+01   1.1968311e-12
   6.1733333e+01   1.0933946e-12
   6.1766667e+01   1.0979758e-12
   6.1800000e+01   9.4186513e-13
   6.1833333e+01   9.9812148e-13
   6.1866667e+01   9.6253651e-13
   6.1900000e+01   8.9895598e-13
   6.1933333e+01   9.7078040e-13
   6.1966667e+01   8.5769749e-13
   6.2000000e+01   8.3870231e-13
   6.2033333e+01   8.0251495e-13
   6.2066667e+01   8.2812282e-13
   6.2100000e+01   8.4271110e-13
   6.2133333e+01   7.5049300e-13
   6.2166667e+01   7.7848431e-13
   6.2200000e+01   7.7139763e-13
   6.2233333e+01   9.6261990e-13
   6.2266667e+01   8.9753434e-13
   6.2300000e+01   8.0763085e-13
   6.2333333e+01   9.3952848e-13
   6.2366667e+01   8.1944044e-13
   6.2400000e+01   9.0668406e-13
   6.2433333e+01   8.6992554e-13
   6.2466667e+01   8.7888948e-13
   6.2500000e+01   9.0299616e-13
   6.2533333e+01   9.9262410e-13
   6.2566667e+01   9.1757461e-13
   6.2600000e+01   9.5024472e-13
   6.2633333e+01   9.2782363e-13
   6.2666667e+01   1.0372667e-12
   6.2700000e+01   9.9559839e-13
   6.2733333e+01   9.5562925e-13
   6.2766667e+01   8.9004713e-13
   6.2800000e+01   9.7299549e-13
   6.2833333e+01   8.2322152e-13
   6.2866667e+01   9.4270103e-13
   6.2900000e+01   7.5514234e-13
   6.2933333e+01   7.2655323e-13
   6.2966667e+01   7.8190771e-13
   6.3000000e+01   8.4168020e-13
   6.3033333e+01   7.8998866e-13
   6.3066667e+01   7.7375040e-13
   6.3100000e+01   7.4188063e-13
   6.3133333e+01   6.3932118e-13
   6.3166667e+01   7.2754953e-13
   6.3200000e+01   6.2813371e-13
   6.3233333e+01   6.6163342e-13
   6.3266667e+01   6.2082647e-13
   6.3300000e+01   6.4918913e-13
   6.3333333e+01   7.0882606e-13
   6.3366667e+01   6.9083202e-13
   6.3400000e+01   6.9820388e-13
   6.3433333e+01   6.9462971e-13
   6.3466667e+01   7.0959169e-13
   6.3500000e+01   6.9563259e-13
   6.3533333e+01   7.1172547e-13
   6.3566667e+01   7.0713358e-13
   6.3600000e+01   7.4029827e-13
   6.3633333e+01   6.5532355e-13
   6.3666667e+01   6.1872352e-13
   6.3700000e+01   7.0820523e-13
   6.3733333e+01   6.6363276e-13
   6.3766667e+01   5.8513281e-13
   6.3800000e+01   6.8386646e-13
   6.3833333e+01   6.8838246e-13
   6.3866667e+01   5.9095801e-13
   6.3900000e+01   5.6692830e-13
   6.3933333e+01   5.7184692e-13
   6.3966667e+01   5.9021583e-13
   6.4000000e+01   5.2742265e-13
   6.4033333e+01   5.4462661e-13
   6.4066667e+01   5.4458746e-13
   6.4100000e+01   5.6188035e-13
   6.4133333e+01   5.7123510e-13
   6.4166667e+01   5.7791193e-13
   6.4200000e+01   6.4107825e-13
   6.4233333e+01   5.7585097e-13
   6.4266667e+01   5.4556166e-13
   6.4300000e+01   6.1398846e-13
   6.4333333e+01   5.8998458e-13
   6.4366667e+01   5.7887718e-13
   6.4400000e+01   6.2862454e-13
   6.4433333e+01   6.4317689e-13
   6.4466667e+01   6.3088944e-13
   6.4500000e+01   6.3787857e-13
   6.4533333e+01   5.9596844e-13
   6.4566667e+01   6.1240469e-13
   6.4600000e+01   5.9476341e-13
   6.4633333e+01   5.2212631e-13
   6.4666667e+01   4.7291665e-13
   6.4700000e+01   5.4386870e-13
   6.4733333e+01   5.3883401e-13
   6.4766667e+01   5.6828982e-13
   6.4800000e+01   6.0649183e-13
   6.4833333e+01   5.8148177e-13
   6.4866667e+01   5.4301272e-13
   6.4900000e+01   5.3417520e-13
   6.4933333e+01   5.7996335e-13
   6.4966667e+01   5.8058783e-13
   6.5000000e+01   6.3911508e-13
   6.5033333e+01   6.5065474e-13
   6.5066667e+01   5.9621703e-13
   6.5100000e+01   5.5320592e-13
   6.5133333e+01   5.1588584e-13
   6.5166667e+01   5.9883965e-13
   6.5200000e+01   6.0214371e-13
   6.5233333e+01   6.1382432e-13
   6.5266667e+01   5.9060105e-13
   6.5300000e+01   5.7748236e-13
   6.5333333e+01   5.8970845e-13
   6.5366667e+01   5.4981210e-13
   6.5400000e+01   5.1596262e-13
   6.5433333e+01   5.6228457e-13
   6.5466667e+01   5.3041059e-13
   6.5500000e+01   4.7738533e-13
   6.5533333e+01   5.1322845e-13
   6.5566667e+01   5.1290397e-13
   6.5600000e+01   5.2059608e-13
   6.5633333e+01   5.7066666e-13
   6.5666667e+01   4.6387224e-13
   6.5700000e+01   5.6334789e-13
   6.5733333e+01   5.7249092e-13
   6.5766667e+01   5.3312883e-13
   6.5800000e+01   5.7150168e-13
   6.5833333e+01   5.3760519e-13
   6.5866667e+01   5.2165720e-13
   6.5900000e+01   5.9946657e-13
   6.5933333e+01   5.3493496e-13
   6.5966667e+01   5.2518759e-13
   6.6000000e+01   5.1606725e-13
   6.6033333e+01   4.9098887e-13
   6.6066667e+01   5.1110920e-13
   6.6100000e+01   5.1360120e-13
   6.6133333e+01   4.6760087e-13
   6.6166667e+01   4.7945566e-13
   6.6200000e+01   4.9767566e-13
   6.6233333e+01   4.8253917e-13
   6.6266667e+01   4.9028354e-13
   6.6300000e+01   4.8115710e-13
   6.6333333e+01   4.4539947e-13
   6.6366667e+01   4.8049489e-13
   6.6400000e+01   4.9282636e-13
   6.6433333e+01   4.7948464e-13
   6.6466667e+01   4.7616647e-13
   6.6500000e+01   4.3350165e-13
   6.6533333e+01   4.3720654e-13
   6.6566667e+01   4.7806862e-13
   6.6600000e+01   5.0084280e-13
   6.6633333e+01   5.0515094e-13
   6.6666667e+01   3.9527211e-13
   6.6700000e+01   4.8155888e-13
   6.6733333e+01   4.3530225e-13
   6.6766667e+01   3.8864794e-13
   6.6800000e+01   4.7007784e-13
   6.6833333e+01   4.6383531e-13
   6.6866667e+01   4.6570499e-13
   6.6900000e+01   4.3554924e-13
   6.6933333e+01   4.5154708e-13
   6.6966667e+01   3.9965345e-13
   6.7000000e+01   4.2815946e-13
   6.7033333e+01   4.2553617e-13
   6.7066667e+01   4.1143335e-13
   6.7100000e+01   4.1823552e-13
   6.7133333e+01   4.1845878e-13
   6.7166667e+01   4.2683488e-13
   6.7200000e+01   4.5617261e-13
   6.7233333e+01   4.4665423e-13
   6.7266667e+01   4.3742240e-13
   6.7300000e+01   4.3244909e-13
   6.7333333e+01   4.5177235e-13
   6.7366667e+01   4.6055156e-13
   6.7400000e+01   4.2684731e-13
   6.7433333e+01   4.3716057e-13
   6.7466667e+01   4.4541500e-13
   6.7500000e+01   4.6509480e-13
   6.7533333e+01   4.9874953e-13
   6.7566667e+01   4.9814884e-13
   6.7600000e+01   3.8894284e-13
   6.7633333e+01   4.5340215e-13
   6.7666667e+01   4.4277254e-13
   6.7700000e+01   3.9907553e-13
   6.7733333e+01   4.1253094e-13
   6.7766667e+01   3.9156046e-13
   6.7800000e+01   3.8746112e-13
   6.7833333e+01   4.0446025e-13
   6.7866667e+01   4.0898840e-13
   6.7900000e+01   3.9543413e-13
   6.7933333e+01   3.8253757e-13
   6.7966667e+01   4.0127819e-13
   6.8000000e+01   4.5577968e-13
   6.8033333e+01   4.4252350e-13
   6.8066667e+01   4.0507650e-13
   6.8100000e+01   4.5172110e-13
   6.8133333e+01   4.4368208e-13
   6.8166667e+01   4.1757354e-13
   6.8200000e+01   3.9915529e-13
   6.8233333e+01   4.2641711e-13
   6.8266667e+01   4.1137791e-13
   6.8300000e+01   3.9391228e-13
   6.8333333e+01   4.1086485e-13
   6.8366667e+01   3.9080546e-13
   6.8400000e+01   4.1636979e-13
   6.8433333e+01   4.1732949e-13
   6.8466667e+01   3.8222748e-13
   6.8500000e+01   3.7745281e-13
   6.8533333e+01   3.6135374e-13
   6.8566667e+01   3.3791395e-13
   6.8600000e+01   3.5911934e-13
   6.8633333e+01   3.9603752e-13
   6.8666667e+01   3.9534491e-13
   6.8700000e+01   3.7660252e-13
   6.8733333e+01   3.7037370e-13
   6.8766667e+01   4.0657514e-13
   6.8800000e+01   4.0229862e-13
   6.8833333e+01   3.9988919e-13
   6.8866667e+01   4.2136202e-13
   6.8900000e+01   4.5426878e-13
   6.8933333e+01   4.1876143e-13
   6.8966667e+01   3.8025265e-13
   6.9000000e+01   4.0916364e-13
   6.9033333e+01   4.2527441e-13
   6.9066667e+01   4.3063767e-13
   6.9100000e+01   4.3170083e-13
   6.9133333e+01   4.2513477e-13
   6.9166667e+01   3.7981197e-13
   6.9200000e+01   4.2842258e-13
   6.9233333e+01   3.9987114e-13
   6.9266667e+01   4.0517549e-13
   6.9300000e+01   4.3949680e-13
   6.9333333e+01   3.6868109e-13
   6.9366667e+01   3.8379773e-13
   6.9400000e+01   3.7568638e-13
   6.9433333e+01   3.8341829e-13
   6.9466667e+01   3.8918747e-13
   6.9500000e+01   3.8254578e-13
   6.9533333e+01   3.1457231e-13
   6.9566667e+01   3.3442609e-13
   6.9600000e+01   3.3565545e-13
   6.9633333e+01   3.9241220e-13
   6.9666667e+01   3.9402791e-13
   6.9700000e+01   4.0292043e-13
   6.9733333e+01   3.2675184e-13
   6.9766667e+01   3.6275937e-13
   6.9800000e+01   3.5653635e-13
   6.9833333e+01   3.5239171e-13
   6.9866667e+01   3.3105553e-13
   6.9900000e+01   3.6954609e-13
   6.9933333e+01   3.7245256e-13
   6.9966667e+01   3.6183589e-13
   7.0000000e+01   3.3043895e-13