#Mirror displacement noise requirements in [m/sqrt(Hz). The mirror vibration levels have to be below these values in order to keep the contribution of these noises to DARM below the target sensitivity by the safety factor 10.
#freq, SAS Noise,ETMX,ETMY,ITMX,ITMY,BS,PRM,SRM
0.1,NaN,NaN,NaN,NaN,NaN,NaN,NaN,NaN
0.10139,NaN,NaN,NaN,NaN,NaN,NaN,NaN,NaN
0.1028,NaN,NaN,NaN,NaN,NaN,NaN,NaN,NaN
0.10424,NaN,NaN,NaN,NaN,NaN,NaN,NaN,NaN
0.10569,NaN,NaN,NaN,NaN,NaN,NaN,NaN,NaN
0.10716,NaN,NaN,NaN,NaN,NaN,NaN,NaN,NaN
0.10865,NaN,NaN,NaN,NaN,NaN,NaN,NaN,NaN
0.11016,NaN,NaN,NaN,NaN,NaN,NaN,NaN,NaN
0.1117,NaN,NaN,NaN,NaN,NaN,NaN,NaN,NaN
0.11325,NaN,NaN,NaN,NaN,NaN,NaN,NaN,NaN
0.11483,NaN,NaN,NaN,NaN,NaN,NaN,NaN,NaN
0.11643,NaN,NaN,NaN,NaN,NaN,NaN,NaN,NaN
0.11805,NaN,NaN,NaN,NaN,NaN,NaN,NaN,NaN
0.1197,NaN,NaN,NaN,NaN,NaN,NaN,NaN,NaN
0.12136,NaN,NaN,NaN,NaN,NaN,NaN,NaN,NaN
0.12305,NaN,NaN,NaN,NaN,NaN,NaN,NaN,NaN
0.12477,NaN,NaN,NaN,NaN,NaN,NaN,NaN,NaN
0.1265,NaN,NaN,NaN,NaN,NaN,NaN,NaN,NaN
0.12826,NaN,NaN,NaN,NaN,NaN,NaN,NaN,NaN
0.13005,NaN,NaN,NaN,NaN,NaN,NaN,NaN,NaN
0.13186,NaN,NaN,NaN,NaN,NaN,NaN,NaN,NaN
0.1337,NaN,NaN,NaN,NaN,NaN,NaN,NaN,NaN
0.13556,NaN,NaN,NaN,NaN,NaN,NaN,NaN,NaN
0.13745,NaN,NaN,NaN,NaN,NaN,NaN,NaN,NaN
0.13936,NaN,NaN,NaN,NaN,NaN,NaN,NaN,NaN
0.1413,NaN,NaN,NaN,NaN,NaN,NaN,NaN,NaN
0.14327,NaN,NaN,NaN,NaN,NaN,NaN,NaN,NaN
0.14527,NaN,NaN,NaN,NaN,NaN,NaN,NaN,NaN
0.14729,NaN,NaN,NaN,NaN,NaN,NaN,NaN,NaN
0.14934,NaN,NaN,NaN,NaN,NaN,NaN,NaN,NaN
0.15142,NaN,NaN,NaN,NaN,NaN,NaN,NaN,NaN
0.15353,NaN,NaN,NaN,NaN,NaN,NaN,NaN,NaN
0.15567,NaN,NaN,NaN,NaN,NaN,NaN,NaN,NaN
0.15783,NaN,NaN,NaN,NaN,NaN,NaN,NaN,NaN
0.16003,NaN,NaN,NaN,NaN,NaN,NaN,NaN,NaN
0.16226,NaN,NaN,NaN,NaN,NaN,NaN,NaN,NaN
0.16452,NaN,NaN,NaN,NaN,NaN,NaN,NaN,NaN
0.16681,NaN,NaN,NaN,NaN,NaN,NaN,NaN,NaN
0.16913,NaN,NaN,NaN,NaN,NaN,NaN,NaN,NaN
0.17149,NaN,NaN,NaN,NaN,NaN,NaN,NaN,NaN
0.17388,NaN,NaN,NaN,NaN,NaN,NaN,NaN,NaN
0.1763,NaN,NaN,NaN,NaN,NaN,NaN,NaN,NaN
0.17875,NaN,NaN,NaN,NaN,NaN,NaN,NaN,NaN
0.18124,NaN,NaN,NaN,NaN,NaN,NaN,NaN,NaN
0.18377,NaN,NaN,NaN,NaN,NaN,NaN,NaN,NaN
0.18632,NaN,NaN,NaN,NaN,NaN,NaN,NaN,NaN
0.18892,NaN,NaN,NaN,NaN,NaN,NaN,NaN,NaN
0.19155,NaN,NaN,NaN,NaN,NaN,NaN,NaN,NaN
0.19422,NaN,NaN,NaN,NaN,NaN,NaN,NaN,NaN
0.19692,NaN,NaN,NaN,NaN,NaN,NaN,NaN,NaN
0.19966,NaN,NaN,NaN,NaN,NaN,NaN,NaN,NaN
0.20244,NaN,NaN,NaN,NaN,NaN,NaN,NaN,NaN
0.20526,NaN,NaN,NaN,NaN,NaN,NaN,NaN,NaN
0.20812,NaN,NaN,NaN,NaN,NaN,NaN,NaN,NaN
0.21102,NaN,NaN,NaN,NaN,NaN,NaN,NaN,NaN
0.21396,NaN,NaN,NaN,NaN,NaN,NaN,NaN,NaN
0.21694,NaN,NaN,NaN,NaN,NaN,NaN,NaN,NaN
0.21996,NaN,NaN,NaN,NaN,NaN,NaN,NaN,NaN
0.22302,NaN,NaN,NaN,NaN,NaN,NaN,NaN,NaN
0.22613,NaN,NaN,NaN,NaN,NaN,NaN,NaN,NaN
0.22928,NaN,NaN,NaN,NaN,NaN,NaN,NaN,NaN
0.23247,NaN,NaN,NaN,NaN,NaN,NaN,NaN,NaN
0.23571,NaN,NaN,NaN,NaN,NaN,NaN,NaN,NaN
0.23899,NaN,NaN,NaN,NaN,NaN,NaN,NaN,NaN
0.24232,NaN,NaN,NaN,NaN,NaN,NaN,NaN,NaN
0.24569,NaN,NaN,NaN,NaN,NaN,NaN,NaN,NaN
0.24911,NaN,NaN,NaN,NaN,NaN,NaN,NaN,NaN
0.25258,NaN,NaN,NaN,NaN,NaN,NaN,NaN,NaN
0.2561,NaN,NaN,NaN,NaN,NaN,NaN,NaN,NaN
0.25967,NaN,NaN,NaN,NaN,NaN,NaN,NaN,NaN
0.26328,NaN,NaN,NaN,NaN,NaN,NaN,NaN,NaN
0.26695,NaN,NaN,NaN,NaN,NaN,NaN,NaN,NaN
0.27067,NaN,NaN,NaN,NaN,NaN,NaN,NaN,NaN
0.27443,NaN,NaN,NaN,NaN,NaN,NaN,NaN,NaN
0.27826,NaN,NaN,NaN,NaN,NaN,NaN,NaN,NaN
0.28213,NaN,NaN,NaN,NaN,NaN,NaN,NaN,NaN
0.28606,NaN,NaN,NaN,NaN,NaN,NaN,NaN,NaN
0.29004,NaN,NaN,NaN,NaN,NaN,NaN,NaN,NaN
0.29408,NaN,NaN,NaN,NaN,NaN,NaN,NaN,NaN
0.29818,NaN,NaN,NaN,NaN,NaN,NaN,NaN,NaN
0.30233,NaN,NaN,NaN,NaN,NaN,NaN,NaN,NaN
0.30654,NaN,NaN,NaN,NaN,NaN,NaN,NaN,NaN
0.31081,NaN,NaN,NaN,NaN,NaN,NaN,NaN,NaN
0.31514,NaN,NaN,NaN,NaN,NaN,NaN,NaN,NaN
0.31952,NaN,NaN,NaN,NaN,NaN,NaN,NaN,NaN
0.32397,NaN,NaN,NaN,NaN,NaN,NaN,NaN,NaN
0.32849,NaN,NaN,NaN,NaN,NaN,NaN,NaN,NaN
0.33306,NaN,NaN,NaN,NaN,NaN,NaN,NaN,NaN
0.3377,NaN,NaN,NaN,NaN,NaN,NaN,NaN,NaN
0.3424,NaN,NaN,NaN,NaN,NaN,NaN,NaN,NaN
0.34717,NaN,NaN,NaN,NaN,NaN,NaN,NaN,NaN
0.352,NaN,NaN,NaN,NaN,NaN,NaN,NaN,NaN
0.3569,NaN,NaN,NaN,NaN,NaN,NaN,NaN,NaN
0.36187,NaN,NaN,NaN,NaN,NaN,NaN,NaN,NaN
0.36691,NaN,NaN,NaN,NaN,NaN,NaN,NaN,NaN
0.37202,NaN,NaN,NaN,NaN,NaN,NaN,NaN,NaN
0.3772,NaN,NaN,NaN,NaN,NaN,NaN,NaN,NaN
0.38246,NaN,NaN,NaN,NaN,NaN,NaN,NaN,NaN
0.38778,NaN,NaN,NaN,NaN,NaN,NaN,NaN,NaN
0.39318,NaN,NaN,NaN,NaN,NaN,NaN,NaN,NaN
0.39866,NaN,NaN,NaN,NaN,NaN,NaN,NaN,NaN
0.40421,NaN,NaN,NaN,NaN,NaN,NaN,NaN,NaN
0.40984,NaN,NaN,NaN,NaN,NaN,NaN,NaN,NaN
0.41555,NaN,NaN,NaN,NaN,NaN,NaN,NaN,NaN
0.42133,NaN,NaN,NaN,NaN,NaN,NaN,NaN,NaN
0.4272,NaN,NaN,NaN,NaN,NaN,NaN,NaN,NaN
0.43315,NaN,NaN,NaN,NaN,NaN,NaN,NaN,NaN
0.43918,NaN,NaN,NaN,NaN,NaN,NaN,NaN,NaN
0.4453,NaN,NaN,NaN,NaN,NaN,NaN,NaN,NaN
0.4515,NaN,NaN,NaN,NaN,NaN,NaN,NaN,NaN
0.45778,NaN,NaN,NaN,NaN,NaN,NaN,NaN,NaN
0.46416,NaN,NaN,NaN,NaN,NaN,NaN,NaN,NaN
0.47062,NaN,NaN,NaN,NaN,NaN,NaN,NaN,NaN
0.47718,NaN,NaN,NaN,NaN,NaN,NaN,NaN,NaN
0.48382,NaN,NaN,NaN,NaN,NaN,NaN,NaN,NaN
0.49056,NaN,NaN,NaN,NaN,NaN,NaN,NaN,NaN
0.49739,NaN,NaN,NaN,NaN,NaN,NaN,NaN,NaN
0.50432,NaN,NaN,NaN,NaN,NaN,NaN,NaN,NaN
0.51134,NaN,NaN,NaN,NaN,NaN,NaN,NaN,NaN
0.51846,NaN,NaN,NaN,NaN,NaN,NaN,NaN,NaN
0.52568,NaN,NaN,NaN,NaN,NaN,NaN,NaN,NaN
0.533,NaN,NaN,NaN,NaN,NaN,NaN,NaN,NaN
0.54042,NaN,NaN,NaN,NaN,NaN,NaN,NaN,NaN
0.54795,NaN,NaN,NaN,NaN,NaN,NaN,NaN,NaN
0.55558,NaN,NaN,NaN,NaN,NaN,NaN,NaN,NaN
0.56331,NaN,NaN,NaN,NaN,NaN,NaN,NaN,NaN
0.57116,NaN,NaN,NaN,NaN,NaN,NaN,NaN,NaN
0.57911,NaN,NaN,NaN,NaN,NaN,NaN,NaN,NaN
0.58718,NaN,NaN,NaN,NaN,NaN,NaN,NaN,NaN
0.59535,NaN,NaN,NaN,NaN,NaN,NaN,NaN,NaN
0.60364,NaN,NaN,NaN,NaN,NaN,NaN,NaN,NaN
0.61205,NaN,NaN,NaN,NaN,NaN,NaN,NaN,NaN
0.62057,NaN,NaN,NaN,NaN,NaN,NaN,NaN,NaN
0.62921,NaN,NaN,NaN,NaN,NaN,NaN,NaN,NaN
0.63798,NaN,NaN,NaN,NaN,NaN,NaN,NaN,NaN
0.64686,NaN,NaN,NaN,NaN,NaN,NaN,NaN,NaN
0.65587,NaN,NaN,NaN,NaN,NaN,NaN,NaN,NaN
0.665,NaN,NaN,NaN,NaN,NaN,NaN,NaN,NaN
0.67426,NaN,NaN,NaN,NaN,NaN,NaN,NaN,NaN
0.68365,NaN,NaN,NaN,NaN,NaN,NaN,NaN,NaN
0.69317,NaN,NaN,NaN,NaN,NaN,NaN,NaN,NaN
0.70282,NaN,NaN,NaN,NaN,NaN,NaN,NaN,NaN
0.71261,NaN,NaN,NaN,NaN,NaN,NaN,NaN,NaN
0.72253,NaN,NaN,NaN,NaN,NaN,NaN,NaN,NaN
0.7326,NaN,NaN,NaN,NaN,NaN,NaN,NaN,NaN
0.7428,NaN,NaN,NaN,NaN,NaN,NaN,NaN,NaN
0.75314,NaN,NaN,NaN,NaN,NaN,NaN,NaN,NaN
0.76363,NaN,NaN,NaN,NaN,NaN,NaN,NaN,NaN
0.77426,NaN,NaN,NaN,NaN,NaN,NaN,NaN,NaN
0.78505,NaN,NaN,NaN,NaN,NaN,NaN,NaN,NaN
0.79598,NaN,NaN,NaN,NaN,NaN,NaN,NaN,NaN
0.80706,NaN,NaN,NaN,NaN,NaN,NaN,NaN,NaN
0.8183,NaN,NaN,NaN,NaN,NaN,NaN,NaN,NaN
0.8297,NaN,NaN,NaN,NaN,NaN,NaN,NaN,NaN
0.84125,NaN,NaN,NaN,NaN,NaN,NaN,NaN,NaN
0.85296,NaN,NaN,NaN,NaN,NaN,NaN,NaN,NaN
0.86484,NaN,NaN,NaN,NaN,NaN,NaN,NaN,NaN
0.87689,NaN,NaN,NaN,NaN,NaN,NaN,NaN,NaN
0.8891,NaN,NaN,NaN,NaN,NaN,NaN,NaN,NaN
0.90148,NaN,NaN,NaN,NaN,NaN,NaN,NaN,NaN
0.91403,NaN,NaN,NaN,NaN,NaN,NaN,NaN,NaN
0.92676,NaN,NaN,NaN,NaN,NaN,NaN,NaN,NaN
0.93966,NaN,NaN,NaN,NaN,NaN,NaN,NaN,NaN
0.95275,NaN,NaN,NaN,NaN,NaN,NaN,NaN,NaN
0.96602,NaN,NaN,NaN,NaN,NaN,NaN,NaN,NaN
0.97947,NaN,NaN,NaN,NaN,NaN,NaN,NaN,NaN
0.99311,NaN,NaN,NaN,NaN,NaN,NaN,NaN,NaN
1.0069,1.465e-14,4.6004e-12,4.2073e-12,4.1621e-12,1.4375e-12,1.5521e-12,4.8437e-10,1.0947e-12
1.021,2.4751e-14,7.7478e-12,7.1286e-12,8.0946e-12,2.5443e-12,2.8121e-12,8.6478e-10,1.9833e-12
1.0352,2.3954e-14,7.4771e-12,6.9169e-12,9.0619e-12,2.572e-12,2.9103e-12,8.8363e-10,2.0526e-12
1.0496,2.4449e-13,7.6124e-11,7.0764e-11,1.0771e-10,2.7351e-11,3.1687e-11,9.5138e-09,2.2348e-11
1.0642,3.3463e-14,1.0395e-11,9.706e-12,1.7323e-11,3.8909e-12,4.6157e-12,1.3723e-09,3.2555e-12
1.079,1.9008e-14,5.8925e-12,5.524e-12,1.1704e-11,2.2923e-12,2.7847e-12,8.2079e-10,1.9641e-12
1.0941,1.4067e-14,4.3527e-12,4.0954e-12,1.0473e-11,1.756e-12,2.1847e-12,6.3904e-10,1.5409e-12
1.1093,1.2205e-14,3.7701e-12,3.5592e-12,1.1241e-11,1.5743e-12,2.006e-12,5.828e-10,1.415e-12
1.1247,1.272e-14,3.9229e-12,3.7149e-12,1.4979e-11,1.6924e-12,2.209e-12,6.3792e-10,1.5582e-12
1.1404,1.7222e-14,5.3035e-12,5.0367e-12,2.7292e-11,2.3601e-12,3.1556e-12,9.0638e-10,2.2259e-12
1.1563,1.1823e-14,3.636e-12,3.4621e-12,2.754e-11,1.6663e-12,2.2825e-12,6.525e-10,1.6101e-12
1.1724,4.3538e-15,1.3373e-12,1.2764e-12,1.7963e-11,6.3028e-13,8.8454e-13,2.5179e-10,6.2399e-13
1.1887,2.3426e-15,7.187e-13,6.8756e-13,3.3739e-11,3.479e-13,5.0027e-13,1.4187e-10,3.5293e-13
1.2053,7.87e-15,2.4119e-12,2.3122e-12,8.3041e-11,1.1976e-12,1.7647e-12,4.9877e-10,1.245e-12
1.222,2.6529e-15,8.122e-13,7.8019e-13,1.0813e-11,4.1323e-13,6.24e-13,1.7584e-10,4.4025e-13
1.2391,3.3458e-14,1.0234e-11,9.8485e-12,8.6554e-11,5.3291e-12,8.2472e-12,2.3179e-09,5.819e-12
1.2563,1.6928e-15,5.1733e-13,4.9872e-13,3.2622e-12,2.7545e-13,4.3691e-13,1.2251e-10,3.0829e-13
1.2738,6.3768e-16,1.9471e-13,1.8801e-13,9.9149e-13,1.059e-13,1.7219e-13,4.8185e-11,1.215e-13
1.2915,3.824e-16,1.1667e-13,1.1283e-13,5.032e-13,6.4765e-14,1.0794e-13,3.0153e-11,7.6172e-14
1.3095,2.6628e-16,8.1186e-14,7.8624e-14,3.0612e-13,4.5957e-14,7.852e-14,2.1901e-11,5.5413e-14
1.3278,2.0108e-16,6.1263e-14,5.941e-14,2.0655e-13,3.5336e-14,6.1897e-14,1.7243e-11,4.3684e-14
1.3463,1.5874e-16,4.8333e-14,4.6931e-14,1.4817e-13,2.8385e-14,5.0977e-14,1.4185e-11,3.598e-14
1.365,1.2964e-16,3.9449e-14,3.8351e-14,1.114e-13,2.3572e-14,4.3407e-14,1.2068e-11,3.0639e-14
1.384,1.0789e-16,3.2811e-14,3.1934e-14,8.6227e-14,1.9934e-14,3.7641e-14,1.0458e-11,2.6571e-14
1.4033,9.1543e-17,2.7825e-14,2.711e-14,6.862e-14,1.7178e-14,3.3262e-14,9.2362e-12,2.3481e-14
1.4228,7.9027e-17,2.4008e-14,2.3415e-14,5.5943e-14,1.5051e-14,2.9889e-14,8.2964e-12,2.1101e-14
1.4426,6.9836e-17,2.1205e-14,2.0702e-14,4.6958e-14,1.3493e-14,2.748e-14,7.626e-12,1.9402e-14
1.4627,6.4009e-17,1.9427e-14,1.8984e-14,4.1083e-14,1.2539e-14,2.6192e-14,7.2681e-12,1.8494e-14
1.4831,6.5001e-17,1.9719e-14,1.9286e-14,3.999e-14,1.2904e-14,2.7647e-14,7.6723e-12,1.9523e-14
1.5038,1.4345e-16,4.35e-14,4.258e-14,8.4905e-14,2.8846e-14,6.3395e-14,1.7596e-11,4.477e-14
1.5247,8.5004e-17,2.5766e-14,2.5241e-14,4.8556e-14,1.7306e-14,3.9015e-14,1.0832e-11,2.7555e-14
1.5459,4.8386e-17,1.4661e-14,1.4373e-14,2.6749e-14,9.9691e-15,2.3057e-14,6.4041e-12,1.6285e-14
1.5675,4.0766e-17,1.2348e-14,1.2114e-14,2.1865e-14,8.4966e-15,2.016e-14,5.6025e-12,1.4241e-14
1.5893,3.7273e-17,1.1286e-14,1.108e-14,1.9439e-14,7.8554e-15,1.9123e-14,5.3177e-12,1.3509e-14
1.6114,3.5213e-17,1.0658e-14,1.0471e-14,1.7892e-14,7.5016e-15,1.8736e-14,5.2141e-12,1.3238e-14
1.6339,3.4064e-17,1.0307e-14,1.0132e-14,1.6892e-14,7.3326e-15,1.8792e-14,5.2339e-12,1.3278e-14
1.6566,3.3739e-17,1.0206e-14,1.0039e-14,1.6355e-14,7.3358e-15,1.9291e-14,5.3779e-12,1.3632e-14
1.6797,3.4362e-17,1.0391e-14,1.0227e-14,1.6307e-14,7.5441e-15,2.0357e-14,5.681e-12,1.4387e-14
1.7031,3.6316e-17,1.0979e-14,1.0811e-14,1.6893e-14,8.0483e-15,2.2286e-14,6.2264e-12,1.5752e-14
1.7268,4.0756e-17,1.2318e-14,1.2137e-14,1.8607e-14,9.1148e-15,2.5902e-14,7.2453e-12,1.8309e-14
1.7508,5.0277e-17,1.5192e-14,1.4976e-14,2.2552e-14,1.1343e-14,3.3081e-14,9.2655e-12,2.3387e-14
1.7752,7.5628e-17,2.2847e-14,2.2532e-14,3.3364e-14,1.7208e-14,5.1507e-14,1.4446e-11,3.6417e-14
1.7999,4.3446e-16,1.3121e-13,1.2947e-13,1.8868e-13,9.967e-14,3.0619e-13,8.6005e-11,2.1651e-13
1.825,1.45e-16,4.3785e-14,4.3222e-14,6.2044e-14,3.3532e-14,1.0573e-13,2.9744e-11,7.4771e-14
1.8504,4.4998e-17,1.3584e-14,1.3416e-14,1.8985e-14,1.0486e-14,3.3937e-14,9.5631e-12,2.4003e-14
1.8762,2.4047e-17,7.258e-15,7.1708e-15,1.0011e-14,5.6457e-15,1.8755e-14,5.2941e-12,1.3267e-14
1.9023,1.5261e-17,4.6052e-15,4.5516e-15,6.2735e-15,3.6088e-15,1.2306e-14,3.48e-12,8.7064e-15
1.9288,1.0524e-17,3.175e-15,3.1393e-15,4.2744e-15,2.506e-15,8.7723e-15,2.4854e-12,6.207e-15
1.9557,7.6305e-18,2.3014e-15,2.2763e-15,3.0636e-15,1.8291e-15,6.5729e-15,1.8659e-12,4.6514e-15
1.9829,5.7221e-18,1.7252e-15,1.707e-15,2.2721e-15,1.3804e-15,5.0925e-15,1.4486e-12,3.6043e-15
2.0105,4.397e-18,1.3249e-15,1.3114e-15,1.7273e-15,1.0671e-15,4.0414e-15,1.1521e-12,2.8608e-15
2.0385,3.4422e-18,1.0362e-15,1.026e-15,1.3379e-15,8.3988e-16,3.2656e-15,9.33e-13,2.312e-15
2.0669,2.7532e-18,8.2725e-16,8.1935e-16,1.0582e-15,6.7462e-16,2.693e-15,7.7118e-13,1.9069e-15
2.0957,2.2307e-18,6.6738e-16,6.612e-16,8.4622e-16,5.4748e-16,2.2439e-15,6.441e-13,1.5891e-15
2.1248,1.8267e-18,5.4129e-16,5.3644e-16,6.8057e-16,4.4661e-16,1.8794e-15,5.408e-13,1.3312e-15
2.1544,1.5097e-18,4.422e-16,4.3836e-16,5.5151e-16,3.6689e-16,1.5852e-15,4.5732e-13,1.123e-15
2.1844,1.258e-18,3.6917e-16,3.6606e-16,4.5688e-16,3.0796e-16,1.3662e-15,3.9518e-13,9.6806e-16
2.2149,1.0563e-18,3.1235e-16,3.098e-16,3.8372e-16,2.6193e-16,1.1932e-15,3.4607e-13,8.4559e-16
2.2457,8.9596e-19,2.6636e-16,2.6426e-16,3.2492e-16,2.245e-16,1.0501e-15,3.0544e-13,7.4436e-16
2.277,7.6707e-19,2.2876e-16,2.2701e-16,2.7717e-16,1.9377e-16,9.307e-16,2.7149e-13,6.5982e-16
2.3087,6.6079e-19,1.9744e-16,1.9598e-16,2.3767e-16,1.6804e-16,8.2882e-16,2.4249e-13,5.877e-16
2.3408,5.7261e-19,1.713e-16,1.7007e-16,2.0492e-16,1.4647e-16,7.4186e-16,2.1772e-13,5.2615e-16
2.3734,4.9902e-19,1.4941e-16,1.4837e-16,1.7767e-16,1.2833e-16,6.6746e-16,1.9651e-13,4.7348e-16
2.4065,4.3728e-19,1.31e-16,1.3011e-16,1.5488e-16,1.1301e-16,6.0361e-16,1.783e-13,4.2828e-16
2.44,3.8543e-19,1.1552e-16,1.1476e-16,1.3582e-16,1.0007e-16,5.4894e-16,1.627e-13,3.8957e-16
2.474,3.4257e-19,1.0271e-16,1.0206e-16,1.2013e-16,8.9345e-17,5.033e-16,1.4969e-13,3.5726e-16
2.5084,3.0586e-19,9.1729e-17,9.1163e-17,1.0674e-16,8.0112e-17,4.6347e-16,1.3834e-13,3.2906e-16
2.5433,2.7425e-19,8.227e-17,8.1778e-17,9.5262e-17,7.2129e-17,4.2855e-16,1.2839e-13,3.0434e-16
2.5788,2.4692e-19,7.4084e-17,7.3655e-17,8.5379e-17,6.5197e-17,3.9783e-16,1.1964e-13,2.8259e-16
2.6147,2.2316e-19,6.6968e-17,6.6591e-17,7.6828e-17,5.915e-17,3.7068e-16,1.1191e-13,2.6337e-16
2.6511,2.0242e-19,6.0752e-17,6.0421e-17,6.9393e-17,5.385e-17,3.466e-16,1.0506e-13,2.4632e-16
2.688,1.8451e-19,5.5385e-17,5.5092e-17,6.2996e-17,4.9261e-17,3.2564e-16,9.9117e-14,2.3149e-16
2.7254,1.6876e-19,5.0662e-17,5.0402e-17,5.7391e-17,4.5212e-17,3.0696e-16,9.3829e-14,2.1827e-16
2.7634,1.5476e-19,4.6464e-17,4.6233e-17,5.243e-17,4.16e-17,2.9009e-16,8.906e-14,2.0633e-16
2.8019,1.4227e-19,4.2719e-17,4.2512e-17,4.8021e-17,3.8366e-17,2.7479e-16,8.4744e-14,1.955e-16
2.8409,1.3109e-19,3.9367e-17,3.9182e-17,4.4093e-17,3.5464e-17,2.6089e-16,8.083e-14,1.8566e-16
2.8804,1.211e-19,3.6367e-17,3.6202e-17,4.0591e-17,3.2859e-17,2.4828e-16,7.7291e-14,1.7674e-16
2.9206,1.1234e-19,3.3742e-17,3.3593e-17,3.7533e-17,3.0575e-17,2.3728e-16,7.4231e-14,1.6897e-16
2.9612,1.09e-19,3.2742e-17,3.2601e-17,3.6302e-17,2.9752e-17,2.3716e-16,7.4567e-14,1.6893e-16
3.0025,9.9876e-20,3.0002e-17,2.9877e-17,3.3159e-17,2.7336e-17,2.2381e-16,7.0737e-14,1.5948e-16
3.0443,8.9989e-20,2.7032e-17,2.6923e-17,2.9785e-17,2.4695e-17,2.0768e-16,6.5989e-14,1.4803e-16
3.0867,8.3514e-20,2.5088e-17,2.4989e-17,2.7562e-17,2.2978e-17,1.9848e-16,6.3415e-14,1.4152e-16
3.1296,7.7748e-20,2.3357e-17,2.3268e-17,2.5587e-17,2.1445e-17,1.9027e-16,6.1137e-14,1.3572e-16
3.1732,7.2486e-20,2.1777e-17,2.1696e-17,2.3791e-17,2.0043e-17,1.8266e-16,5.9033e-14,1.3034e-16
3.2174,6.7679e-20,2.0333e-17,2.026e-17,2.2155e-17,1.8758e-17,1.756e-16,5.709e-14,1.2534e-16
3.2622,6.3244e-20,1.9002e-17,1.8935e-17,2.0651e-17,1.757e-17,1.6894e-16,5.5265e-14,1.2064e-16
3.3076,5.9144e-20,1.777e-17,1.771e-17,1.9265e-17,1.6468e-17,1.6264e-16,5.3543e-14,1.1618e-16
3.3537,5.5346e-20,1.663e-17,1.6575e-17,1.7985e-17,1.5444e-17,1.5667e-16,5.1916e-14,1.1197e-16
3.4004,5.1823e-20,1.5572e-17,1.5522e-17,1.6802e-17,1.4492e-17,1.5101e-16,5.0375e-14,1.0796e-16
3.4478,4.8552e-20,1.4589e-17,1.4544e-17,1.5706e-17,1.3605e-17,1.4562e-16,4.8915e-14,1.0415e-16
3.4958,4.5515e-20,1.3677e-17,1.3636e-17,1.4692e-17,1.2779e-17,1.405e-16,4.7533e-14,1.0054e-16
3.5445,4.269e-20,1.2829e-17,1.2791e-17,1.3752e-17,1.201e-17,1.3563e-16,4.6221e-14,9.7092e-17
3.5938,4.0058e-20,1.2038e-17,1.2004e-17,1.2878e-17,1.129e-17,1.3097e-16,4.4972e-14,9.38e-17
3.6439,3.7602e-20,1.13e-17,1.1269e-17,1.2065e-17,1.0618e-17,1.2651e-16,4.3781e-14,9.0652e-17
3.6946,3.5309e-20,1.0612e-17,1.0583e-17,1.1309e-17,9.9884e-18,1.2224e-16,4.2646e-14,8.7637e-17
3.7461,3.3168e-20,9.9684e-18,9.9424e-18,1.0603e-17,9.399e-18,1.1816e-16,4.1562e-14,8.4748e-17
3.7982,3.1167e-20,9.3673e-18,9.3436e-18,9.9463e-18,8.8469e-18,1.1424e-16,4.0527e-14,8.1978e-17
3.8511,2.9297e-20,8.8056e-18,8.7839e-18,9.3337e-18,8.3299e-18,1.1048e-16,3.9541e-14,7.9325e-17
3.9047,2.7546e-20,8.2798e-18,8.26e-18,8.7617e-18,7.8448e-18,1.0687e-16,3.8598e-14,7.6775e-17
3.9591,2.5907e-20,7.7875e-18,7.7694e-18,8.2273e-18,7.3896e-18,1.034e-16,3.7697e-14,7.4324e-17
4.0142,2.4371e-20,7.3262e-18,7.3097e-18,7.7278e-18,6.9622e-18,1.0007e-16,3.6835e-14,7.1967e-17
4.0701,2.2932e-20,6.8939e-18,6.8787e-18,7.2607e-18,6.5607e-18,9.6854e-17,3.6012e-14,6.9698e-17
4.1268,2.1582e-20,6.4885e-18,6.4747e-18,6.8236e-18,6.1836e-18,9.3763e-17,3.5224e-14,6.7514e-17
4.1843,2.0317e-20,6.1084e-18,6.0957e-18,6.4147e-18,5.8293e-18,9.0787e-17,3.4473e-14,6.5412e-17
4.2426,1.9129e-20,5.7518e-18,5.7402e-18,6.0318e-18,5.4962e-18,8.7919e-17,3.3757e-14,6.3386e-17
4.3016,1.8015e-20,5.417e-18,5.4064e-18,5.6731e-18,5.1829e-18,8.5155e-17,3.3072e-14,6.1433e-17
4.3615,1.6968e-20,5.1026e-18,5.0929e-18,5.3369e-18,4.8883e-18,8.2489e-17,3.2421e-14,5.955e-17
4.4223,1.5985e-20,4.8073e-18,4.7985e-18,5.0217e-18,4.611e-18,7.9916e-17,3.18e-14,5.7733e-17
4.4839,1.5061e-20,4.5299e-18,4.5218e-18,4.7261e-18,4.35e-18,7.7434e-17,3.1211e-14,5.5979e-17
4.5463,1.4193e-20,4.2692e-18,4.2618e-18,4.4488e-18,4.1044e-18,7.5038e-17,3.0652e-14,5.4286e-17
4.6096,1.3377e-20,4.0242e-18,4.0174e-18,4.1887e-18,3.8732e-18,7.2725e-17,3.0124e-14,5.2652e-17
4.6738,1.261e-20,3.7938e-18,3.7876e-18,3.9445e-18,3.6554e-18,7.0491e-17,2.9626e-14,5.1074e-17
4.7389,1.1888e-20,3.5772e-18,3.5715e-18,3.7152e-18,3.4503e-18,6.8332e-17,2.9159e-14,4.9549e-17
4.8049,1.121e-20,3.3734e-18,3.3681e-18,3.4998e-18,3.257e-18,6.6246e-17,2.8724e-14,4.8075e-17
4.8718,1.0571e-20,3.1816e-18,3.1768e-18,3.2975e-18,3.075e-18,6.423e-17,2.8322e-14,4.6651e-17
4.9396,9.9702e-21,3.0012e-18,2.9968e-18,3.1074e-18,2.9034e-18,6.2282e-17,2.7954e-14,4.5274e-17
5.0084,9.4046e-21,2.8314e-18,2.8273e-18,2.9288e-18,2.7417e-18,6.0397e-17,2.7622e-14,4.3943e-17
5.0782,8.8722e-21,2.6715e-18,2.6678e-18,2.7608e-18,2.5893e-18,5.8575e-17,2.7329e-14,4.2655e-17
5.1489,8.3709e-21,2.521e-18,2.5176e-18,2.6029e-18,2.4456e-18,5.6812e-17,2.708e-14,4.141e-17
5.2206,7.8988e-21,2.3793e-18,2.3762e-18,2.4544e-18,2.3101e-18,5.5107e-17,2.6879e-14,4.0205e-17
5.2933,7.4542e-21,2.2458e-18,2.2429e-18,2.3147e-18,2.1823e-18,5.3457e-17,2.6733e-14,3.904e-17
5.367,7.0353e-21,2.12e-18,2.1174e-18,2.1833e-18,2.0618e-18,5.186e-17,2.6654e-14,3.7912e-17
5.4417,6.6407e-21,2.0016e-18,1.9992e-18,2.0597e-18,1.9481e-18,5.0315e-17,2.6653e-14,3.682e-17
5.5175,6.2689e-21,1.8899e-18,1.8877e-18,1.9433e-18,1.8409e-18,4.8819e-17,2.6751e-14,3.5763e-17
5.5943,5.9185e-21,1.7848e-18,1.7827e-18,1.8337e-18,1.7397e-18,4.7371e-17,2.6976e-14,3.4741e-17
5.6722,5.5882e-21,1.6856e-18,1.6837e-18,1.7306e-18,1.6443e-18,4.5969e-17,2.7369e-14,3.375e-17
5.7512,5.2769e-21,1.5922e-18,1.5904e-18,1.6335e-18,1.5543e-18,4.4611e-17,2.7994e-14,3.2791e-17
5.8313,4.9834e-21,1.5041e-18,1.5025e-18,1.542e-18,1.4693e-18,4.3296e-17,2.8953e-14,3.1863e-17
5.9125,4.7066e-21,1.421e-18,1.4195e-18,1.4559e-18,1.389e-18,4.2021e-17,3.042e-14,3.0963e-17
5.9948,4.4457e-21,1.3426e-18,1.3413e-18,1.3747e-18,1.3133e-18,4.0786e-17,3.2713e-14,3.0092e-17
6.0783,4.1996e-21,1.2688e-18,1.2675e-18,1.2982e-18,1.2418e-18,3.9588e-17,3.647e-14,2.9248e-17
6.163,3.9675e-21,1.199e-18,1.1979e-18,1.2261e-18,1.1743e-18,3.8427e-17,4.3176e-14,2.843e-17
6.2488,3.7485e-21,1.1332e-18,1.1322e-18,1.1581e-18,1.1105e-18,3.7299e-17,5.717e-14,2.7637e-17
6.3358,3.5419e-21,1.0711e-18,1.0701e-18,1.094e-18,1.0502e-18,3.6203e-17,9.7931e-14,2.6868e-17
6.424,3.347e-21,1.0124e-18,1.0115e-18,1.0334e-18,9.9326e-19,3.5139e-17,2.9479e-13,2.6122e-17
6.5135,3.1632e-21,9.5692e-19,9.5612e-19,9.7627e-19,9.3938e-19,3.4107e-17,8.6517e-14,2.5398e-17
6.6042,2.9896e-21,9.0456e-19,9.0383e-19,9.2237e-19,8.8847e-19,3.3108e-17,4.2666e-14,2.4697e-17
6.6962,2.8259e-21,8.5518e-19,8.545e-19,8.7156e-19,8.404e-19,3.2143e-17,2.8392e-14,2.4017e-17
6.7894,2.6713e-21,8.0863e-19,8.0801e-19,8.237e-19,7.9506e-19,3.1213e-17,2.1887e-14,2.3359e-17
6.884,2.5254e-21,7.6475e-19,7.6418e-19,7.7863e-19,7.5229e-19,3.0315e-17,1.8412e-14,2.2723e-17
6.9798,2.3877e-21,7.2338e-19,7.2285e-19,7.3616e-19,7.1193e-19,2.9447e-17,1.6352e-14,2.2106e-17
7.077,2.2577e-21,6.8436e-19,6.8387e-19,6.9613e-19,6.7384e-19,2.8607e-17,1.5019e-14,2.1509e-17
7.1756,2.135e-21,6.4753e-19,6.4709e-19,6.5838e-19,6.3787e-19,2.7792e-17,1.4084e-14,2.093e-17
7.2755,2.0191e-21,6.1277e-19,6.1236e-19,6.2276e-19,6.0389e-19,2.7003e-17,1.3375e-14,2.0369e-17
7.3768,1.9096e-21,5.7995e-19,5.7958e-19,5.8916e-19,5.7179e-19,2.6237e-17,1.2798e-14,1.9826e-17
7.4795,1.8063e-21,5.4896e-19,5.4862e-19,5.5745e-19,5.4146e-19,2.5494e-17,1.2299e-14,1.9299e-17
7.5837,1.7087e-21,5.1969e-19,5.1937e-19,5.2752e-19,5.128e-19,2.4774e-17,1.1847e-14,1.8788e-17
7.6893,1.6165e-21,4.9205e-19,4.9175e-19,4.9926e-19,4.8571e-19,2.4076e-17,1.1424e-14,1.8294e-17
7.7964,1.5294e-21,4.6593e-19,4.6566e-19,4.7258e-19,4.6011e-19,2.3398e-17,1.1018e-14,1.7814e-17
7.9049,1.4472e-21,4.4126e-19,4.4101e-19,4.4739e-19,4.359e-19,2.2742e-17,1.0622e-14,1.7349e-17
8.015,1.3695e-21,4.1795e-19,4.1772e-19,4.2361e-19,4.1303e-19,2.2105e-17,1.0233e-14,1.6898e-17
8.1266,1.2961e-21,3.9592e-19,3.9571e-19,4.0115e-19,3.914e-19,2.1487e-17,9.848e-15,1.6462e-17
8.2398,1.2267e-21,3.7511e-19,3.7492e-19,3.7993e-19,3.7095e-19,2.0889e-17,9.467e-15,1.6038e-17
8.3545,1.1612e-21,3.5544e-19,3.5526e-19,3.599e-19,3.5162e-19,2.0308e-17,9.0899e-15,1.5628e-17
8.4709,1.0992e-21,3.3686e-19,3.3669e-19,3.4097e-19,3.3334e-19,1.9746e-17,8.7171e-15,1.5231e-17
8.5888,1.0407e-21,3.1929e-19,3.1914e-19,3.2309e-19,3.1606e-19,1.92e-17,8.3494e-15,1.4845e-17
8.7084,9.8542e-22,3.0269e-19,3.0255e-19,3.062e-19,2.9972e-19,1.8672e-17,7.9878e-15,1.4472e-17
8.8297,9.3316e-22,2.87e-19,2.8687e-19,2.9024e-19,2.8427e-19,1.8159e-17,7.6335e-15,1.411e-17
8.9527,8.8376e-22,2.7217e-19,2.7205e-19,2.7516e-19,2.6965e-19,1.7662e-17,7.2873e-15,1.376e-17
9.0773,8.3707e-22,2.5814e-19,2.5803e-19,2.6091e-19,2.5583e-19,1.7181e-17,6.9503e-15,1.342e-17
9.2037,7.9294e-22,2.4489e-19,2.4478e-19,2.4745e-19,2.4276e-19,1.6714e-17,6.6232e-15,1.3091e-17
9.3319,7.5122e-22,2.3235e-19,2.3226e-19,2.3472e-19,2.304e-19,1.6262e-17,6.3069e-15,1.2772e-17
9.4618,7.1178e-22,2.205e-19,2.2041e-19,2.2269e-19,2.187e-19,1.5824e-17,6.0018e-15,1.2464e-17
9.5936,6.745e-22,2.0929e-19,2.0921e-19,2.1132e-19,2.0764e-19,1.5399e-17,5.7083e-15,1.2165e-17
9.7272,6.3925e-22,1.987e-19,1.9862e-19,2.0057e-19,1.9717e-19,1.4988e-17,5.4269e-15,1.1875e-17
9.8627,6.0592e-22,1.8867e-19,1.886e-19,1.9041e-19,1.8727e-19,1.4589e-17,5.1575e-15,1.1595e-17
10,5.7441e-22,1.7919e-19,1.7913e-19,1.8081e-19,1.779e-19,1.4203e-17,4.9004e-15,1.1324e-17
10.139,5.4462e-22,1.7023e-19,1.7017e-19,1.7172e-19,1.6904e-19,1.3829e-17,4.6553e-15,1.1061e-17
10.28,5.1645e-22,1.6175e-19,1.617e-19,1.6313e-19,1.6066e-19,1.3467e-17,4.4222e-15,1.0807e-17
10.424,4.8982e-22,1.5373e-19,1.5368e-19,1.5501e-19,1.5272e-19,1.3116e-17,4.2008e-15,1.0562e-17
10.569,4.6463e-22,1.4614e-19,1.461e-19,1.4733e-19,1.4522e-19,1.2777e-17,3.9909e-15,1.0324e-17
10.716,4.4082e-22,1.3897e-19,1.3892e-19,1.4007e-19,1.3811e-19,1.2448e-17,3.7921e-15,1.0095e-17
10.865,4.183e-22,1.3218e-19,1.3214e-19,1.332e-19,1.3139e-19,1.213e-17,3.604e-15,9.8725e-18
11.016,3.9702e-22,1.2575e-19,1.2572e-19,1.2671e-19,1.2503e-19,1.1823e-17,3.4263e-15,9.6582e-18
11.17,3.769e-22,1.1968e-19,1.1965e-19,1.2056e-19,1.1901e-19,1.1525e-17,3.2586e-15,9.4512e-18
11.325,3.5788e-22,1.1394e-19,1.139e-19,1.1476e-19,1.1332e-19,1.1238e-17,3.1004e-15,9.2515e-18
11.483,3.399e-22,1.085e-19,1.0847e-19,1.0926e-19,1.0794e-19,1.096e-17,2.9513e-15,9.0591e-18
11.643,3.2292e-22,1.0336e-19,1.0334e-19,1.0407e-19,1.0284e-19,1.0692e-17,2.811e-15,8.8737e-18
11.805,3.0688e-22,9.8506e-20,9.8481e-20,9.9167e-20,9.8026e-20,1.0434e-17,2.679e-15,8.6954e-18
11.97,2.9174e-22,9.3916e-20,9.3893e-20,9.4531e-20,9.3473e-20,1.0184e-17,2.5548e-15,8.5242e-18
12.136,2.7745e-22,8.958e-20,8.9559e-20,9.0153e-20,8.9172e-20,9.9447e-18,2.4383e-15,8.3602e-18
12.305,2.6398e-22,8.5487e-20,8.5467e-20,8.6021e-20,8.511e-20,9.7144e-18,2.329e-15,8.2033e-18
12.477,2.513e-22,8.1626e-20,8.1608e-20,8.2125e-20,8.1279e-20,9.4938e-18,2.2266e-15,8.0539e-18
12.65,2.3949e-22,7.8022e-20,7.8005e-20,7.8487e-20,7.7701e-20,9.2869e-18,2.1318e-15,7.9154e-18
12.826,2.283e-22,7.4601e-20,7.4585e-20,7.5035e-20,7.4304e-20,9.0865e-18,2.0424e-15,7.7819e-18
13.005,2.1782e-22,7.1389e-20,7.1374e-20,7.1796e-20,7.1115e-20,8.8968e-18,1.9593e-15,7.657e-18
13.186,2.081e-22,6.8398e-20,6.8384e-20,6.8779e-20,6.8144e-20,8.7206e-18,1.8826e-15,7.5431e-18
13.37,1.9913e-22,6.5624e-20,6.5611e-20,6.5981e-20,6.5389e-20,8.5588e-18,1.8123e-15,7.4413e-18
13.556,1.9094e-22,6.3073e-20,6.3061e-20,6.3409e-20,6.2855e-20,8.414e-18,1.7485e-15,7.3538e-18
13.745,1.836e-22,6.0764e-20,6.0753e-20,6.108e-20,6.0562e-20,8.2899e-18,1.6917e-15,7.2844e-18
13.936,1.7722e-22,5.8726e-20,5.8715e-20,5.9025e-20,5.8537e-20,8.1928e-18,1.6428e-15,7.2387e-18
14.13,1.72e-22,5.7013e-20,5.7003e-20,5.7296e-20,5.6836e-20,8.1324e-18,1.6034e-15,7.2257e-18
14.327,1.6829e-22,5.5716e-20,5.5706e-20,5.5987e-20,5.555e-20,8.1249e-18,1.5761e-15,7.2604e-18
14.527,1.6667e-22,5.4999e-20,5.499e-20,5.5261e-20,5.4841e-20,8.1984e-18,1.5658e-15,7.3692e-18
14.729,1.6825e-22,5.5168e-20,5.5159e-20,5.5424e-20,5.5015e-20,8.4051e-18,1.5815e-15,7.6002e-18
14.934,1.7518e-22,5.6835e-20,5.6826e-20,5.7093e-20,5.6683e-20,8.8489e-18,1.6416e-15,8.0506e-18
15.142,1.9215e-22,6.1363e-20,6.1353e-20,6.1636e-20,6.1205e-20,9.7623e-18,1.7868e-15,8.9371e-18
15.353,2.3123e-22,7.2319e-20,7.2308e-20,7.2634e-20,7.2141e-20,1.1755e-17,2.1241e-15,1.083e-17
15.567,3.343e-22,1.0224e-19,1.0223e-19,1.0268e-19,1.02e-19,1.6976e-17,3.0309e-15,1.5743e-17
15.783,8.1715e-22,2.4592e-19,2.4589e-19,2.4695e-19,2.4536e-19,4.1705e-17,7.3624e-15,3.8933e-17
16.003,1.374e-21,4.1265e-19,4.1259e-19,4.1434e-19,4.1175e-19,7.1467e-17,1.2484e-14,6.7171e-17
16.226,3.6463e-22,1.109e-19,1.1089e-19,1.1135e-19,1.1067e-19,1.9613e-17,3.3924e-15,1.8562e-17
16.452,2.1899e-22,6.8046e-20,6.8037e-20,6.8313e-20,6.7909e-20,1.2286e-17,2.1059e-15,1.171e-17
16.681,1.6259e-22,5.1729e-20,5.1722e-20,5.1928e-20,5.1629e-20,9.5339e-18,1.6206e-15,9.1528e-18
16.913,1.3309e-22,4.329e-20,4.3285e-20,4.3453e-20,4.321e-20,8.1434e-18,1.3738e-15,7.8758e-18
17.149,1.1488e-22,3.8107e-20,3.8102e-20,3.8247e-20,3.8039e-20,7.3152e-18,1.2258e-15,7.1281e-18
17.388,1.0234e-22,3.453e-20,3.4526e-20,3.4655e-20,3.4472e-20,6.7635e-18,1.1265e-15,6.6413e-18
17.63,9.3013e-23,3.1849e-20,3.1845e-20,3.1962e-20,3.1797e-20,6.3642e-18,1.0544e-15,6.2982e-18
17.875,8.5657e-23,2.9714e-20,2.971e-20,2.9817e-20,2.9668e-20,6.0564e-18,9.9889e-16,6.0417e-18
18.124,7.9594e-23,2.7934e-20,2.7931e-20,2.8029e-20,2.7892e-20,5.8067e-18,9.5411e-16,5.8399e-18
18.377,7.4439e-23,2.6402e-20,2.64e-20,2.6491e-20,2.6365e-20,5.5965e-18,9.168e-16,5.6754e-18
18.632,6.9947e-23,2.5052e-20,2.505e-20,2.5134e-20,2.5019e-20,5.4141e-18,8.849e-16,5.537e-18
18.892,6.596e-23,2.3841e-20,2.3838e-20,2.3917e-20,2.381e-20,5.252e-18,8.571e-16,5.4177e-18
19.155,6.2372e-23,2.2738e-20,2.2736e-20,2.281e-20,2.271e-20,5.1053e-18,8.325e-16,5.3129e-18
19.422,5.9109e-23,2.1725e-20,2.1723e-20,2.1792e-20,2.17e-20,4.9706e-18,8.1049e-16,5.2193e-18
19.692,5.6115e-23,2.0787e-20,2.0785e-20,2.085e-20,2.0764e-20,4.8456e-18,7.9062e-16,5.1347e-18
19.966,5.3351e-23,1.9913e-20,1.9911e-20,1.9972e-20,1.9892e-20,4.7285e-18,7.7257e-16,5.0574e-18
20.244,5.0788e-23,1.9094e-20,1.9093e-20,1.915e-20,1.9076e-20,4.6181e-18,7.5608e-16,4.9863e-18
20.526,4.8401e-23,1.8326e-20,1.8324e-20,1.8378e-20,1.8309e-20,4.5134e-18,7.4097e-16,4.9205e-18
20.812,4.6174e-23,1.7602e-20,1.7601e-20,1.7652e-20,1.7587e-20,4.4138e-18,7.2711e-16,4.8595e-18
21.102,4.4092e-23,1.692e-20,1.6918e-20,1.6967e-20,1.6906e-20,4.3189e-18,7.1438e-16,4.8027e-18
21.396,4.2149e-23,1.6276e-20,1.6275e-20,1.632e-20,1.6263e-20,4.2284e-18,7.0274e-16,4.7503e-18
21.694,4.0341e-23,1.567e-20,1.5669e-20,1.5712e-20,1.5659e-20,4.1426e-18,6.922e-16,4.7024e-18
21.996,3.8677e-23,1.5103e-20,1.5102e-20,1.5143e-20,1.5093e-20,4.0623e-18,6.8287e-16,4.6601e-18
22.302,3.7193e-23,1.4584e-20,1.4583e-20,1.4621e-20,1.4574e-20,3.9901e-18,6.7518e-16,4.6267e-18
22.613,3.6005e-23,1.4137e-20,1.4136e-20,1.4173e-20,1.4129e-20,3.9338e-18,6.7048e-16,4.6114e-18
22.928,3.5544e-23,1.3862e-20,1.3861e-20,1.3897e-20,1.3854e-20,3.9222e-18,6.7375e-16,4.6492e-18
23.247,3.9363e-23,1.4609e-20,1.4608e-20,1.4645e-20,1.4601e-20,4.2023e-18,7.2794e-16,5.0378e-18
23.571,1.3684e-22,4.1892e-20,4.1889e-20,4.1994e-20,4.1873e-20,1.2249e-17,2.1409e-15,1.4854e-17
23.899,1.1407e-22,3.5168e-20,3.5166e-20,3.5252e-20,3.5153e-20,1.045e-17,1.8439e-15,1.2821e-17
24.232,3.5647e-23,1.3281e-20,1.328e-20,1.3312e-20,1.3276e-20,4.01e-18,7.1468e-16,4.9785e-18
24.569,3.0007e-23,1.1813e-20,1.1812e-20,1.184e-20,1.1809e-20,3.6234e-18,6.5263e-16,4.5531e-18
24.911,2.7646e-23,1.1134e-20,1.1133e-20,1.1159e-20,1.1131e-20,3.4687e-18,6.3172e-16,4.4124e-18
25.258,2.6063e-23,1.0638e-20,1.0637e-20,1.0662e-20,1.0635e-20,3.3655e-18,6.2004e-16,4.3346e-18
25.61,2.4783e-23,1.0214e-20,1.0214e-20,1.0237e-20,1.0212e-20,3.2809e-18,6.1179e-16,4.2794e-18
25.967,2.3664e-23,9.8306e-21,9.8301e-21,9.8519e-21,9.8286e-21,3.2054e-18,6.0523e-16,4.2348e-18
26.328,2.2647e-23,9.4736e-21,9.4731e-21,9.4939e-21,9.472e-21,3.135e-18,5.9968e-16,4.1961e-18
26.695,2.1708e-23,9.1377e-21,9.1373e-21,9.157e-21,9.1365e-21,3.0684e-18,5.9487e-16,4.1615e-18
27.067,2.0836e-23,8.8203e-21,8.8198e-21,8.8386e-21,8.8193e-21,3.0048e-18,5.9067e-16,4.1302e-18
27.443,1.998e-23,8.5102e-21,8.5098e-21,8.5277e-21,8.5096e-21,2.9406e-18,5.864e-16,4.0974e-18
27.826,1.9206e-23,8.2214e-21,8.221e-21,8.238e-21,8.221e-21,2.881e-18,5.8302e-16,4.07e-18
28.213,1.8462e-23,7.9427e-21,7.9423e-21,7.9585e-21,7.9425e-21,2.822e-18,5.7981e-16,4.043e-18
28.606,1.7753e-23,7.6749e-21,7.6746e-21,7.69e-21,7.675e-21,2.7644e-18,5.7686e-16,4.0169e-18
29.004,1.7077e-23,7.4177e-21,7.4174e-21,7.4321e-21,7.418e-21,2.7079e-18,5.7414e-16,3.9918e-18
29.408,1.6435e-23,7.1708e-21,7.1705e-21,7.1845e-21,7.1713e-21,2.6526e-18,5.7169e-16,3.9678e-18
29.818,1.5821e-23,6.9332e-21,6.9329e-21,6.9463e-21,6.9339e-21,2.5984e-18,5.6944e-16,3.9446e-18
30.233,1.5235e-23,6.7045e-21,6.7043e-21,6.7171e-21,6.7053e-21,2.5453e-18,5.674e-16,3.9221e-18
30.654,1.4674e-23,6.4844e-21,6.4841e-21,6.4963e-21,6.4853e-21,2.4931e-18,5.6554e-16,3.9003e-18
31.081,1.4138e-23,6.2723e-21,6.2721e-21,6.2837e-21,6.2734e-21,2.4418e-18,5.6385e-16,3.8792e-18
31.514,1.3625e-23,6.068e-21,6.0678e-21,6.0789e-21,6.0692e-21,2.3915e-18,5.6234e-16,3.8588e-18
31.952,1.3135e-23,5.8713e-21,5.8711e-21,5.8817e-21,5.8726e-21,2.3421e-18,5.6101e-16,3.8391e-18
32.397,1.2666e-23,5.6818e-21,5.6816e-21,5.6917e-21,5.6831e-21,2.2936e-18,5.5984e-16,3.82e-18
32.849,1.2217e-23,5.499e-21,5.4988e-21,5.5085e-21,5.5004e-21,2.246e-18,5.5883e-16,3.8015e-18
33.306,1.1787e-23,5.3228e-21,5.3226e-21,5.3319e-21,5.3243e-21,2.1992e-18,5.5797e-16,3.7835e-18
33.77,1.1375e-23,5.1529e-21,5.1527e-21,5.1616e-21,5.1544e-21,2.1533e-18,5.5725e-16,3.7662e-18
34.24,1.098e-23,4.989e-21,4.9889e-21,4.9974e-21,4.9906e-21,2.1082e-18,5.5668e-16,3.7493e-18
34.717,1.0601e-23,4.831e-21,4.8309e-21,4.8391e-21,4.8327e-21,2.064e-18,5.5625e-16,3.7331e-18
35.2,1.0239e-23,4.6787e-21,4.6786e-21,4.6864e-21,4.6804e-21,2.0206e-18,5.5598e-16,3.7175e-18
35.69,9.8915e-24,4.5318e-21,4.5316e-21,4.5391e-21,4.5335e-21,1.9779e-18,5.5585e-16,3.7024e-18
36.187,9.5583e-24,4.39e-21,4.3899e-21,4.3971e-21,4.3918e-21,1.9361e-18,5.5586e-16,3.6879e-18
36.691,9.2389e-24,4.2533e-21,4.2532e-21,4.2601e-21,4.2551e-21,1.8952e-18,5.5602e-16,3.674e-18
37.202,8.9327e-24,4.1215e-21,4.1214e-21,4.128e-21,4.1233e-21,1.855e-18,5.5632e-16,3.6607e-18
37.72,8.6392e-24,3.9944e-21,3.9943e-21,4.0006e-21,3.9961e-21,1.8156e-18,5.5678e-16,3.648e-18
38.246,8.358e-24,3.8718e-21,3.8717e-21,3.8778e-21,3.8736e-21,1.777e-18,5.574e-16,3.6359e-18
38.778,8.0887e-24,3.7537e-21,3.7536e-21,3.7595e-21,3.7555e-21,1.7393e-18,5.5819e-16,3.6246e-18
39.318,7.8309e-24,3.6399e-21,3.6398e-21,3.6454e-21,3.6417e-21,1.7024e-18,5.5915e-16,3.614e-18
39.866,7.5843e-24,3.5303e-21,3.5303e-21,3.5356e-21,3.5321e-21,1.6664e-18,5.603e-16,3.6043e-18
40.421,7.3491e-24,3.4249e-21,3.4249e-21,3.43e-21,3.4267e-21,1.6313e-18,5.6166e-16,3.5955e-18
40.984,7.1253e-24,3.3237e-21,3.3236e-21,3.3286e-21,3.3254e-21,1.5971e-18,5.6327e-16,3.5878e-18
41.555,6.9135e-24,3.2266e-21,3.2266e-21,3.2314e-21,3.2284e-21,1.564e-18,5.6515e-16,3.5815e-18
42.133,6.7151e-24,3.1341e-21,3.134e-21,3.1386e-21,3.1358e-21,1.5321e-18,5.674e-16,3.5771e-18
42.72,6.5327e-24,3.0463e-21,3.0463e-21,3.0507e-21,3.0481e-21,1.5017e-18,5.7015e-16,3.5753e-18
43.315,6.3712e-24,2.9644e-21,2.9644e-21,2.9686e-21,2.9661e-21,1.4733e-18,5.7362e-16,3.5776e-18
43.918,6.2407e-24,2.8902e-21,2.8902e-21,2.8943e-21,2.892e-21,1.448e-18,5.783e-16,3.5867e-18
44.53,6.1636e-24,2.8282e-21,2.8281e-21,2.8321e-21,2.8299e-21,1.428e-18,5.852e-16,3.609e-18
45.15,6.1949e-24,2.7893e-21,2.7892e-21,2.7932e-21,2.791e-21,1.4193e-18,5.9694e-16,3.66e-18
45.778,6.505e-24,2.8098e-21,2.8097e-21,2.8137e-21,2.8115e-21,1.4405e-18,6.2201e-16,3.7912e-18
46.416,7.7144e-24,3.035e-21,3.0349e-21,3.0391e-21,3.0369e-21,1.5675e-18,6.9507e-16,4.211e-18
47.062,1.3884e-23,4.5795e-21,4.5794e-21,4.5857e-21,4.5824e-21,2.3824e-18,1.0852e-15,6.5338e-18
47.718,8.253e-23,2.4828e-20,2.4828e-20,2.4862e-20,2.4844e-20,1.3009e-17,6.0882e-15,3.6427e-17
48.382,1.146e-23,3.8825e-21,3.8825e-21,3.8877e-21,3.8851e-21,2.0484e-18,9.8533e-16,5.8575e-18
49.056,7.5371e-24,2.8661e-21,2.8661e-21,2.87e-21,2.8681e-21,1.5225e-18,7.5292e-16,4.4466e-18
49.739,6.2728e-24,2.5481e-21,2.5481e-21,2.5515e-21,2.5499e-21,1.3626e-18,6.9297e-16,4.0652e-18
50.432,5.652e-24,2.3839e-21,2.3838e-21,2.387e-21,2.3855e-21,1.2831e-18,6.7124e-16,3.9109e-18
51.134,5.2667e-24,2.2734e-21,2.2733e-21,2.2763e-21,2.275e-21,1.2314e-18,6.6289e-16,3.8353e-18
51.846,4.9914e-24,2.1878e-21,2.1877e-21,2.1906e-21,2.1893e-21,1.1925e-18,6.6071e-16,3.7955e-18
52.568,4.7757e-24,2.116e-21,2.1159e-21,2.1187e-21,2.1175e-21,1.1604e-18,6.6194e-16,3.7749e-18
53.3,4.5963e-24,2.0529e-21,2.0529e-21,2.0555e-21,2.0544e-21,1.1325e-18,6.6535e-16,3.7662e-18
54.042,4.4421e-24,1.9962e-21,1.9962e-21,1.9987e-21,1.9976e-21,1.1077e-18,6.7039e-16,3.7661e-18
54.795,4.3076e-24,1.9447e-21,1.9446e-21,1.9471e-21,1.9461e-21,1.0852e-18,6.7684e-16,3.7729e-18
55.558,4.185e-24,1.8967e-21,1.8967e-21,1.8991e-21,1.8982e-21,1.0644e-18,6.8428e-16,3.7843e-18
56.331,4.0712e-24,1.8517e-21,1.8517e-21,1.8541e-21,1.8531e-21,1.0448e-18,6.9259e-16,3.7994e-18
57.116,3.9627e-24,1.809e-21,1.8089e-21,1.8112e-21,1.8103e-21,1.0261e-18,7.0156e-16,3.817e-18
57.911,3.8781e-24,1.772e-21,1.7719e-21,1.7742e-21,1.7733e-21,1.0104e-18,7.1271e-16,3.8451e-18
58.718,3.7962e-24,1.7366e-21,1.7366e-21,1.7388e-21,1.738e-21,9.9529e-19,7.2455e-16,3.8754e-18
59.535,3.7039e-24,1.7004e-21,1.7004e-21,1.7025e-21,1.7017e-21,9.7935e-19,7.3603e-16,3.9023e-18
60.364,3.6218e-24,1.6671e-21,1.6671e-21,1.6692e-21,1.6685e-21,9.6487e-19,7.4885e-16,3.9348e-18
61.205,3.5447e-24,1.6359e-21,1.6359e-21,1.6379e-21,1.6372e-21,9.513e-19,7.627e-16,3.9709e-18
62.057,3.4718e-24,1.6065e-21,1.6065e-21,1.6085e-21,1.6078e-21,9.3852e-19,7.7755e-16,4.0103e-18
62.921,3.4024e-24,1.5788e-21,1.5788e-21,1.5807e-21,1.5801e-21,9.2648e-19,7.9343e-16,4.0532e-18
63.798,3.3363e-24,1.5526e-21,1.5526e-21,1.5545e-21,1.5539e-21,9.1514e-19,8.104e-16,4.0994e-18
64.686,3.274e-24,1.5281e-21,1.5281e-21,1.53e-21,1.5294e-21,9.0457e-19,8.2857e-16,4.1495e-18
65.587,3.2153e-24,1.5052e-21,1.5052e-21,1.507e-21,1.5064e-21,8.9473e-19,8.4802e-16,4.2036e-18
66.5,3.1593e-24,1.4836e-21,1.4836e-21,1.4854e-21,1.4849e-21,8.8551e-19,8.6873e-16,4.2614e-18
67.426,3.1056e-24,1.4634e-21,1.4633e-21,1.4651e-21,1.4646e-21,8.7689e-19,8.9076e-16,4.3229e-18
68.365,3.0543e-24,1.4443e-21,1.4443e-21,1.446e-21,1.4455e-21,8.6884e-19,9.142e-16,4.3882e-18
69.317,3.0051e-24,1.4265e-21,1.4265e-21,1.4281e-21,1.4277e-21,8.6136e-19,9.3912e-16,4.4575e-18
70.282,2.9581e-24,1.4098e-21,1.4098e-21,1.4114e-21,1.411e-21,8.5441e-19,9.6561e-16,4.531e-18
71.261,2.9142e-24,1.3944e-21,1.3944e-21,1.396e-21,1.3956e-21,8.4812e-19,9.9392e-16,4.6093e-18
72.253,2.8722e-24,1.38e-21,1.38e-21,1.3816e-21,1.3812e-21,8.4231e-19,1.024e-15,4.692e-18
73.26,2.832e-24,1.3666e-21,1.3666e-21,1.3682e-21,1.3678e-21,8.3699e-19,1.0559e-15,4.7792e-18
74.28,2.7936e-24,1.3542e-21,1.3542e-21,1.3557e-21,1.3554e-21,8.3212e-19,1.0898e-15,4.871e-18
75.314,2.7567e-24,1.3426e-21,1.3426e-21,1.3442e-21,1.3438e-21,8.277e-19,1.1259e-15,4.9675e-18
76.363,2.7215e-24,1.332e-21,1.332e-21,1.3335e-21,1.3331e-21,8.237e-19,1.1641e-15,5.0689e-18
77.426,2.6885e-24,1.3222e-21,1.3222e-21,1.3238e-21,1.3234e-21,8.2018e-19,1.2049e-15,5.1758e-18
78.505,2.6573e-24,1.3133e-21,1.3133e-21,1.3148e-21,1.3145e-21,8.1708e-19,1.2482e-15,5.2881e-18
79.598,2.6276e-24,1.3052e-21,1.3052e-21,1.3067e-21,1.3064e-21,8.1436e-19,1.2943e-15,5.4057e-18
80.706,2.5993e-24,1.2978e-21,1.2978e-21,1.2992e-21,1.2989e-21,8.12e-19,1.3432e-15,5.5289e-18
81.83,2.5724e-24,1.291e-21,1.291e-21,1.2925e-21,1.2922e-21,8.0998e-19,1.3952e-15,5.6578e-18
82.97,2.5469e-24,1.2849e-21,1.2849e-21,1.2864e-21,1.2861e-21,8.083e-19,1.4505e-15,5.7925e-18
84.125,2.523e-24,1.2795e-21,1.2795e-21,1.2809e-21,1.2807e-21,8.0695e-19,1.5094e-15,5.9335e-18
85.296,2.5011e-24,1.2748e-21,1.2748e-21,1.2762e-21,1.2759e-21,8.0599e-19,1.5722e-15,6.0813e-18
86.484,2.4807e-24,1.2706e-21,1.2706e-21,1.2721e-21,1.2718e-21,8.0532e-19,1.639e-15,6.2357e-18
87.689,2.4617e-24,1.2671e-21,1.2671e-21,1.2685e-21,1.2682e-21,8.0494e-19,1.7102e-15,6.3969e-18
88.91,2.4441e-24,1.264e-21,1.264e-21,1.2654e-21,1.2652e-21,8.0485e-19,1.7862e-15,6.565e-18
90.148,2.4282e-24,1.2615e-21,1.2615e-21,1.2629e-21,1.2627e-21,8.0503e-19,1.8671e-15,6.7406e-18
91.403,2.4138e-24,1.2595e-21,1.2595e-21,1.2609e-21,1.2607e-21,8.0548e-19,1.9536e-15,6.9237e-18
92.676,2.402e-24,1.2582e-21,1.2582e-21,1.2596e-21,1.2594e-21,8.063e-19,2.0462e-15,7.1157e-18
93.966,2.3922e-24,1.2574e-21,1.2574e-21,1.2588e-21,1.2586e-21,8.0742e-19,2.1453e-15,7.3163e-18
95.275,2.3845e-24,1.2572e-21,1.2572e-21,1.2586e-21,1.2584e-21,8.0884e-19,2.2515e-15,7.5259e-18
96.602,2.3792e-24,1.2575e-21,1.2575e-21,1.2589e-21,1.2587e-21,8.1056e-19,2.3654e-15,7.7451e-18
97.947,2.3766e-24,1.2584e-21,1.2584e-21,1.2598e-21,1.2596e-21,8.1262e-19,2.4878e-15,7.9746e-18
99.311,2.377e-24,1.26e-21,1.26e-21,1.2614e-21,1.2612e-21,8.1504e-19,2.6195e-15,8.2153e-18
100.69,2.3792e-24,1.2619e-21,1.2619e-21,1.2633e-21,1.2631e-21,8.1769e-19,2.7608e-15,8.4661e-18
102.1,2.3832e-24,1.2643e-21,1.2643e-21,1.2657e-21,1.2655e-21,8.2056e-19,2.9128e-15,8.7275e-18
103.52,2.3913e-24,1.2674e-21,1.2674e-21,1.2688e-21,1.2686e-21,8.2388e-19,3.077e-15,9.0026e-18
104.96,2.4045e-24,1.2714e-21,1.2714e-21,1.2728e-21,1.2726e-21,8.2774e-19,3.2551e-15,9.293e-18
106.42,2.4238e-24,1.2765e-21,1.2765e-21,1.2779e-21,1.2777e-21,8.3225e-19,3.4488e-15,9.6009e-18
107.9,2.4509e-24,1.2829e-21,1.2829e-21,1.2843e-21,1.2841e-21,8.376e-19,3.6605e-15,9.9293e-18
109.41,2.4882e-24,1.291e-21,1.291e-21,1.2924e-21,1.2923e-21,8.4403e-19,3.8931e-15,1.0283e-17
110.93,2.5388e-24,1.3014e-21,1.3014e-21,1.3028e-21,1.3026e-21,8.5191e-19,4.1505e-15,1.0667e-17
112.47,2.6075e-24,1.3149e-21,1.3149e-21,1.3163e-21,1.3161e-21,8.6181e-19,4.4383e-15,1.1091e-17
114.04,2.7015e-24,1.3328e-21,1.3328e-21,1.3343e-21,1.3341e-21,8.7461e-19,4.7647e-15,1.1571e-17
115.63,2.8322e-24,1.3575e-21,1.3575e-21,1.359e-21,1.3589e-21,8.9183e-19,5.1428e-15,1.2129e-17
117.24,3.0182e-24,1.3929e-21,1.3929e-21,1.3945e-21,1.3943e-21,9.1607e-19,5.5948e-15,1.2809e-17
118.87,3.2924e-24,1.4465e-21,1.4465e-21,1.4481e-21,1.448e-21,9.523e-19,6.1625e-15,1.369e-17
120.53,3.7175e-24,1.5338e-21,1.5338e-21,1.5355e-21,1.5353e-21,1.0107e-18,6.9322e-15,1.4941e-17
122.2,4.4288e-24,1.6909e-21,1.6909e-21,1.6928e-21,1.6926e-21,1.1153e-18,8.1072e-15,1.6954e-17
123.91,5.7767e-24,2.0183e-21,2.0183e-21,2.0205e-21,2.0203e-21,1.3324e-18,1.0262e-14,2.083e-17
125.63,9.0309e-24,2.8947e-21,2.8947e-21,2.8978e-21,2.8976e-21,1.9126e-18,1.5597e-14,3.0752e-17
127.38,2.5228e-23,7.635e-21,7.6349e-21,7.6432e-21,7.6425e-21,5.0484e-18,4.3539e-14,8.3494e-17
129.15,2.8056e-23,8.4767e-21,8.4767e-21,8.4859e-21,8.4851e-21,5.6091e-18,5.1067e-14,9.5427e-17
130.95,8.8538e-24,2.8464e-21,2.8464e-21,2.8494e-21,2.8492e-21,1.8848e-18,1.8069e-14,3.2987e-17
132.78,5.3658e-24,1.9202e-21,1.9202e-21,1.9222e-21,1.9221e-21,1.2723e-18,1.28e-14,2.2909e-17
134.63,3.9619e-24,1.598e-21,1.598e-21,1.5997e-21,1.5996e-21,1.0594e-18,1.1137e-14,1.9628e-17
136.5,3.2341e-24,1.4551e-21,1.4551e-21,1.4567e-21,1.4566e-21,9.6523e-19,1.0548e-14,1.8401e-17
138.4,2.8047e-24,1.3823e-21,1.3823e-21,1.3838e-21,1.3837e-21,9.1742e-19,1.0356e-14,1.7999e-17
140.33,2.53e-24,1.3417e-21,1.3417e-21,1.3431e-21,1.343e-21,8.9085e-19,1.0316e-14,1.7987e-17
142.28,2.3439e-24,1.3175e-21,1.3175e-21,1.3189e-21,1.3189e-21,8.7517e-19,1.0318e-14,1.8187e-17
144.26,2.2122e-24,1.3026e-21,1.3026e-21,1.304e-21,1.3039e-21,8.6558e-19,1.0308e-14,1.8515e-17
146.27,2.1156e-24,1.2932e-21,1.2932e-21,1.2946e-21,1.2945e-21,8.5963e-19,1.0261e-14,1.8929e-17
148.31,2.0426e-24,1.2874e-21,1.2874e-21,1.2888e-21,1.2887e-21,8.5597e-19,1.0164e-14,1.9404e-17
150.38,1.9861e-24,1.2839e-21,1.2839e-21,1.2853e-21,1.2852e-21,8.5384e-19,1.0017e-14,1.9929e-17
152.47,1.9414e-24,1.282e-21,1.282e-21,1.2834e-21,1.2833e-21,8.5274e-19,9.8257e-15,2.0493e-17
154.59,1.9055e-24,1.2812e-21,1.2812e-21,1.2826e-21,1.2826e-21,8.5238e-19,9.5977e-15,2.1094e-17
156.75,1.8763e-24,1.2814e-21,1.2814e-21,1.2828e-21,1.2827e-21,8.5256e-19,9.3426e-15,2.1728e-17
158.93,1.8524e-24,1.2822e-21,1.2822e-21,1.2836e-21,1.2835e-21,8.5314e-19,9.0695e-15,2.2394e-17
161.14,1.8327e-24,1.2835e-21,1.2835e-21,1.2849e-21,1.2848e-21,8.5403e-19,8.7866e-15,2.309e-17
163.39,1.8165e-24,1.2852e-21,1.2852e-21,1.2866e-21,1.2866e-21,8.5517e-19,8.5004e-15,2.3817e-17
165.66,1.8034e-24,1.2874e-21,1.2874e-21,1.2888e-21,1.2887e-21,8.5652e-19,8.2163e-15,2.4575e-17
167.97,1.7931e-24,1.2898e-21,1.2898e-21,1.2912e-21,1.2911e-21,8.5805e-19,7.9381e-15,2.5364e-17
170.31,1.7854e-24,1.2925e-21,1.2925e-21,1.2939e-21,1.2939e-21,8.5973e-19,7.6685e-15,2.6186e-17
172.68,1.7803e-24,1.2955e-21,1.2955e-21,1.297e-21,1.2969e-21,8.6157e-19,7.4092e-15,2.7042e-17
175.08,1.7779e-24,1.2988e-21,1.2988e-21,1.3003e-21,1.3002e-21,8.6356e-19,7.1615e-15,2.7932e-17
177.52,1.7785e-24,1.3024e-21,1.3024e-21,1.3039e-21,1.3038e-21,8.657e-19,6.9259e-15,2.886e-17
179.99,1.7823e-24,1.3064e-21,1.3064e-21,1.3078e-21,1.3077e-21,8.6803e-19,6.7026e-15,2.9827e-17
182.5,1.7901e-24,1.3107e-21,1.3107e-21,1.3121e-21,1.312e-21,8.7056e-19,6.4918e-15,3.0837e-17
185.04,1.8027e-24,1.3154e-21,1.3154e-21,1.3168e-21,1.3168e-21,8.7334e-19,6.2933e-15,3.1892e-17
187.62,1.8213e-24,1.3207e-21,1.3207e-21,1.3221e-21,1.3221e-21,8.7645e-19,6.1073e-15,3.2999e-17
190.23,1.8478e-24,1.3267e-21,1.3267e-21,1.3281e-21,1.3281e-21,8.7998e-19,5.9336e-15,3.4163e-17
192.88,1.8849e-24,1.3336e-21,1.3336e-21,1.3351e-21,1.335e-21,8.8411e-19,5.7727e-15,3.5395e-17
195.57,1.9368e-24,1.3419e-21,1.3419e-21,1.3434e-21,1.3434e-21,8.891e-19,5.6256e-15,3.671e-17
198.29,2.0101e-24,1.3523e-21,1.3523e-21,1.3538e-21,1.3538e-21,8.954e-19,5.4939e-15,3.8132e-17
201.05,2.1159e-24,1.366e-21,1.366e-21,1.3675e-21,1.3675e-21,9.0384e-19,5.3815e-15,3.9704e-17
203.85,2.2734e-24,1.3854e-21,1.3854e-21,1.3869e-21,1.3869e-21,9.1602e-19,5.2962e-15,4.1512e-17
206.69,2.5193e-24,1.4159e-21,1.4159e-21,1.4175e-21,1.4174e-21,9.3547e-19,5.2557e-15,4.3738e-17
209.57,2.9316e-24,1.4712e-21,1.4712e-21,1.4728e-21,1.4727e-21,9.7118e-19,5.3056e-15,4.6853e-17
212.48,3.7071e-24,1.5943e-21,1.5943e-21,1.5961e-21,1.596e-21,1.0516e-18,5.5897e-15,5.235e-17
215.44,5.5154e-24,1.9698e-21,1.9698e-21,1.972e-21,1.9719e-21,1.2981e-18,6.718e-15,6.6691e-17
218.44,1.3062e-23,4.0347e-21,4.0347e-21,4.0392e-21,4.039e-21,2.6562e-18,1.3393e-14,1.4085e-16
221.49,2.8645e-23,8.6435e-21,8.6435e-21,8.6532e-21,8.6529e-21,5.6847e-18,2.7942e-14,3.1117e-16
224.57,6.5505e-24,2.2209e-21,2.2209e-21,2.2234e-21,2.2233e-21,1.4591e-18,6.9956e-15,8.2453e-17
227.7,3.8238e-24,1.6212e-21,1.6212e-21,1.623e-21,1.623e-21,1.0639e-18,4.9785e-15,6.2073e-17
230.87,2.8093e-24,1.4737e-21,1.4737e-21,1.4754e-21,1.4753e-21,9.6605e-19,4.4144e-15,5.8196e-17
234.08,2.3057e-24,1.4236e-21,1.4236e-21,1.4252e-21,1.4251e-21,9.3206e-19,4.1615e-15,5.7982e-17
237.34,2.0175e-24,1.4034e-21,1.4034e-21,1.405e-21,1.405e-21,9.1772e-19,4.0058e-15,5.8961e-17
240.65,1.837e-24,1.3951e-21,1.3951e-21,1.3967e-21,1.3967e-21,9.1111e-19,3.8901e-15,6.0461e-17
244,1.7165e-24,1.3924e-21,1.3924e-21,1.394e-21,1.394e-21,9.0811e-19,3.7945e-15,6.2249e-17
247.4,1.6318e-24,1.3927e-21,1.3927e-21,1.3942e-21,1.3942e-21,9.07e-19,3.7109e-15,6.423e-17
250.84,1.5696e-24,1.3947e-21,1.3947e-21,1.3962e-21,1.3962e-21,9.0698e-19,3.6353e-15,6.6361e-17
254.33,1.5224e-24,1.3978e-21,1.3978e-21,1.3994e-21,1.3993e-21,9.0764e-19,3.5656e-15,6.8621e-17
257.88,1.4853e-24,1.4016e-21,1.4016e-21,1.4032e-21,1.4032e-21,9.0873e-19,3.5007e-15,7.0999e-17
261.47,1.4554e-24,1.406e-21,1.406e-21,1.4077e-21,1.4076e-21,9.1012e-19,3.4396e-15,7.3491e-17
265.11,1.4306e-24,1.4109e-21,1.4109e-21,1.4125e-21,1.4125e-21,9.1173e-19,3.3819e-15,7.6097e-17
268.8,1.4097e-24,1.4161e-21,1.4161e-21,1.4177e-21,1.4177e-21,9.135e-19,3.3273e-15,7.8817e-17
272.54,1.3916e-24,1.4215e-21,1.4215e-21,1.4232e-21,1.4232e-21,9.1539e-19,3.2754e-15,8.1653e-17
276.34,1.3757e-24,1.4272e-21,1.4272e-21,1.4289e-21,1.4289e-21,9.1738e-19,3.2259e-15,8.4609e-17
280.19,1.3615e-24,1.4332e-21,1.4332e-21,1.4349e-21,1.4348e-21,9.1946e-19,3.1789e-15,8.7688e-17
284.09,1.3486e-24,1.4393e-21,1.4393e-21,1.441e-21,1.441e-21,9.216e-19,3.1339e-15,9.0895e-17
288.04,1.3369e-24,1.4457e-21,1.4457e-21,1.4474e-21,1.4474e-21,9.2381e-19,3.091e-15,9.4234e-17
292.06,1.326e-24,1.4522e-21,1.4522e-21,1.4539e-21,1.4539e-21,9.2607e-19,3.05e-15,9.7711e-17
296.12,1.3158e-24,1.459e-21,1.459e-21,1.4607e-21,1.4607e-21,9.2838e-19,3.0109e-15,1.0133e-16
300.25,1.3062e-24,1.4659e-21,1.4659e-21,1.4676e-21,1.4676e-21,9.3074e-19,2.9734e-15,1.051e-16
304.43,1.2972e-24,1.473e-21,1.473e-21,1.4748e-21,1.4747e-21,9.3314e-19,2.9375e-15,1.0903e-16
308.67,1.2885e-24,1.4803e-21,1.4803e-21,1.4821e-21,1.482e-21,9.3558e-19,2.9031e-15,1.1311e-16
312.96,1.2803e-24,1.4878e-21,1.4878e-21,1.4896e-21,1.4895e-21,9.3807e-19,2.8702e-15,1.1736e-16
317.32,1.2723e-24,1.4954e-21,1.4954e-21,1.4972e-21,1.4972e-21,9.4059e-19,2.8387e-15,1.2179e-16
321.74,1.2646e-24,1.5033e-21,1.5033e-21,1.5051e-21,1.5051e-21,9.4316e-19,2.8084e-15,1.264e-16
326.22,1.2572e-24,1.5113e-21,1.5113e-21,1.5132e-21,1.5132e-21,9.4576e-19,2.7794e-15,1.3121e-16
330.76,1.2499e-24,1.5196e-21,1.5196e-21,1.5214e-21,1.5214e-21,9.484e-19,2.7516e-15,1.362e-16
335.37,1.2429e-24,1.528e-21,1.528e-21,1.5299e-21,1.5299e-21,9.5107e-19,2.7249e-15,1.4141e-16
340.04,1.236e-24,1.5366e-21,1.5366e-21,1.5386e-21,1.5385e-21,9.5378e-19,2.6993e-15,1.4683e-16
344.78,1.2293e-24,1.5455e-21,1.5455e-21,1.5474e-21,1.5474e-21,9.5653e-19,2.6746e-15,1.5247e-16
349.58,1.2228e-24,1.5545e-21,1.5545e-21,1.5565e-21,1.5565e-21,9.5932e-19,2.651e-15,1.5835e-16
354.45,1.2164e-24,1.5638e-21,1.5638e-21,1.5658e-21,1.5657e-21,9.6213e-19,2.6282e-15,1.6446e-16
359.38,1.2101e-24,1.5733e-21,1.5733e-21,1.5753e-21,1.5752e-21,9.6499e-19,2.6063e-15,1.7083e-16
364.39,1.2039e-24,1.583e-21,1.5829e-21,1.585e-21,1.5849e-21,9.6788e-19,2.5852e-15,1.7746e-16
369.46,1.1978e-24,1.5929e-21,1.5929e-21,1.5949e-21,1.5949e-21,9.708e-19,2.5649e-15,1.8436e-16
374.61,1.1919e-24,1.603e-21,1.603e-21,1.605e-21,1.605e-21,9.7375e-19,2.5453e-15,1.9154e-16
379.82,1.186e-24,1.6133e-21,1.6133e-21,1.6154e-21,1.6154e-21,9.7674e-19,2.5264e-15,1.9901e-16
385.11,1.1803e-24,1.6239e-21,1.6239e-21,1.6261e-21,1.626e-21,9.7977e-19,2.5082e-15,2.0678e-16
390.47,1.1746e-24,1.6348e-21,1.6348e-21,1.6369e-21,1.6369e-21,9.8282e-19,2.4906e-15,2.1488e-16
395.91,1.1691e-24,1.6458e-21,1.6458e-21,1.648e-21,1.648e-21,9.8591e-19,2.4736e-15,2.2329e-16
401.42,1.1637e-24,1.6571e-21,1.6571e-21,1.6593e-21,1.6593e-21,9.8902e-19,2.4571e-15,2.3205e-16
407.01,1.1584e-24,1.6687e-21,1.6687e-21,1.6709e-21,1.6709e-21,9.9217e-19,2.4411e-15,2.4115e-16
412.68,1.1532e-24,1.6805e-21,1.6805e-21,1.6828e-21,1.6827e-21,9.9534e-19,2.4256e-15,2.5061e-16
418.43,1.1482e-24,1.6926e-21,1.6926e-21,1.6949e-21,1.6948e-21,9.9855e-19,2.4106e-15,2.6045e-16
424.26,1.1433e-24,1.7049e-21,1.7049e-21,1.7072e-21,1.7072e-21,1.0018e-18,2.396e-15,2.7067e-16
430.16,1.1386e-24,1.7175e-21,1.7175e-21,1.7198e-21,1.7198e-21,1.005e-18,2.3818e-15,2.8129e-16
436.15,1.1341e-24,1.7303e-21,1.7303e-21,1.7327e-21,1.7327e-21,1.0083e-18,2.3679e-15,2.9232e-16
442.23,1.1299e-24,1.7434e-21,1.7434e-21,1.7459e-21,1.7458e-21,1.0116e-18,2.3544e-15,3.0377e-16
448.39,1.126e-24,1.7568e-21,1.7568e-21,1.7593e-21,1.7593e-21,1.015e-18,2.3412e-15,3.1566e-16
454.63,1.1225e-24,1.7705e-21,1.7705e-21,1.773e-21,1.773e-21,1.0183e-18,2.3283e-15,3.2799e-16
460.96,1.1196e-24,1.7844e-21,1.7844e-21,1.787e-21,1.7869e-21,1.0217e-18,2.3156e-15,3.4077e-16
467.38,1.1175e-24,1.7986e-21,1.7986e-21,1.8012e-21,1.8012e-21,1.0251e-18,2.3031e-15,3.5403e-16
473.89,1.1165e-24,1.8131e-21,1.8131e-21,1.8157e-21,1.8157e-21,1.0285e-18,2.2908e-15,3.6776e-16
480.49,1.1174e-24,1.8279e-21,1.8279e-21,1.8306e-21,1.8305e-21,1.0319e-18,2.2787e-15,3.8197e-16
487.18,1.1214e-24,1.8429e-21,1.8429e-21,1.8456e-21,1.8456e-21,1.0353e-18,2.2666e-15,3.9668e-16
493.96,1.1311e-24,1.8581e-21,1.8581e-21,1.8609e-21,1.8609e-21,1.0386e-18,2.2546e-15,4.1187e-16
500.84,1.1525e-24,1.8735e-21,1.8735e-21,1.8763e-21,1.8763e-21,1.0419e-18,2.2426e-15,4.2754e-16
507.82,1.2024e-24,1.8887e-21,1.8887e-21,1.8915e-21,1.8915e-21,1.045e-18,2.23e-15,4.4362e-16
514.89,1.3432e-24,1.9025e-21,1.9025e-21,1.9054e-21,1.9054e-21,1.0471e-18,2.2157e-15,4.5981e-16
522.06,1.9796e-24,1.9055e-21,1.9055e-21,1.9085e-21,1.9085e-21,1.0431e-18,2.1886e-15,4.7374e-16
529.33,1.7584e-23,5.172e-21,5.172e-21,5.18e-21,5.18e-21,2.8159e-18,5.8581e-15,1.3223e-15
536.7,1.7583e-24,1.9437e-21,1.9437e-21,1.9467e-21,1.9467e-21,1.0524e-18,2.1708e-15,5.1084e-16
544.17,1.264e-24,1.9719e-21,1.9719e-21,1.9751e-21,1.9751e-21,1.0617e-18,2.1714e-15,5.3259e-16
551.75,1.1417e-24,1.9922e-21,1.9922e-21,1.9954e-21,1.9954e-21,1.0665e-18,2.1626e-15,5.5272e-16
559.43,1.0928e-24,2.0114e-21,2.0114e-21,2.0146e-21,2.0146e-21,1.0705e-18,2.1522e-15,5.7303e-16
567.22,1.0673e-24,2.0305e-21,2.0305e-21,2.0338e-21,2.0338e-21,1.0743e-18,2.1413e-15,5.9378e-16
575.12,1.0513e-24,2.0498e-21,2.0498e-21,2.0532e-21,2.0532e-21,1.078e-18,2.1302e-15,6.1502e-16
583.13,1.04e-24,2.0694e-21,2.0694e-21,2.0728e-21,2.0728e-21,1.0816e-18,2.1189e-15,6.3677e-16
591.25,1.0312e-24,2.0893e-21,2.0893e-21,2.0928e-21,2.0928e-21,1.0853e-18,2.1076e-15,6.5903e-16
599.48,1.0238e-24,2.1095e-21,2.1095e-21,2.1131e-21,2.1131e-21,1.0889e-18,2.0961e-15,6.8178e-16
607.83,1.0174e-24,2.1301e-21,2.1301e-21,2.1338e-21,2.1338e-21,1.0925e-18,2.0846e-15,7.0502e-16
616.3,1.0116e-24,2.1511e-21,2.1511e-21,2.1549e-21,2.1549e-21,1.0961e-18,2.0729e-15,7.2873e-16
624.88,1.0062e-24,2.1725e-21,2.1725e-21,2.1763e-21,2.1763e-21,1.0997e-18,2.0612e-15,7.5288e-16
633.58,1.0011e-24,2.1942e-21,2.1942e-21,2.1981e-21,2.1981e-21,1.1033e-18,2.0494e-15,7.7746e-16
642.4,9.962e-25,2.2163e-21,2.2163e-21,2.2204e-21,2.2204e-21,1.1069e-18,2.0374e-15,8.0243e-16
651.35,9.9152e-25,2.2388e-21,2.2388e-21,2.243e-21,2.243e-21,1.1105e-18,2.0254e-15,8.2776e-16
660.42,9.8698e-25,2.2618e-21,2.2618e-21,2.266e-21,2.266e-21,1.114e-18,2.0132e-15,8.5342e-16
669.62,9.8256e-25,2.2851e-21,2.2851e-21,2.2894e-21,2.2894e-21,1.1175e-18,2.0009e-15,8.7936e-16
678.94,9.7824e-25,2.3088e-21,2.3088e-21,2.3133e-21,2.3133e-21,1.1211e-18,1.9885e-15,9.0556e-16
688.4,9.7401e-25,2.333e-21,2.333e-21,2.3375e-21,2.3375e-21,1.1246e-18,1.976e-15,9.3196e-16
697.98,9.6986e-25,2.3576e-21,2.3576e-21,2.3622e-21,2.3622e-21,1.1281e-18,1.9634e-15,9.585e-16
707.7,9.6577e-25,2.3826e-21,2.3826e-21,2.3873e-21,2.3873e-21,1.1316e-18,1.9507e-15,9.8515e-16
717.56,9.6175e-25,2.408e-21,2.408e-21,2.4129e-21,2.4129e-21,1.135e-18,1.9378e-15,1.0118e-15
727.55,9.5779e-25,2.4339e-21,2.4339e-21,2.4389e-21,2.4389e-21,1.1385e-18,1.9248e-15,1.0385e-15
737.68,9.5389e-25,2.4603e-21,2.4603e-21,2.4654e-21,2.4654e-21,1.1419e-18,1.9117e-15,1.0651e-15
747.95,9.5004e-25,2.487e-21,2.487e-21,2.4923e-21,2.4923e-21,1.1453e-18,1.8986e-15,1.0916e-15
758.37,9.4624e-25,2.5143e-21,2.5143e-21,2.5197e-21,2.5197e-21,1.1487e-18,1.8852e-15,1.1179e-15
768.93,9.425e-25,2.542e-21,2.542e-21,2.5475e-21,2.5475e-21,1.152e-18,1.8718e-15,1.1439e-15
779.64,9.3882e-25,2.5702e-21,2.5702e-21,2.5758e-21,2.5758e-21,1.1554e-18,1.8583e-15,1.1695e-15
790.49,9.3519e-25,2.5988e-21,2.5988e-21,2.6046e-21,2.6046e-21,1.1587e-18,1.8447e-15,1.1947e-15
801.5,9.3162e-25,2.6279e-21,2.6279e-21,2.6339e-21,2.6339e-21,1.1619e-18,1.831e-15,1.2195e-15
812.66,9.2813e-25,2.6575e-21,2.6575e-21,2.6637e-21,2.6637e-21,1.1652e-18,1.8172e-15,1.2437e-15
823.98,9.2471e-25,2.6877e-21,2.6877e-21,2.694e-21,2.694e-21,1.1684e-18,1.8033e-15,1.2673e-15
835.45,9.2138e-25,2.7183e-21,2.7183e-21,2.7247e-21,2.7247e-21,1.1716e-18,1.7894e-15,1.2902e-15
847.09,9.1818e-25,2.7494e-21,2.7494e-21,2.756e-21,2.756e-21,1.1748e-18,1.7753e-15,1.3123e-15
858.88,9.1513e-25,2.781e-21,2.781e-21,2.7878e-21,2.7878e-21,1.1779e-18,1.7612e-15,1.3337e-15
870.84,9.1232e-25,2.8131e-21,2.8131e-21,2.8202e-21,2.8202e-21,1.181e-18,1.7471e-15,1.3541e-15
882.97,9.0988e-25,2.8458e-21,2.8458e-21,2.853e-21,2.853e-21,1.1841e-18,1.7328e-15,1.3736e-15
895.27,9.0808e-25,2.8789e-21,2.8789e-21,2.8864e-21,2.8864e-21,1.1871e-18,1.7185e-15,1.3921e-15
907.73,9.0757e-25,2.9126e-21,2.9126e-21,2.9203e-21,2.9203e-21,1.1901e-18,1.7042e-15,1.4096e-15
920.37,9.1009e-25,2.9468e-21,2.9468e-21,2.9547e-21,2.9547e-21,1.193e-18,1.6897e-15,1.426e-15
933.19,9.2216e-25,2.9813e-21,2.9813e-21,2.9895e-21,2.9894e-21,1.1958e-18,1.6751e-15,1.4412e-15
946.18,9.8583e-25,3.0153e-21,3.0152e-21,3.0236e-21,3.0236e-21,1.1981e-18,1.6599e-15,1.4547e-15
959.36,3.1743e-24,2.9464e-21,2.9464e-21,2.9547e-21,2.9547e-21,1.1597e-18,1.5889e-15,1.4173e-15
972.72,1.049e-24,3.0862e-21,3.0862e-21,3.095e-21,3.095e-21,1.2032e-18,1.6301e-15,1.4788e-15
986.27,9.15e-25,3.1263e-21,3.1263e-21,3.1354e-21,3.1354e-21,1.2072e-18,1.6172e-15,1.4908e-15
1000,8.9067e-25,3.1644e-21,3.1644e-21,3.1739e-21,3.1739e-21,1.2101e-18,1.6029e-15,1.5005e-15
1013.9,8.8062e-25,3.2029e-21,3.2029e-21,3.2126e-21,3.2126e-21,1.2129e-18,1.5884e-15,1.5088e-15
1028,8.7447e-25,3.2419e-21,3.2419e-21,3.2519e-21,3.2519e-21,1.2156e-18,1.5739e-15,1.5159e-15
1042.4,8.698e-25,3.2814e-21,3.2814e-21,3.2918e-21,3.2918e-21,1.2182e-18,1.5594e-15,1.5218e-15
1056.9,8.6582e-25,3.3216e-21,3.3216e-21,3.3323e-21,3.3323e-21,1.2209e-18,1.5449e-15,1.5265e-15
1071.6,8.6221e-25,3.3624e-21,3.3624e-21,3.3734e-21,3.3734e-21,1.2234e-18,1.5305e-15,1.5301e-15
1086.5,8.5883e-25,3.4038e-21,3.4038e-21,3.4152e-21,3.4152e-21,1.226e-18,1.516e-15,1.5325e-15
1101.6,8.556e-25,3.4459e-21,3.4459e-21,3.4576e-21,3.4576e-21,1.2285e-18,1.5015e-15,1.5339e-15
1117,8.5247e-25,3.4886e-21,3.4886e-21,3.5007e-21,3.5007e-21,1.231e-18,1.4871e-15,1.5342e-15
1132.5,8.4942e-25,3.532e-21,3.532e-21,3.5445e-21,3.5445e-21,1.2334e-18,1.4727e-15,1.5335e-15
1148.3,8.4644e-25,3.576e-21,3.576e-21,3.589e-21,3.5889e-21,1.2358e-18,1.4584e-15,1.5318e-15
1164.3,8.4351e-25,3.6207e-21,3.6207e-21,3.6341e-21,3.6341e-21,1.2381e-18,1.4441e-15,1.5291e-15
1180.5,8.4062e-25,3.6662e-21,3.6662e-21,3.68e-21,3.6799e-21,1.2405e-18,1.4298e-15,1.5255e-15
1197,8.3778e-25,3.7123e-21,3.7123e-21,3.7265e-21,3.7265e-21,1.2427e-18,1.4156e-15,1.5211e-15
1213.6,8.3497e-25,3.7591e-21,3.7591e-21,3.7738e-21,3.7738e-21,1.245e-18,1.4015e-15,1.5159e-15
1230.5,8.3221e-25,3.8066e-21,3.8066e-21,3.8219e-21,3.8218e-21,1.2472e-18,1.3874e-15,1.5099e-15
1247.7,8.2948e-25,3.8549e-21,3.8549e-21,3.8706e-21,3.8706e-21,1.2494e-18,1.3734e-15,1.5031e-15
1265,8.2678e-25,3.9039e-21,3.9039e-21,3.9202e-21,3.9201e-21,1.2515e-18,1.3594e-15,1.4957e-15
1282.6,8.2412e-25,3.9536e-21,3.9536e-21,3.9705e-21,3.9704e-21,1.2536e-18,1.3455e-15,1.4877e-15
1300.5,8.2149e-25,4.0041e-21,4.0041e-21,4.0215e-21,4.0215e-21,1.2557e-18,1.3317e-15,1.479e-15
1318.6,8.1891e-25,4.0553e-21,4.0553e-21,4.0734e-21,4.0734e-21,1.2577e-18,1.3179e-15,1.4698e-15
1337,8.1636e-25,4.1074e-21,4.1074e-21,4.1261e-21,4.126e-21,1.2597e-18,1.3043e-15,1.4601e-15
1355.6,8.1386e-25,4.1602e-21,4.1602e-21,4.1795e-21,4.1795e-21,1.2617e-18,1.2907e-15,1.4498e-15
1374.5,8.1142e-25,4.2138e-21,4.2138e-21,4.2338e-21,4.2338e-21,1.2636e-18,1.2772e-15,1.4392e-15
1393.6,8.0905e-25,4.2682e-21,4.2682e-21,4.2889e-21,4.2889e-21,1.2655e-18,1.2638e-15,1.4281e-15
1413,8.0679e-25,4.3234e-21,4.3234e-21,4.3449e-21,4.3448e-21,1.2673e-18,1.2504e-15,1.4167e-15
1432.7,8.0472e-25,4.3794e-21,4.3794e-21,4.4017e-21,4.4016e-21,1.2692e-18,1.2372e-15,1.405e-15
1452.7,8.0304e-25,4.4363e-21,4.4363e-21,4.4594e-21,4.4593e-21,1.2709e-18,1.2241e-15,1.3929e-15
1472.9,8.0238e-25,4.494e-21,4.494e-21,4.5179e-21,4.5178e-21,1.2727e-18,1.211e-15,1.3806e-15
1493.4,8.0578e-25,4.5525e-21,4.5525e-21,4.5773e-21,4.5772e-21,1.2744e-18,1.1981e-15,1.368e-15
1514.2,8.5451e-25,4.6112e-21,4.6112e-21,4.6368e-21,4.6368e-21,1.2759e-18,1.185e-15,1.3549e-15
1535.3,9.7448e-25,4.6695e-21,4.6695e-21,4.6961e-21,4.696e-21,1.277e-18,1.1718e-15,1.3414e-15
1556.7,8.0178e-25,4.7336e-21,4.7336e-21,4.7611e-21,4.761e-21,1.2794e-18,1.1599e-15,1.329e-15
1578.3,7.9083e-25,4.7958e-21,4.7958e-21,4.8244e-21,4.8243e-21,1.281e-18,1.1474e-15,1.3157e-15
1600.3,7.8642e-25,4.8589e-21,4.8589e-21,4.8885e-21,4.8885e-21,1.2826e-18,1.135e-15,1.3023e-15
1622.6,7.8334e-25,4.923e-21,4.923e-21,4.9537e-21,4.9536e-21,1.2842e-18,1.1227e-15,1.2888e-15
1645.2,7.8071e-25,4.9879e-21,4.9879e-21,5.0198e-21,5.0197e-21,1.2857e-18,1.1105e-15,1.2751e-15
1668.1,7.7829e-25,5.0538e-21,5.0538e-21,5.0869e-21,5.0868e-21,1.2872e-18,1.0985e-15,1.2614e-15
1691.3,7.7597e-25,5.1207e-21,5.1207e-21,5.155e-21,5.1549e-21,1.2886e-18,1.0865e-15,1.2477e-15
1714.9,7.7372e-25,5.1886e-21,5.1886e-21,5.2241e-21,5.224e-21,1.2901e-18,1.0747e-15,1.2339e-15
1738.8,7.7153e-25,5.2574e-21,5.2574e-21,5.2943e-21,5.2942e-21,1.2915e-18,1.063e-15,1.22e-15
1763,7.6937e-25,5.3273e-21,5.3273e-21,5.3656e-21,5.3655e-21,1.2929e-18,1.0514e-15,1.2062e-15
1787.5,7.6725e-25,5.3982e-21,5.3982e-21,5.4379e-21,5.4378e-21,1.2942e-18,1.0399e-15,1.1923e-15
1812.4,7.6516e-25,5.4701e-21,5.4701e-21,5.5114e-21,5.5113e-21,1.2956e-18,1.0285e-15,1.1785e-15
1837.7,7.6309e-25,5.5431e-21,5.5431e-21,5.5859e-21,5.5858e-21,1.2969e-18,1.0173e-15,1.1646e-15
1863.2,7.6106e-25,5.6171e-21,5.6171e-21,5.6616e-21,5.6615e-21,1.2981e-18,1.0062e-15,1.1508e-15
1889.2,7.5905e-25,5.6923e-21,5.6923e-21,5.7384e-21,5.7383e-21,1.2994e-18,9.9522e-16,1.137e-15
1915.5,7.5706e-25,5.7685e-21,5.7685e-21,5.8164e-21,5.8163e-21,1.3006e-18,9.8437e-16,1.1233e-15
1942.2,7.551e-25,5.8458e-21,5.8458e-21,5.8956e-21,5.8955e-21,1.3019e-18,9.7364e-16,1.1096e-15
1969.2,7.5317e-25,5.9243e-21,5.9243e-21,5.976e-21,5.9759e-21,1.3031e-18,9.6303e-16,1.0959e-15
1996.6,7.5126e-25,6.0039e-21,6.0039e-21,6.0576e-21,6.0575e-21,1.3042e-18,9.5256e-16,1.0823e-15
2024.4,7.4939e-25,6.0847e-21,6.0847e-21,6.1405e-21,6.1404e-21,1.3054e-18,9.4221e-16,1.0688e-15
2052.6,7.4755e-25,6.1666e-21,6.1666e-21,6.2246e-21,6.2245e-21,1.3065e-18,9.3199e-16,1.0554e-15
2081.2,7.4577e-25,6.2498e-21,6.2497e-21,6.31e-21,6.3099e-21,1.3076e-18,9.219e-16,1.042e-15
2110.2,7.4407e-25,6.3341e-21,6.3341e-21,6.3967e-21,6.3966e-21,1.3087e-18,9.1194e-16,1.0287e-15
2139.6,7.4256e-25,6.4197e-21,6.4196e-21,6.4847e-21,6.4846e-21,1.3098e-18,9.021e-16,1.0154e-15
2169.4,7.4163e-25,6.5064e-21,6.5064e-21,6.5741e-21,6.5739e-21,1.3109e-18,8.9239e-16,1.0023e-15
2199.6,7.4442e-25,6.5945e-21,6.5944e-21,6.6647e-21,6.6646e-21,1.3119e-18,8.8281e-16,9.8922e-16
2230.2,1.4022e-24,6.6743e-21,6.6743e-21,6.7472e-21,6.7471e-21,1.311e-18,8.7212e-16,9.7486e-16
2261.3,7.4083e-25,6.7744e-21,6.7744e-21,6.8504e-21,6.8502e-21,1.3139e-18,8.6404e-16,9.6336e-16
2292.8,7.3443e-25,6.8664e-21,6.8664e-21,6.9454e-21,6.9452e-21,1.3149e-18,8.5485e-16,9.5057e-16
2324.7,7.319e-25,6.9597e-21,6.9597e-21,7.0418e-21,7.0416e-21,1.3159e-18,8.4578e-16,9.3787e-16
2357.1,7.2994e-25,7.0543e-21,7.0543e-21,7.1397e-21,7.1395e-21,1.3169e-18,8.3683e-16,9.2525e-16
2389.9,7.2815e-25,7.1503e-21,7.1503e-21,7.2391e-21,7.2389e-21,1.3178e-18,8.2801e-16,9.1273e-16
2423.2,7.2643e-25,7.2477e-21,7.2476e-21,7.34e-21,7.3398e-21,1.3187e-18,8.193e-16,9.0031e-16
2456.9,7.2476e-25,7.3464e-21,7.3464e-21,7.4425e-21,7.4423e-21,1.3197e-18,8.1072e-16,8.8797e-16
2491.1,7.2313e-25,7.4466e-21,7.4466e-21,7.5465e-21,7.5463e-21,1.3206e-18,8.0225e-16,8.7574e-16
2525.8,7.2152e-25,7.5483e-21,7.5483e-21,7.6522e-21,7.652e-21,1.3215e-18,7.939e-16,8.6359e-16
2561,7.1994e-25,7.6514e-21,7.6514e-21,7.7595e-21,7.7593e-21,1.3224e-18,7.8567e-16,8.5154e-16
2596.7,7.1837e-25,7.756e-21,7.756e-21,7.8684e-21,7.8682e-21,1.3232e-18,7.7755e-16,8.3958e-16
2632.8,7.1683e-25,7.8621e-21,7.8621e-21,7.9791e-21,7.9789e-21,1.3241e-18,7.6955e-16,8.2772e-16
2669.5,7.1531e-25,7.9697e-21,7.9697e-21,8.0915e-21,8.0912e-21,1.325e-18,7.6166e-16,8.1595e-16
2706.7,7.1381e-25,8.0789e-21,8.0789e-21,8.2056e-21,8.2053e-21,1.3258e-18,7.539e-16,8.0427e-16
2744.3,7.1233e-25,8.1897e-21,8.1897e-21,8.3215e-21,8.3212e-21,1.3266e-18,7.4627e-16,7.927e-16
2782.6,7.1086e-25,8.302e-21,8.302e-21,8.4392e-21,8.439e-21,1.3275e-18,7.3879e-16,7.8123e-16
2821.3,7.0942e-25,8.416e-21,8.416e-21,8.5588e-21,8.5585e-21,1.3283e-18,7.3147e-16,7.6987e-16
2860.6,7.0801e-25,8.5316e-21,8.5316e-21,8.6803e-21,8.6799e-21,1.3291e-18,7.2433e-16,7.5862e-16
2900.4,7.0663e-25,8.6489e-21,8.6489e-21,8.8036e-21,8.8033e-21,1.3299e-18,7.1741e-16,7.475e-16
2940.8,7.0531e-25,8.7679e-21,8.7679e-21,8.9289e-21,8.9286e-21,1.3307e-18,7.1071e-16,7.365e-16
2981.8,7.0415e-25,8.8886e-21,8.8885e-21,9.0562e-21,9.0559e-21,1.3315e-18,7.0425e-16,7.2563e-16
3023.3,7.0381e-25,9.011e-21,9.011e-21,9.1855e-21,9.1852e-21,1.3323e-18,6.9804e-16,7.1489e-16
3065.4,8.8884e-25,9.1337e-21,9.1337e-21,9.3154e-21,9.315e-21,1.3329e-18,6.9198e-16,7.0417e-16
3108.1,7.0216e-25,9.2611e-21,9.2611e-21,9.4504e-21,9.4499e-21,1.3339e-18,6.8637e-16,6.938e-16
3151.4,6.9884e-25,9.3889e-21,9.3889e-21,9.586e-21,9.5855e-21,1.3346e-18,6.8089e-16,6.8343e-16
3195.2,6.9724e-25,9.5185e-21,9.5185e-21,9.7237e-21,9.7233e-21,1.3354e-18,6.7562e-16,6.7318e-16
3239.7,6.9586e-25,9.65e-21,9.65e-21,9.8637e-21,9.8633e-21,1.3362e-18,6.7056e-16,6.6304e-16
3284.9,6.9454e-25,9.7834e-21,9.7834e-21,1.0006e-20,1.0005e-20,1.337e-18,6.6568e-16,6.53e-16
3330.6,6.9326e-25,9.9187e-21,9.9187e-21,1.0151e-20,1.015e-20,1.3377e-18,6.6099e-16,6.4305e-16
3377,6.9201e-25,1.0056e-20,1.0056e-20,1.0297e-20,1.0297e-20,1.3385e-18,6.5648e-16,6.332e-16
3424,6.9077e-25,1.0195e-20,1.0195e-20,1.0447e-20,1.0446e-20,1.3393e-18,6.5214e-16,6.2344e-16
3471.7,6.8956e-25,1.0336e-20,1.0336e-20,1.0598e-20,1.0598e-20,1.34e-18,6.4798e-16,6.1376e-16
3520,6.8836e-25,1.048e-20,1.048e-20,1.0753e-20,1.0752e-20,1.3408e-18,6.44e-16,6.0418e-16
3569,6.8717e-25,1.0625e-20,1.0625e-20,1.0909e-20,1.0909e-20,1.3416e-18,6.402e-16,5.9468e-16
3618.7,6.8601e-25,1.0772e-20,1.0772e-20,1.1069e-20,1.1068e-20,1.3424e-18,6.3659e-16,5.8527e-16
3669.1,6.8485e-25,1.0922e-20,1.0922e-20,1.1231e-20,1.123e-20,1.3431e-18,6.3318e-16,5.7594e-16
3720.2,6.8372e-25,1.1074e-20,1.1074e-20,1.1395e-20,1.1395e-20,1.3439e-18,6.2997e-16,5.667e-16
3772,6.826e-25,1.1228e-20,1.1228e-20,1.1563e-20,1.1562e-20,1.3447e-18,6.2697e-16,5.5754e-16
3824.6,6.815e-25,1.1384e-20,1.1384e-20,1.1733e-20,1.1732e-20,1.3455e-18,6.2418e-16,5.4847e-16
3877.8,6.8043e-25,1.1542e-20,1.1542e-20,1.1906e-20,1.1905e-20,1.3463e-18,6.2163e-16,5.3948e-16
3931.8,6.7942e-25,1.1703e-20,1.1703e-20,1.2082e-20,1.2081e-20,1.3471e-18,6.1932e-16,5.3057e-16
3986.6,6.787e-25,1.1866e-20,1.1866e-20,1.2261e-20,1.226e-20,1.3479e-18,6.1727e-16,5.2175e-16
4042.1,7.1555e-25,1.2031e-20,1.2031e-20,1.2443e-20,1.2442e-20,1.3487e-18,6.1546e-16,5.13e-16
4098.4,6.7702e-25,1.2199e-20,1.2199e-20,1.2628e-20,1.2627e-20,1.3495e-18,6.1396e-16,5.0434e-16
4155.5,6.7525e-25,1.2369e-20,1.2369e-20,1.2817e-20,1.2816e-20,1.3503e-18,6.1274e-16,4.9576e-16
4213.3,6.7413e-25,1.2542e-20,1.2542e-20,1.3008e-20,1.3007e-20,1.3511e-18,6.1183e-16,4.8726e-16
4272,6.7309e-25,1.2717e-20,1.2717e-20,1.3203e-20,1.3202e-20,1.352e-18,6.1124e-16,4.7883e-16
4331.5,6.7209e-25,1.2895e-20,1.2895e-20,1.3402e-20,1.3401e-20,1.3528e-18,6.1101e-16,4.7047e-16
4391.8,6.711e-25,1.3075e-20,1.3075e-20,1.3604e-20,1.3602e-20,1.3537e-18,6.1115e-16,4.6218e-16
4453,6.7013e-25,1.3258e-20,1.3258e-20,1.3809e-20,1.3808e-20,1.3545e-18,6.1159e-16,4.5393e-16
4515,6.6918e-25,1.3443e-20,1.3443e-20,1.4018e-20,1.4017e-20,1.3554e-18,6.1247e-16,4.4573e-16
4577.8,6.6824e-25,1.3632e-20,1.3632e-20,1.4231e-20,1.4229e-20,1.3563e-18,6.1372e-16,4.3759e-16
4641.6,6.6731e-25,1.3823e-20,1.3822e-20,1.4448e-20,1.4446e-20,1.3572e-18,6.1535e-16,4.2952e-16
4706.2,6.6639e-25,1.4016e-20,1.4016e-20,1.4668e-20,1.4666e-20,1.3581e-18,6.1741e-16,4.2154e-16
4771.8,6.6549e-25,1.4213e-20,1.4213e-20,1.4893e-20,1.4891e-20,1.359e-18,6.1995e-16,4.1367e-16
4838.2,6.646e-25,1.4412e-20,1.4412e-20,1.5121e-20,1.512e-20,1.36e-18,6.23e-16,4.0591e-16
4905.6,6.6373e-25,1.4615e-20,1.4615e-20,1.5354e-20,1.5352e-20,1.3609e-18,6.2661e-16,3.9824e-16
4973.9,6.6287e-25,1.482e-20,1.482e-20,1.5591e-20,1.5589e-20,1.3619e-18,6.308e-16,3.9066e-16
5043.2,6.6206e-25,1.5028e-20,1.5028e-20,1.5833e-20,1.5831e-20,1.3629e-18,6.3561e-16,3.8316e-16
5113.4,6.6154e-25,1.524e-20,1.5239e-20,1.6079e-20,1.6077e-20,1.3639e-18,6.4104e-16,3.7574e-16
5184.6,6.7365e-25,1.5454e-20,1.5454e-20,1.633e-20,1.6328e-20,1.3649e-18,6.4711e-16,3.684e-16
5256.8,6.5964e-25,1.5672e-20,1.5671e-20,1.6586e-20,1.6583e-20,1.3659e-18,6.5384e-16,3.6114e-16
5330,6.5871e-25,1.5892e-20,1.5892e-20,1.6846e-20,1.6843e-20,1.367e-18,6.6119e-16,3.5395e-16
5404.2,6.5788e-25,1.6116e-20,1.6116e-20,1.7111e-20,1.7109e-20,1.368e-18,6.6916e-16,3.4684e-16
5479.5,6.5708e-25,1.6344e-20,1.6343e-20,1.7382e-20,1.7379e-20,1.3691e-18,6.7766e-16,3.3982e-16
5555.8,6.5629e-25,1.6574e-20,1.6574e-20,1.7658e-20,1.7655e-20,1.3702e-18,6.8659e-16,3.3288e-16
5633.1,6.5552e-25,1.6808e-20,1.6808e-20,1.7939e-20,1.7936e-20,1.3714e-18,6.9578e-16,3.2603e-16
5711.6,6.5476e-25,1.7046e-20,1.7045e-20,1.8226e-20,1.8223e-20,1.3725e-18,7.0498e-16,3.1927e-16
5791.1,6.5401e-25,1.7287e-20,1.7286e-20,1.8519e-20,1.8515e-20,1.3737e-18,7.1384e-16,3.126e-16
5871.8,6.5327e-25,1.7531e-20,1.7531e-20,1.8817e-20,1.8813e-20,1.3749e-18,7.2185e-16,3.0604e-16
5953.5,6.5254e-25,1.7779e-20,1.7779e-20,1.9122e-20,1.9118e-20,1.3761e-18,7.2839e-16,2.9959e-16
6036.4,6.5182e-25,1.8031e-20,1.8031e-20,1.9433e-20,1.9429e-20,1.3773e-18,7.3262e-16,2.9327e-16
6120.5,6.5112e-25,1.8286e-20,1.8286e-20,1.975e-20,1.9746e-20,1.3786e-18,7.336e-16,2.8708e-16
6205.7,6.5042e-25,1.8546e-20,1.8545e-20,2.0074e-20,2.0069e-20,1.3798e-18,7.3026e-16,2.8104e-16
6292.1,6.4976e-25,1.8809e-20,1.8809e-20,2.0405e-20,2.04e-20,1.3811e-18,7.2154e-16,2.7517e-16
6379.8,6.4941e-25,1.9076e-20,1.9076e-20,2.0743e-20,2.0737e-20,1.3825e-18,7.0654e-16,2.695e-16
6468.6,6.4892e-25,1.9347e-20,1.9346e-20,2.1088e-20,2.1082e-20,1.3838e-18,6.8468e-16,2.6408e-16
6558.7,6.4775e-25,1.9622e-20,1.9621e-20,2.144e-20,2.1434e-20,1.3852e-18,6.5579e-16,2.5895e-16
6650,6.4706e-25,1.9901e-20,1.9901e-20,2.18e-20,2.1794e-20,1.3866e-18,6.2014e-16,2.5419e-16
6742.6,6.4641e-25,2.0184e-20,2.0184e-20,2.2168e-20,2.2162e-20,1.388e-18,5.7829e-16,2.499e-16
6836.5,6.4577e-25,2.0472e-20,2.0471e-20,2.2545e-20,2.2537e-20,1.3894e-18,5.3083e-16,2.4621e-16
6931.7,6.4515e-25,2.0763e-20,2.0763e-20,2.2929e-20,2.2922e-20,1.3908e-18,4.7801e-16,2.4331e-16
7028.2,6.4453e-25,2.1059e-20,2.1059e-20,2.3323e-20,2.3315e-20,1.3922e-18,4.1953e-16,2.4138e-16
7126.1,6.4392e-25,2.136e-20,2.1359e-20,2.3725e-20,2.3717e-20,1.3936e-18,3.5482e-16,2.4028e-16
7225.3,6.4332e-25,2.1665e-20,2.1664e-20,2.4137e-20,2.4128e-20,1.3948e-18,2.8469e-16,2.3815e-16
7326,6.4273e-25,2.1975e-20,2.1974e-20,2.4558e-20,2.4549e-20,1.3955e-18,2.1391e-16,2.2471e-16
7428,6.4215e-25,2.2289e-20,2.2288e-20,2.499e-20,2.498e-20,1.3964e-18,1.6323e-16,1.9795e-16
7531.4,6.4157e-25,2.2608e-20,2.2607e-20,2.5433e-20,2.542e-20,1.3974e-18,1.3884e-16,1.6312e-16
7636.3,6.4102e-25,2.2932e-20,2.2931e-20,2.5886e-20,2.5871e-20,1.3995e-18,1.3729e-16,1.4792e-16
7742.6,6.4053e-25,2.326e-20,2.3259e-20,2.6349e-20,2.6334e-20,1.4016e-18,1.4131e-16,1.4327e-16
7850.5,6.4142e-25,2.3594e-20,2.3593e-20,2.6824e-20,2.6808e-20,1.4037e-18,1.4271e-16,1.4112e-16
7959.8,6.3938e-25,2.3932e-20,2.3932e-20,2.7311e-20,2.7294e-20,1.4055e-18,1.4044e-16,1.391e-16
8070.6,6.3882e-25,2.4276e-20,2.4275e-20,2.781e-20,2.7792e-20,1.4073e-18,1.3544e-16,1.3675e-16
8183,6.3829e-25,2.4625e-20,2.4624e-20,2.8322e-20,2.8303e-20,1.4091e-18,1.2883e-16,1.3407e-16
8297,6.3776e-25,2.4979e-20,2.4978e-20,2.8847e-20,2.8827e-20,1.4108e-18,1.2143e-16,1.3117e-16
8412.5,6.3725e-25,2.5339e-20,2.5338e-20,2.9386e-20,2.9365e-20,1.4125e-18,1.1379e-16,1.2815e-16
8529.6,6.3675e-25,2.5704e-20,2.5702e-20,2.9939e-20,2.9917e-20,1.4141e-18,1.0626e-16,1.2513e-16
8648.4,6.3625e-25,2.6074e-20,2.6073e-20,3.0507e-20,3.0484e-20,1.4158e-18,9.9051e-17,1.2216e-16
8768.9,6.3576e-25,2.6451e-20,2.6449e-20,3.1091e-20,3.1066e-20,1.4175e-18,9.2284e-17,1.1932e-16
8891,6.3527e-25,2.6832e-20,2.6831e-20,3.169e-20,3.1665e-20,1.4191e-18,8.6025e-17,1.1667e-16
9014.8,6.348e-25,2.722e-20,2.7218e-20,3.2306e-20,3.228e-20,1.4209e-18,8.0306e-17,1.1426e-16
9140.3,6.3433e-25,2.7614e-20,2.7611e-20,3.2939e-20,3.2913e-20,1.4226e-18,7.5134e-17,1.1215e-16
9267.6,6.3391e-25,2.8013e-20,2.8011e-20,3.3591e-20,3.3564e-20,1.4245e-18,7.0501e-17,1.1037e-16
9396.6,6.3379e-25,2.8419e-20,2.8416e-20,3.4261e-20,3.4234e-20,1.4264e-18,6.639e-17,1.0898e-16
9527.5,6.3297e-25,2.883e-20,2.8828e-20,3.4951e-20,3.4924e-20,1.4285e-18,6.2777e-17,1.0801e-16
9660.2,6.3251e-25,2.9248e-20,2.9246e-20,3.5661e-20,3.5635e-20,1.4307e-18,5.9633e-17,1.0749e-16
9794.7,6.3208e-25,2.9673e-20,2.967e-20,3.6392e-20,3.6367e-20,1.4332e-18,5.6928e-17,1.0745e-16
9931.1,6.3164e-25,3.0104e-20,3.0101e-20,3.7146e-20,3.7123e-20,1.4358e-18,5.4625e-17,1.0792e-16
10069,NaN,NaN,NaN,NaN,NaN,NaN,NaN,NaN
10210,NaN,NaN,NaN,NaN,NaN,NaN,NaN,NaN
10352,NaN,NaN,NaN,NaN,NaN,NaN,NaN,NaN
10496,NaN,NaN,NaN,NaN,NaN,NaN,NaN,NaN
10642,NaN,NaN,NaN,NaN,NaN,NaN,NaN,NaN
10790,NaN,NaN,NaN,NaN,NaN,NaN,NaN,NaN
10941,NaN,NaN,NaN,NaN,NaN,NaN,NaN,NaN
11093,NaN,NaN,NaN,NaN,NaN,NaN,NaN,NaN
11247,NaN,NaN,NaN,NaN,NaN,NaN,NaN,NaN
11404,NaN,NaN,NaN,NaN,NaN,NaN,NaN,NaN
11563,NaN,NaN,NaN,NaN,NaN,NaN,NaN,NaN
11724,NaN,NaN,NaN,NaN,NaN,NaN,NaN,NaN
11887,NaN,NaN,NaN,NaN,NaN,NaN,NaN,NaN
12053,NaN,NaN,NaN,NaN,NaN,NaN,NaN,NaN
12220,NaN,NaN,NaN,NaN,NaN,NaN,NaN,NaN
12391,NaN,NaN,NaN,NaN,NaN,NaN,NaN,NaN
12563,NaN,NaN,NaN,NaN,NaN,NaN,NaN,NaN
12738,NaN,NaN,NaN,NaN,NaN,NaN,NaN,NaN
12915,NaN,NaN,NaN,NaN,NaN,NaN,NaN,NaN
13095,NaN,NaN,NaN,NaN,NaN,NaN,NaN,NaN
13278,NaN,NaN,NaN,NaN,NaN,NaN,NaN,NaN
13463,NaN,NaN,NaN,NaN,NaN,NaN,NaN,NaN
13650,NaN,NaN,NaN,NaN,NaN,NaN,NaN,NaN
13840,NaN,NaN,NaN,NaN,NaN,NaN,NaN,NaN
14033,NaN,NaN,NaN,NaN,NaN,NaN,NaN,NaN
14228,NaN,NaN,NaN,NaN,NaN,NaN,NaN,NaN
14426,NaN,NaN,NaN,NaN,NaN,NaN,NaN,NaN
14627,NaN,NaN,NaN,NaN,NaN,NaN,NaN,NaN
14831,NaN,NaN,NaN,NaN,NaN,NaN,NaN,NaN
15038,NaN,NaN,NaN,NaN,NaN,NaN,NaN,NaN
15247,NaN,NaN,NaN,NaN,NaN,NaN,NaN,NaN
15459,NaN,NaN,NaN,NaN,NaN,NaN,NaN,NaN
15675,NaN,NaN,NaN,NaN,NaN,NaN,NaN,NaN
15893,NaN,NaN,NaN,NaN,NaN,NaN,NaN,NaN
16114,NaN,NaN,NaN,NaN,NaN,NaN,NaN,NaN
16339,NaN,NaN,NaN,NaN,NaN,NaN,NaN,NaN
16566,NaN,NaN,NaN,NaN,NaN,NaN,NaN,NaN
16797,NaN,NaN,NaN,NaN,NaN,NaN,NaN,NaN
17031,NaN,NaN,NaN,NaN,NaN,NaN,NaN,NaN
17268,NaN,NaN,NaN,NaN,NaN,NaN,NaN,NaN
17508,NaN,NaN,NaN,NaN,NaN,NaN,NaN,NaN
17752,NaN,NaN,NaN,NaN,NaN,NaN,NaN,NaN
17999,NaN,NaN,NaN,NaN,NaN,NaN,NaN,NaN
18250,NaN,NaN,NaN,NaN,NaN,NaN,NaN,NaN
18504,NaN,NaN,NaN,NaN,NaN,NaN,NaN,NaN
18762,NaN,NaN,NaN,NaN,NaN,NaN,NaN,NaN
19023,NaN,NaN,NaN,NaN,NaN,NaN,NaN,NaN
19288,NaN,NaN,NaN,NaN,NaN,NaN,NaN,NaN
19557,NaN,NaN,NaN,NaN,NaN,NaN,NaN,NaN
19829,NaN,NaN,NaN,NaN,NaN,NaN,NaN,NaN
20105,NaN,NaN,NaN,NaN,NaN,NaN,NaN,NaN
20385,NaN,NaN,NaN,NaN,NaN,NaN,NaN,NaN
20669,NaN,NaN,NaN,NaN,NaN,NaN,NaN,NaN
20957,NaN,NaN,NaN,NaN,NaN,NaN,NaN,NaN
21248,NaN,NaN,NaN,NaN,NaN,NaN,NaN,NaN
21544,NaN,NaN,NaN,NaN,NaN,NaN,NaN,NaN
21844,NaN,NaN,NaN,NaN,NaN,NaN,NaN,NaN
22149,NaN,NaN,NaN,NaN,NaN,NaN,NaN,NaN
22457,NaN,NaN,NaN,NaN,NaN,NaN,NaN,NaN
22770,NaN,NaN,NaN,NaN,NaN,NaN,NaN,NaN
23087,NaN,NaN,NaN,NaN,NaN,NaN,NaN,NaN
23408,NaN,NaN,NaN,NaN,NaN,NaN,NaN,NaN
23734,NaN,NaN,NaN,NaN,NaN,NaN,NaN,NaN
24065,NaN,NaN,NaN,NaN,NaN,NaN,NaN,NaN
24400,NaN,NaN,NaN,NaN,NaN,NaN,NaN,NaN
24740,NaN,NaN,NaN,NaN,NaN,NaN,NaN,NaN
25084,NaN,NaN,NaN,NaN,NaN,NaN,NaN,NaN
25433,NaN,NaN,NaN,NaN,NaN,NaN,NaN,NaN
25788,NaN,NaN,NaN,NaN,NaN,NaN,NaN,NaN
26147,NaN,NaN,NaN,NaN,NaN,NaN,NaN,NaN
26511,NaN,NaN,NaN,NaN,NaN,NaN,NaN,NaN
26880,NaN,NaN,NaN,NaN,NaN,NaN,NaN,NaN
27254,NaN,NaN,NaN,NaN,NaN,NaN,NaN,NaN
27634,NaN,NaN,NaN,NaN,NaN,NaN,NaN,NaN
28019,NaN,NaN,NaN,NaN,NaN,NaN,NaN,NaN
28409,NaN,NaN,NaN,NaN,NaN,NaN,NaN,NaN
28804,NaN,NaN,NaN,NaN,NaN,NaN,NaN,NaN
29206,NaN,NaN,NaN,NaN,NaN,NaN,NaN,NaN
29612,NaN,NaN,NaN,NaN,NaN,NaN,NaN,NaN
30025,NaN,NaN,NaN,NaN,NaN,NaN,NaN,NaN
30443,NaN,NaN,NaN,NaN,NaN,NaN,NaN,NaN
30867,NaN,NaN,NaN,NaN,NaN,NaN,NaN,NaN
31296,NaN,NaN,NaN,NaN,NaN,NaN,NaN,NaN
31732,NaN,NaN,NaN,NaN,NaN,NaN,NaN,NaN
32174,NaN,NaN,NaN,NaN,NaN,NaN,NaN,NaN
32622,NaN,NaN,NaN,NaN,NaN,NaN,NaN,NaN
33076,NaN,NaN,NaN,NaN,NaN,NaN,NaN,NaN
33537,NaN,NaN,NaN,NaN,NaN,NaN,NaN,NaN
34004,NaN,NaN,NaN,NaN,NaN,NaN,NaN,NaN
34478,NaN,NaN,NaN,NaN,NaN,NaN,NaN,NaN
34958,NaN,NaN,NaN,NaN,NaN,NaN,NaN,NaN
35445,NaN,NaN,NaN,NaN,NaN,NaN,NaN,NaN
35938,NaN,NaN,NaN,NaN,NaN,NaN,NaN,NaN
36439,NaN,NaN,NaN,NaN,NaN,NaN,NaN,NaN
36946,NaN,NaN,NaN,NaN,NaN,NaN,NaN,NaN
37461,NaN,NaN,NaN,NaN,NaN,NaN,NaN,NaN
37982,NaN,NaN,NaN,NaN,NaN,NaN,NaN,NaN
38511,NaN,NaN,NaN,NaN,NaN,NaN,NaN,NaN
39047,NaN,NaN,NaN,NaN,NaN,NaN,NaN,NaN
39591,NaN,NaN,NaN,NaN,NaN,NaN,NaN,NaN
40142,NaN,NaN,NaN,NaN,NaN,NaN,NaN,NaN
40701,NaN,NaN,NaN,NaN,NaN,NaN,NaN,NaN
41268,NaN,NaN,NaN,NaN,NaN,NaN,NaN,NaN
41843,NaN,NaN,NaN,NaN,NaN,NaN,NaN,NaN
42426,NaN,NaN,NaN,NaN,NaN,NaN,NaN,NaN
43016,NaN,NaN,NaN,NaN,NaN,NaN,NaN,NaN
43615,NaN,NaN,NaN,NaN,NaN,NaN,NaN,NaN
44223,NaN,NaN,NaN,NaN,NaN,NaN,NaN,NaN
44839,NaN,NaN,NaN,NaN,NaN,NaN,NaN,NaN
45463,NaN,NaN,NaN,NaN,NaN,NaN,NaN,NaN
46096,NaN,NaN,NaN,NaN,NaN,NaN,NaN,NaN
46738,NaN,NaN,NaN,NaN,NaN,NaN,NaN,NaN
47389,NaN,NaN,NaN,NaN,NaN,NaN,NaN,NaN
48049,NaN,NaN,NaN,NaN,NaN,NaN,NaN,NaN
48718,NaN,NaN,NaN,NaN,NaN,NaN,NaN,NaN
49396,NaN,NaN,NaN,NaN,NaN,NaN,NaN,NaN
50084,NaN,NaN,NaN,NaN,NaN,NaN,NaN,NaN
50782,NaN,NaN,NaN,NaN,NaN,NaN,NaN,NaN
51489,NaN,NaN,NaN,NaN,NaN,NaN,NaN,NaN
52206,NaN,NaN,NaN,NaN,NaN,NaN,NaN,NaN
52933,NaN,NaN,NaN,NaN,NaN,NaN,NaN,NaN
53670,NaN,NaN,NaN,NaN,NaN,NaN,NaN,NaN
54417,NaN,NaN,NaN,NaN,NaN,NaN,NaN,NaN
55175,NaN,NaN,NaN,NaN,NaN,NaN,NaN,NaN
55943,NaN,NaN,NaN,NaN,NaN,NaN,NaN,NaN
56722,NaN,NaN,NaN,NaN,NaN,NaN,NaN,NaN
57512,NaN,NaN,NaN,NaN,NaN,NaN,NaN,NaN
58313,NaN,NaN,NaN,NaN,NaN,NaN,NaN,NaN
59125,NaN,NaN,NaN,NaN,NaN,NaN,NaN,NaN
59948,NaN,NaN,NaN,NaN,NaN,NaN,NaN,NaN
60783,NaN,NaN,NaN,NaN,NaN,NaN,NaN,NaN
61630,NaN,NaN,NaN,NaN,NaN,NaN,NaN,NaN
62488,NaN,NaN,NaN,NaN,NaN,NaN,NaN,NaN
63358,NaN,NaN,NaN,NaN,NaN,NaN,NaN,NaN
64240,NaN,NaN,NaN,NaN,NaN,NaN,NaN,NaN
65135,NaN,NaN,NaN,NaN,NaN,NaN,NaN,NaN
66042,NaN,NaN,NaN,NaN,NaN,NaN,NaN,NaN
66962,NaN,NaN,NaN,NaN,NaN,NaN,NaN,NaN
67894,NaN,NaN,NaN,NaN,NaN,NaN,NaN,NaN
68840,NaN,NaN,NaN,NaN,NaN,NaN,NaN,NaN
69798,NaN,NaN,NaN,NaN,NaN,NaN,NaN,NaN
70770,NaN,NaN,NaN,NaN,NaN,NaN,NaN,NaN
71756,NaN,NaN,NaN,NaN,NaN,NaN,NaN,NaN
72755,NaN,NaN,NaN,NaN,NaN,NaN,NaN,NaN
73768,NaN,NaN,NaN,NaN,NaN,NaN,NaN,NaN
74795,NaN,NaN,NaN,NaN,NaN,NaN,NaN,NaN
75837,NaN,NaN,NaN,NaN,NaN,NaN,NaN,NaN
76893,NaN,NaN,NaN,NaN,NaN,NaN,NaN,NaN
77964,NaN,NaN,NaN,NaN,NaN,NaN,NaN,NaN
79049,NaN,NaN,NaN,NaN,NaN,NaN,NaN,NaN
80150,NaN,NaN,NaN,NaN,NaN,NaN,NaN,NaN
81266,NaN,NaN,NaN,NaN,NaN,NaN,NaN,NaN
82398,NaN,NaN,NaN,NaN,NaN,NaN,NaN,NaN
83545,NaN,NaN,NaN,NaN,NaN,NaN,NaN,NaN
84709,NaN,NaN,NaN,NaN,NaN,NaN,NaN,NaN
85888,NaN,NaN,NaN,NaN,NaN,NaN,NaN,NaN
87084,NaN,NaN,NaN,NaN,NaN,NaN,NaN,NaN
88297,NaN,NaN,NaN,NaN,NaN,NaN,NaN,NaN
89527,NaN,NaN,NaN,NaN,NaN,NaN,NaN,NaN
90773,NaN,NaN,NaN,NaN,NaN,NaN,NaN,NaN
92037,NaN,NaN,NaN,NaN,NaN,NaN,NaN,NaN
93319,NaN,NaN,NaN,NaN,NaN,NaN,NaN,NaN
94618,NaN,NaN,NaN,NaN,NaN,NaN,NaN,NaN
95936,NaN,NaN,NaN,NaN,NaN,NaN,NaN,NaN
97272,NaN,NaN,NaN,NaN,NaN,NaN,NaN,NaN
98627,NaN,NaN,NaN,NaN,NaN,NaN,NaN,NaN
1e+05,NaN,NaN,NaN,NaN,NaN,NaN,NaN,NaN
