#Displacement noise coupling G: Multiply G with the displacement noise spectrum of each mirror in m/sqrt(Hz) to get the strain equivalent DARM noise.
#freq,ETMX,ETMY,ITMX,ITMY,BS,PRM,SRM
0.1,0.00034292,0.00032375,0.00077424,0.00010904,0.0006058,2.9635e-06,0.00086115
0.10139,0.00034292,0.00032375,0.00077445,0.00010924,0.00060608,2.9649e-06,0.00086155
0.1028,0.00034292,0.00032374,0.00077465,0.00010945,0.00060636,2.9663e-06,0.00086195
0.10424,0.00034293,0.00032374,0.00077487,0.00010966,0.00060666,2.9678e-06,0.00086237
0.10569,0.00034293,0.00032373,0.00077509,0.00010988,0.00060696,2.9693e-06,0.0008628
0.10716,0.00034294,0.00032373,0.00077532,0.00011011,0.00060727,2.9709e-06,0.00086324
0.10865,0.00034294,0.00032372,0.00077555,0.00011034,0.00060759,2.9725e-06,0.0008637
0.11016,0.00034295,0.00032371,0.00077579,0.00011059,0.00060792,2.9741e-06,0.00086417
0.1117,0.00034296,0.00032371,0.00077604,0.00011084,0.00060826,2.9758e-06,0.00086465
0.11325,0.00034296,0.00032371,0.00077629,0.00011109,0.00060861,2.9776e-06,0.00086515
0.11483,0.00034297,0.0003237,0.00077656,0.00011135,0.00060897,2.9794e-06,0.00086566
0.11643,0.00034297,0.00032369,0.00077682,0.00011162,0.00060934,2.9812e-06,0.00086619
0.11805,0.00034298,0.00032369,0.0007771,0.0001119,0.00060973,2.9831e-06,0.00086673
0.1197,0.00034299,0.00032368,0.00077739,0.00011219,0.00061012,2.9851e-06,0.00086728
0.12136,0.00034299,0.00032367,0.00077768,0.00011248,0.00061052,2.9871e-06,0.00086786
0.12305,0.000343,0.00032367,0.00077799,0.00011278,0.00061094,2.9892e-06,0.00086845
0.12477,0.00034301,0.00032366,0.0007783,0.0001131,0.00061137,2.9914e-06,0.00086906
0.1265,0.00034301,0.00032365,0.00077862,0.00011342,0.00061181,2.9936e-06,0.00086968
0.12826,0.00034302,0.00032365,0.00077895,0.00011375,0.00061226,2.9958e-06,0.00087033
0.13005,0.00034303,0.00032364,0.00077929,0.00011409,0.00061273,2.9982e-06,0.00087099
0.13186,0.00034304,0.00032363,0.00077964,0.00011444,0.00061321,3.0006e-06,0.00087168
0.1337,0.00034304,0.00032362,0.00078,0.0001148,0.00061371,3.0031e-06,0.00087238
0.13556,0.00034305,0.00032362,0.00078037,0.00011517,0.00061422,3.0056e-06,0.00087311
0.13745,0.00034306,0.00032361,0.00078075,0.00011556,0.00061474,3.0083e-06,0.00087385
0.13936,0.00034307,0.0003236,0.00078115,0.00011595,0.00061528,3.011e-06,0.00087462
0.1413,0.00034308,0.00032359,0.00078155,0.00011636,0.00061584,3.0138e-06,0.00087541
0.14327,0.00034309,0.00032358,0.00078197,0.00011678,0.00061641,3.0167e-06,0.00087623
0.14527,0.0003431,0.00032357,0.0007824,0.00011721,0.000617,3.0196e-06,0.00087707
0.14729,0.00034311,0.00032356,0.00078285,0.00011765,0.00061761,3.0227e-06,0.00087793
0.14934,0.00034311,0.00032355,0.0007833,0.00011811,0.00061824,3.0259e-06,0.00087882
0.15142,0.00034312,0.00032354,0.00078377,0.00011858,0.00061889,3.0291e-06,0.00087974
0.15353,0.00034313,0.00032353,0.00078426,0.00011906,0.00061955,3.0324e-06,0.00088069
0.15567,0.00034314,0.00032352,0.00078475,0.00011956,0.00062024,3.0359e-06,0.00088166
0.15783,0.00034316,0.00032351,0.00078527,0.00012008,0.00062095,3.0395e-06,0.00088266
0.16003,0.00034317,0.0003235,0.0007858,0.00012061,0.00062167,3.0431e-06,0.0008837
0.16226,0.00034318,0.00032349,0.00078635,0.00012116,0.00062242,3.0469e-06,0.00088476
0.16452,0.00034319,0.00032347,0.00078691,0.00012172,0.0006232,3.0508e-06,0.00088586
0.16681,0.00034321,0.00032346,0.00078749,0.0001223,0.000624,3.0548e-06,0.000887
0.16913,0.00034322,0.00032345,0.00078809,0.0001229,0.00062482,3.0589e-06,0.00088816
0.17149,0.00034323,0.00032344,0.0007887,0.00012352,0.00062566,3.0632e-06,0.00088937
0.17388,0.00034324,0.00032342,0.00078934,0.00012416,0.00062654,3.0676e-06,0.00089061
0.1763,0.00034326,0.00032341,0.00079,0.00012481,0.00062744,3.0722e-06,0.00089188
0.17875,0.00034327,0.0003234,0.00079067,0.00012548,0.00062836,3.0768e-06,0.0008932
0.18124,0.00034329,0.00032337,0.00079137,0.00012619,0.00062932,3.0817e-06,0.00089456
0.18377,0.0003433,0.00032336,0.00079208,0.0001269,0.00063031,3.0867e-06,0.00089596
0.18632,0.00034332,0.00032335,0.00079283,0.00012765,0.00063133,3.0918e-06,0.00089741
0.18892,0.00034334,0.00032333,0.00079359,0.00012841,0.00063238,3.0971e-06,0.0008989
0.19155,0.00034335,0.00032331,0.00079438,0.0001292,0.00063346,3.1026e-06,0.00090044
0.19422,0.00034337,0.0003233,0.00079519,0.00013002,0.00063458,3.1082e-06,0.00090202
0.19692,0.00034339,0.00032327,0.00079603,0.00013086,0.00063573,3.1141e-06,0.00090366
0.19966,0.00034341,0.00032326,0.0007969,0.00013172,0.00063692,3.1201e-06,0.00090535
0.20244,0.00034343,0.00032324,0.00079779,0.00013262,0.00063814,3.1263e-06,0.00090709
0.20526,0.00034345,0.00032322,0.00079871,0.00013354,0.00063941,3.1327e-06,0.00090889
0.20812,0.00034347,0.0003232,0.00079967,0.0001345,0.00064072,3.1394e-06,0.00091075
0.21102,0.00034349,0.00032318,0.00080065,0.00013548,0.00064207,3.1462e-06,0.00091267
0.21396,0.00034351,0.00032315,0.00080166,0.0001365,0.00064346,3.1533e-06,0.00091464
0.21694,0.00034354,0.00032313,0.00080271,0.00013754,0.0006449,3.1606e-06,0.00091669
0.21996,0.00034356,0.00032311,0.00080379,0.00013863,0.00064639,3.1682e-06,0.0009188
0.22302,0.00034358,0.00032308,0.00080491,0.00013975,0.00064792,3.176e-06,0.00092098
0.22613,0.00034361,0.00032306,0.00080606,0.0001409,0.00064951,3.1841e-06,0.00092323
0.22928,0.00034363,0.00032303,0.00080725,0.0001421,0.00065114,3.1924e-06,0.00092556
0.23247,0.00034366,0.00032301,0.00080848,0.00014333,0.00065284,3.2011e-06,0.00092796
0.23571,0.00034369,0.00032298,0.00080976,0.00014461,0.00065458,3.21e-06,0.00093044
0.23899,0.00034372,0.00032295,0.00081108,0.00014593,0.00065639,3.2192e-06,0.00093301
0.24232,0.00034375,0.00032292,0.00081244,0.00014729,0.00065826,3.2288e-06,0.00093567
0.24569,0.00034378,0.00032289,0.00081384,0.0001487,0.00066019,3.2387e-06,0.00093841
0.24911,0.00034381,0.00032286,0.0008153,0.00015016,0.00066219,3.2489e-06,0.00094125
0.25258,0.00034384,0.00032282,0.0008168,0.00015166,0.00066426,3.2595e-06,0.00094419
0.2561,0.00034388,0.00032279,0.00081836,0.00015322,0.0006664,3.2705e-06,0.00094723
0.25967,0.00034391,0.00032276,0.00081997,0.00015483,0.00066861,3.2819e-06,0.00095037
0.26328,0.00034395,0.00032272,0.00082164,0.00015651,0.0006709,3.2936e-06,0.00095362
0.26695,0.00034398,0.00032268,0.00082337,0.00015823,0.00067327,3.3058e-06,0.00095699
0.27067,0.00034402,0.00032264,0.00082515,0.00016003,0.00067573,3.3185e-06,0.00096048
0.27443,0.00034406,0.0003226,0.000827,0.00016188,0.00067827,3.3316e-06,0.00096409
0.27826,0.0003441,0.00032256,0.00082892,0.0001638,0.00068091,3.3452e-06,0.00096784
0.28213,0.00034415,0.00032252,0.00083091,0.00016579,0.00068364,3.3593e-06,0.00097171
0.28606,0.00034419,0.00032247,0.00083297,0.00016786,0.00068647,3.3739e-06,0.00097573
0.29004,0.00034424,0.00032243,0.00083511,0.00016999,0.0006894,3.3891e-06,0.0009799
0.29408,0.00034429,0.00032238,0.00083732,0.00017221,0.00069244,3.4049e-06,0.00098422
0.29818,0.00034434,0.00032233,0.00083962,0.00017451,0.0006956,3.4213e-06,0.0009887
0.30233,0.00034439,0.00032228,0.000842,0.0001769,0.00069887,3.4383e-06,0.00099335
0.30654,0.00034444,0.00032223,0.00084447,0.00017938,0.00070227,3.456e-06,0.00099818
0.31081,0.0003445,0.00032217,0.00084704,0.00018195,0.00070579,3.4744e-06,0.0010032
0.31514,0.00034456,0.00032211,0.00084971,0.00018462,0.00070946,3.4935e-06,0.0010084
0.31952,0.00034462,0.00032205,0.00085248,0.0001874,0.00071326,3.5134e-06,0.0010138
0.32397,0.00034468,0.00032199,0.00085536,0.00019028,0.00071722,3.5341e-06,0.0010194
0.32849,0.00034474,0.00032192,0.00085836,0.00019328,0.00072133,3.5557e-06,0.0010253
0.33306,0.00034481,0.00032185,0.00086147,0.0001964,0.00072561,3.5782e-06,0.0010313
0.3377,0.00034488,0.00032178,0.00086471,0.00019965,0.00073006,3.6016e-06,0.0010377
0.3424,0.00034495,0.00032171,0.00086808,0.00020303,0.00073469,3.626e-06,0.0010442
0.34717,0.00034503,0.00032163,0.0008716,0.00020655,0.00073952,3.6515e-06,0.0010511
0.352,0.00034511,0.00032156,0.00087526,0.00021021,0.00074454,3.6781e-06,0.0010582
0.3569,0.0003452,0.00032147,0.00087908,0.00021403,0.00074978,3.7059e-06,0.0010657
0.36187,0.00034528,0.00032139,0.00088305,0.00021802,0.00075525,3.7349e-06,0.0010734
0.36691,0.00034537,0.0003213,0.0008872,0.00022217,0.00076095,3.7652e-06,0.0010815
0.37202,0.00034547,0.0003212,0.00089154,0.00022652,0.0007669,3.797e-06,0.00109
0.3772,0.00034556,0.0003211,0.00089606,0.00023105,0.00077311,3.8302e-06,0.0010988
0.38246,0.00034567,0.000321,0.00090079,0.00023579,0.00077961,3.865e-06,0.0011081
0.38778,0.00034577,0.00032089,0.00090574,0.00024074,0.0007864,3.9015e-06,0.0011177
0.39318,0.00034589,0.00032078,0.00091092,0.00024592,0.00079351,3.9397e-06,0.0011278
0.39866,0.000346,0.00032066,0.00091634,0.00025135,0.00080095,3.9799e-06,0.0011384
0.40421,0.00034613,0.00032054,0.00092202,0.00025704,0.00080875,4.0221e-06,0.0011494
0.40984,0.00034626,0.00032041,0.00092797,0.00026301,0.00081692,4.0665e-06,0.0011611
0.41555,0.00034639,0.00032028,0.00093422,0.00026926,0.0008255,4.1132e-06,0.0011733
0.42133,0.00034653,0.00032013,0.00094078,0.00027584,0.00083451,4.1624e-06,0.0011861
0.4272,0.00034668,0.00031998,0.00094768,0.00028275,0.00084398,4.2143e-06,0.0011995
0.43315,0.00034684,0.00031983,0.00095494,0.00029001,0.00085394,4.2691e-06,0.0012137
0.43918,0.00034701,0.00031966,0.00096258,0.00029767,0.00086443,4.3269e-06,0.0012286
0.4453,0.00034718,0.00031949,0.00097063,0.00030573,0.00087549,4.3881e-06,0.0012443
0.4515,0.00034737,0.0003193,0.00097913,0.00031424,0.00088716,4.4529e-06,0.0012609
0.45778,0.00034756,0.0003191,0.00098811,0.00032324,0.00089948,4.5217e-06,0.0012784
0.46416,0.00034777,0.0003189,0.0009976,0.00033274,0.00091251,4.5947e-06,0.0012969
0.47062,0.00034799,0.00031868,0.0010076,0.00034281,0.0009263,4.6723e-06,0.0013165
0.47718,0.00034822,0.00031845,0.0010183,0.00035348,0.00094092,4.7549e-06,0.0013373
0.48382,0.00034846,0.0003182,0.0010296,0.0003648,0.00095644,4.8431e-06,0.0013593
0.49056,0.00034872,0.00031794,0.0010416,0.00037684,0.00097294,4.9373e-06,0.0013828
0.49739,0.000349,0.00031766,0.0010544,0.00038966,0.00099051,5.0381e-06,0.0014077
0.50432,0.0003493,0.00031737,0.0010681,0.00040333,0.0010092,5.1462e-06,0.0014343
0.51134,0.00034962,0.00031705,0.0010827,0.00041794,0.0010292,5.2624e-06,0.0014628
0.51846,0.00034995,0.00031671,0.0010983,0.00043357,0.0010507,5.3876e-06,0.0014932
0.52568,0.00035032,0.00031635,0.001115,0.00045033,0.0010736,5.5227e-06,0.0015259
0.533,0.00035071,0.00031596,0.001133,0.00046835,0.0010983,5.669e-06,0.0015609
0.54042,0.00035113,0.00031554,0.0011524,0.00048775,0.0011249,5.8277e-06,0.0015987
0.54795,0.00035158,0.00031508,0.0011733,0.00050871,0.0011536,6.0005e-06,0.0016395
0.55558,0.00035208,0.00031459,0.001196,0.0005314,0.0011847,6.1892e-06,0.0016837
0.56331,0.00035261,0.00031406,0.0012206,0.00055604,0.0012184,6.3961e-06,0.0017317
0.57116,0.00035319,0.00031348,0.0012474,0.00058288,0.0012552,6.6236e-06,0.0017839
0.57911,0.00035383,0.00031284,0.0012767,0.00061223,0.0012954,6.875e-06,0.001841
0.58718,0.00035453,0.00031214,0.0013088,0.00064441,0.0013395,7.1541e-06,0.0019037
0.59535,0.0003553,0.00031137,0.0013442,0.00067987,0.001388,7.4654e-06,0.0019727
0.60364,0.00035615,0.00031052,0.0013834,0.00071912,0.0014417,7.8147e-06,0.0020491
0.61205,0.00035709,0.00030957,0.001427,0.00076277,0.0015015,8.2089e-06,0.002134
0.62057,0.00035815,0.00030851,0.0014758,0.00081159,0.0015683,8.6572e-06,0.0022291
0.62921,0.00035934,0.00030732,0.0015306,0.00086654,0.0016435,9.1709e-06,0.002336
0.63798,0.00036069,0.00030597,0.0015928,0.00092881,0.0017287,9.7647e-06,0.0024572
0.64686,0.00036224,0.00030443,0.0016639,0.00099996,0.001826,1.0458e-05,0.0025956
0.65587,0.00036402,0.00030265,0.0017458,0.001082,0.0019382,1.1278e-05,0.0027552
0.665,0.00036609,0.00030057,0.0018413,0.0011776,0.0020689,1.2261e-05,0.0029411
0.67426,0.00036854,0.00029813,0.0019539,0.0012903,0.0022231,1.3457e-05,0.0031604
0.68365,0.00037146,0.00029521,0.0020887,0.0014252,0.0024075,1.4942e-05,0.0034227
0.69317,0.00037502,0.00029164,0.0022529,0.0015895,0.0026319,1.6829e-05,0.0037422
0.70282,0.00037946,0.00028721,0.0024572,0.0017939,0.0029111,1.9296e-05,0.0041395
0.71261,0.00038512,0.00028155,0.0027182,0.002055,0.0032675,2.2641e-05,0.004647
0.72253,0.00039262,0.00027404,0.0030635,0.0024002,0.0037384,2.7396e-05,0.0053177
0.7326,0.00040298,0.00026369,0.0035415,0.0028779,0.0043897,3.4598e-05,0.0062455
0.7428,0.00041831,0.00024836,0.0042482,0.0035832,0.0053505,4.6545e-05,0.0076149
0.75314,0.00044333,0.00022333,0.0054033,0.0047339,0.0069164,6.9342e-05,0.0098479
0.76363,0.00049233,0.00017434,0.0076689,0.0069808,0.0099724,0.0001251,0.014207
0.77426,0.00065054,1.6181e-05,0.015037,0.014181,0.019808,0.00037976,0.028203
0.78505,0.00026417,0.0004025,0.0035351,0.0027856,0.0047485,0.00044158,0.0057408
0.79598,5.4769e-05,0.0006119,0.012751,0.012905,0.018647,0.00037965,0.025479
0.80706,0.00014966,0.00051701,0.0081514,0.0087734,0.011842,7.2675e-05,0.01663
0.8183,0.00021461,0.00045206,0.0051403,0.0058011,0.0075979,1.7755e-05,0.010722
0.8297,0.00024704,0.00041962,0.0036422,0.0043096,0.0055046,3.3192e-06,0.0077823
0.84125,0.00026609,0.00040057,0.0027641,0.0034328,0.0042825,2.2321e-06,0.0060604
0.85296,0.00027856,0.00038811,0.0021896,0.0028586,0.003485,4.0182e-06,0.0049347
0.86484,0.00028734,0.00037933,0.0017853,0.0024541,0.0029245,4.711e-06,0.0041427
0.87689,0.00029384,0.00037282,0.0014854,0.002154,0.0025094,4.8955e-06,0.0035556
0.8891,0.00029886,0.00036781,0.0012543,0.0019227,0.0021897,4.8442e-06,0.0031033
0.90148,0.00030284,0.00036382,0.0010709,0.0017391,0.0019362,4.6831e-06,0.0027443
0.91403,0.00030608,0.00036058,0.00092181,0.0015898,0.0017302,4.4737e-06,0.0024526
0.92676,0.00030876,0.0003579,0.00079828,0.0014661,0.0015596,4.2467e-06,0.002211
0.93966,0.00031102,0.00035565,0.00069431,0.001362,0.0014161,4.0183e-06,0.0020076
0.95275,0.00031295,0.00035372,0.00060562,0.0012731,0.0012937,3.7963e-06,0.0018342
0.96602,0.00031461,0.00035206,0.0005291,0.0011965,0.0011881,3.5849e-06,0.0016846
0.97947,0.00031606,0.00035061,0.00046244,0.0011297,0.0010962,3.3856e-06,0.0015542
0.99311,0.00031733,0.00034934,0.00040386,0.0010711,0.0010154,3.1989e-06,0.0014397
1.0069,0.00031846,0.00034821,0.00035199,0.0010191,0.00094389,3.0246e-06,0.0013383
1.021,0.00031946,0.00034721,0.00030577,0.00097281,0.00088017,2.8621e-06,0.001248
1.0352,0.00032036,0.00034631,0.00026433,0.00093131,0.00082305,2.7108e-06,0.001167
1.0496,0.00032117,0.0003455,0.00022699,0.0008939,0.00077158,2.5698e-06,0.001094
1.0642,0.00032191,0.00034476,0.00019317,0.00086002,0.00072497,2.4384e-06,0.0010279
1.079,0.00032257,0.00034409,0.00016241,0.00082921,0.00068259,2.3158e-06,0.00096778
1.0941,0.00032318,0.00034348,0.00013432,0.00080108,0.00064389,2.2013e-06,0.00091289
1.1093,0.00032374,0.00034292,0.00010858,0.00077529,0.00060843,2.0942e-06,0.0008626
1.1247,0.00032426,0.00034241,8.4921e-05,0.00075159,0.00057583,1.994e-06,0.00081636
1.1404,0.00032473,0.00034194,6.3103e-05,0.00072973,0.00054577,1.9001e-06,0.00077372
1.1563,0.00032517,0.0003415,4.293e-05,0.00070952,0.00051798,1.812e-06,0.00073429
1.1724,0.00032558,0.00034109,2.4237e-05,0.00069078,0.00049221,1.7292e-06,0.00069774
1.1887,0.00032595,0.00034071,6.9433e-06,0.00067336,0.00046827,1.6513e-06,0.00066377
1.2053,0.0003263,0.00034036,9.4772e-06,0.00065714,0.00044597,1.5779e-06,0.00063213
1.222,0.00032663,0.00034003,2.4534e-05,0.000642,0.00042515,1.5087e-06,0.0006026
1.2391,0.00032694,0.00033973,3.8656e-05,0.00062784,0.00040569,1.4434e-06,0.00057498
1.2563,0.00032723,0.00033944,5.1892e-05,0.00061458,0.00038745,1.3818e-06,0.00054911
1.2738,0.0003275,0.00033917,6.4315e-05,0.00060213,0.00037034,1.3234e-06,0.00052484
1.2915,0.00032775,0.00033892,7.5993e-05,0.00059043,0.00035426,1.2682e-06,0.00050202
1.3095,0.00032799,0.00033868,8.6986e-05,0.00057942,0.00033913,1.2158e-06,0.00048054
1.3278,0.00032821,0.00033845,9.7349e-05,0.00056904,0.00032486,1.1662e-06,0.0004603
1.3463,0.00032843,0.00033824,0.00010713,0.00055924,0.00031139,1.119e-06,0.00044119
1.365,0.00032863,0.00033804,0.00011637,0.00054998,0.00029866,1.0742e-06,0.00042313
1.384,0.00032882,0.00033785,0.00012512,0.00054122,0.00028662,1.0317e-06,0.00040604
1.4033,0.000329,0.00033767,0.00013341,0.00053292,0.00027522,9.9113e-07,0.00038986
1.4228,0.00032917,0.0003375,0.00014126,0.00052505,0.0002644,9.5253e-07,0.00037451
1.4426,0.00032933,0.00033734,0.00014872,0.00051758,0.00025414,9.1576e-07,0.00035994
1.4627,0.00032948,0.00033718,0.0001558,0.00051048,0.00024438,8.8068e-07,0.0003461
1.4831,0.00032963,0.00033704,0.00016254,0.00050373,0.00023511,8.4722e-07,0.00033294
1.5038,0.00032977,0.0003369,0.00016895,0.00049731,0.00022628,8.1526e-07,0.00032042
1.5247,0.0003299,0.00033676,0.00017506,0.00049119,0.00021787,7.8473e-07,0.00030849
1.5459,0.00033003,0.00033664,0.00018089,0.00048536,0.00020986,7.5555e-07,0.00029711
1.5675,0.00033015,0.00033652,0.00018644,0.00047979,0.00020221,7.2763e-07,0.00028626
1.5893,0.00033027,0.0003364,0.00019174,0.00047448,0.00019491,7.0092e-07,0.0002759
1.6114,0.00033038,0.00033629,0.00019681,0.0004694,0.00018794,6.7534e-07,0.00026601
1.6339,0.00033048,0.00033619,0.00020165,0.00046455,0.00018127,6.5084e-07,0.00025655
1.6566,0.00033058,0.00033609,0.00020629,0.00045991,0.0001749,6.2736e-07,0.0002475
1.6797,0.00033068,0.00033599,0.00021072,0.00045547,0.00016879,6.0484e-07,0.00023884
1.7031,0.00033077,0.0003359,0.00021497,0.00045122,0.00016295,5.8324e-07,0.00023054
1.7268,0.00033086,0.00033581,0.00021904,0.00044714,0.00015735,5.6252e-07,0.0002226
1.7508,0.00033094,0.00033572,0.00022294,0.00044324,0.00015198,5.4262e-07,0.00021498
1.7752,0.00033102,0.00033564,0.00022668,0.00043949,0.00014683,5.2351e-07,0.00020767
1.7999,0.0003311,0.00033556,0.00023027,0.00043589,0.00014189,5.0515e-07,0.00020066
1.825,0.00033118,0.00033549,0.00023371,0.00043244,0.00013715,4.8751e-07,0.00019393
1.8504,0.00033125,0.00033542,0.00023702,0.00042913,0.00013259,4.7054e-07,0.00018747
1.8762,0.00033132,0.00033535,0.0002402,0.00042594,0.00012822,4.5422e-07,0.00018125
1.9023,0.00033138,0.00033528,0.00024326,0.00042288,0.00012401,4.3852e-07,0.00017528
1.9288,0.00033145,0.00033522,0.0002462,0.00041993,0.00011996,4.2342e-07,0.00016954
1.9557,0.00033151,0.00033516,0.00024903,0.0004171,0.00011607,4.0887e-07,0.00016402
1.9829,0.00033157,0.0003351,0.00025175,0.00041437,0.00011232,3.9487e-07,0.0001587
2.0105,0.00033163,0.00033504,0.00025437,0.00041175,0.00010872,3.8138e-07,0.00015359
2.0385,0.00033168,0.00033499,0.00025689,0.00040922,0.00010525,3.6838e-07,0.00014866
2.0669,0.00033173,0.00033493,0.00025932,0.00040679,0.0001019,3.5585e-07,0.00014391
2.0957,0.00033178,0.00033488,0.00026167,0.00040444,9.8679e-05,3.4378e-07,0.00013934
2.1248,0.00033183,0.00033483,0.00026392,0.00040218,9.5572e-05,3.3214e-07,0.00013493
2.1544,0.00033188,0.00033479,0.0002661,0.0004,9.2577e-05,3.2091e-07,0.00013068
2.1844,0.00033193,0.00033474,0.0002682,0.0003979,8.9688e-05,3.1007e-07,0.00012658
2.2149,0.00033197,0.0003347,0.00027022,0.00039587,8.6901e-05,2.9962e-07,0.00012262
2.2457,0.00033201,0.00033465,0.00027218,0.00039391,8.4212e-05,2.8953e-07,0.00011881
2.277,0.00033205,0.00033461,0.00027406,0.00039202,8.1617e-05,2.798e-07,0.00011512
2.3087,0.00033209,0.00033457,0.00027588,0.0003902,7.9111e-05,2.704e-07,0.00011157
2.3408,0.00033213,0.00033454,0.00027764,0.00038844,7.6692e-05,2.6132e-07,0.00010813
2.3734,0.00033217,0.0003345,0.00027934,0.00038674,7.4355e-05,2.5255e-07,0.00010482
2.4065,0.0003322,0.00033446,0.00028098,0.0003851,7.2097e-05,2.4408e-07,0.00010161
2.44,0.00033224,0.00033443,0.00028257,0.00038351,6.9915e-05,2.359e-07,9.8518e-05
2.474,0.00033227,0.0003344,0.0002841,0.00038197,6.7807e-05,2.2799e-07,9.5526e-05
2.5084,0.0003323,0.00033436,0.00028558,0.00038049,6.5769e-05,2.2034e-07,9.2633e-05
2.5433,0.00033233,0.00033433,0.00028701,0.00037906,6.3799e-05,2.1296e-07,8.9837e-05
2.5788,0.00033236,0.0003343,0.00028839,0.00037767,6.1893e-05,2.0581e-07,8.7133e-05
2.6147,0.00033239,0.00033427,0.00028973,0.00037633,6.005e-05,1.9891e-07,8.4517e-05
2.6511,0.00033242,0.00033424,0.00029103,0.00037503,5.8267e-05,1.9223e-07,8.1988e-05
2.688,0.00033245,0.00033422,0.00029228,0.00037378,5.6542e-05,1.8577e-07,7.954e-05
2.7254,0.00033248,0.00033419,0.0002935,0.00037256,5.4873e-05,1.7952e-07,7.7171e-05
2.7634,0.0003325,0.00033417,0.00029467,0.00037138,5.3258e-05,1.7347e-07,7.4879e-05
2.8019,0.00033253,0.00033414,0.00029581,0.00037025,5.1694e-05,1.6762e-07,7.266e-05
2.8409,0.00033255,0.00033412,0.00029691,0.00036915,5.0181e-05,1.6196e-07,7.0512e-05
2.8804,0.00033257,0.00033409,0.00029797,0.00036808,4.8715e-05,1.5648e-07,6.8432e-05
2.9206,0.00033259,0.00033407,0.000299,0.00036705,4.7296e-05,1.5118e-07,6.6418e-05
2.9612,0.00033262,0.00033405,0.0003,0.00036605,4.5921e-05,1.4605e-07,6.4467e-05
3.0025,0.00033264,0.00033403,0.00030097,0.00036508,4.459e-05,1.4108e-07,6.2578e-05
3.0443,0.00033266,0.00033401,0.00030191,0.00036414,4.33e-05,1.3627e-07,6.0747e-05
3.0867,0.00033268,0.00033399,0.00030281,0.00036323,4.205e-05,1.3161e-07,5.8974e-05
3.1296,0.0003327,0.00033397,0.00030369,0.00036235,4.084e-05,1.271e-07,5.7256e-05
3.1732,0.00033272,0.00033395,0.00030455,0.00036149,3.9666e-05,1.2274e-07,5.559e-05
3.2174,0.00033273,0.00033393,0.00030537,0.00036067,3.8529e-05,1.1851e-07,5.3977e-05
3.2622,0.00033275,0.00033392,0.00030617,0.00035986,3.7426e-05,1.1441e-07,5.2412e-05
3.3076,0.00033277,0.0003339,0.00030695,0.00035909,3.6358e-05,1.1044e-07,5.0896e-05
3.3537,0.00033278,0.00033388,0.0003077,0.00035833,3.5322e-05,1.066e-07,4.9426e-05
3.4004,0.0003328,0.00033387,0.00030843,0.0003576,3.4317e-05,1.0287e-07,4.8e-05
3.4478,0.00033282,0.00033385,0.00030914,0.00035689,3.3343e-05,9.9263e-08,4.6618e-05
3.4958,0.00033283,0.00033384,0.00030983,0.0003562,3.2399e-05,9.5767e-08,4.5278e-05
3.5445,0.00033284,0.00033382,0.00031049,0.00035554,3.1483e-05,9.238e-08,4.3978e-05
3.5938,0.00033286,0.00033381,0.00031114,0.00035489,3.0594e-05,8.9097e-08,4.2717e-05
3.6439,0.00033287,0.00033379,0.00031176,0.00035426,2.9733e-05,8.5916e-08,4.1494e-05
3.6946,0.00033289,0.00033378,0.00031237,0.00035366,2.8897e-05,8.2833e-08,4.0308e-05
3.7461,0.0003329,0.00033377,0.00031296,0.00035307,2.8085e-05,7.9845e-08,3.9157e-05
3.7982,0.00033291,0.00033376,0.00031353,0.00035249,2.7299e-05,7.6948e-08,3.804e-05
3.8511,0.00033292,0.00033374,0.00031409,0.00035194,2.6535e-05,7.4141e-08,3.6957e-05
3.9047,0.00033293,0.00033373,0.00031462,0.0003514,2.5794e-05,7.1419e-08,3.5905e-05
3.9591,0.00033295,0.00033372,0.00031515,0.00035087,2.5075e-05,6.8781e-08,3.4885e-05
4.0142,0.00033296,0.00033371,0.00031565,0.00035037,2.4377e-05,6.6222e-08,3.3895e-05
4.0701,0.00033297,0.0003337,0.00031615,0.00034987,2.37e-05,6.3742e-08,3.2934e-05
4.1268,0.00033298,0.00033369,0.00031662,0.0003494,2.3042e-05,6.1336e-08,3.2001e-05
4.1843,0.00033299,0.00033368,0.00031709,0.00034893,2.2404e-05,5.9003e-08,3.1096e-05
4.2426,0.000333,0.00033367,0.00031754,0.00034848,2.1785e-05,5.6739e-08,3.0217e-05
4.3016,0.00033301,0.00033366,0.00031797,0.00034804,2.1184e-05,5.4543e-08,2.9363e-05
4.3615,0.00033302,0.00033365,0.0003184,0.00034762,2.06e-05,5.2413e-08,2.8535e-05
4.4223,0.00033303,0.00033364,0.00031881,0.00034721,2.0033e-05,5.0345e-08,2.7731e-05
4.4839,0.00033303,0.00033363,0.00031921,0.00034681,1.9483e-05,4.8337e-08,2.695e-05
4.5463,0.00033304,0.00033362,0.0003196,0.00034642,1.8948e-05,4.6387e-08,2.6191e-05
4.6096,0.00033305,0.00033362,0.00031998,0.00034604,1.8429e-05,4.4492e-08,2.5455e-05
4.6738,0.00033306,0.00033361,0.00032034,0.00034567,1.7925e-05,4.2651e-08,2.474e-05
4.7389,0.00033307,0.0003336,0.0003207,0.00034532,1.7436e-05,4.086e-08,2.4046e-05
4.8049,0.00033307,0.00033359,0.00032104,0.00034497,1.6961e-05,3.9116e-08,2.3371e-05
4.8718,0.00033308,0.00033359,0.00032138,0.00034463,1.6499e-05,3.7418e-08,2.2716e-05
4.9396,0.00033309,0.00033358,0.0003217,0.00034431,1.6051e-05,3.5762e-08,2.208e-05
5.0084,0.00033309,0.00033357,0.00032202,0.00034399,1.5615e-05,3.4144e-08,2.1462e-05
5.0782,0.0003331,0.00033357,0.00032233,0.00034368,1.5192e-05,3.2562e-08,2.0862e-05
5.1489,0.00033311,0.00033356,0.00032263,0.00034339,1.4782e-05,3.1011e-08,2.0279e-05
5.2206,0.00033311,0.00033355,0.00032292,0.00034309,1.4382e-05,2.9487e-08,1.9713e-05
5.2933,0.00033312,0.00033355,0.0003232,0.00034281,1.3995e-05,2.7984e-08,1.9163e-05
5.367,0.00033313,0.00033354,0.00032347,0.00034254,1.3618e-05,2.6497e-08,1.8629e-05
5.4417,0.00033313,0.00033353,0.00032374,0.00034227,1.3252e-05,2.5017e-08,1.8109e-05
5.5175,0.00033314,0.00033353,0.000324,0.00034201,1.2897e-05,2.3536e-08,1.7605e-05
5.5943,0.00033314,0.00033352,0.00032425,0.00034176,1.2552e-05,2.2041e-08,1.7115e-05
5.6722,0.00033315,0.00033352,0.00032449,0.00034152,1.2216e-05,2.0518e-08,1.6639e-05
5.7512,0.00033315,0.00033351,0.00032473,0.00034128,1.189e-05,1.8948e-08,1.6176e-05
5.8313,0.00033316,0.00033351,0.00032496,0.00034105,1.1574e-05,1.7307e-08,1.5727e-05
5.9125,0.00033316,0.0003335,0.00032518,0.00034083,1.1266e-05,1.5563e-08,1.529e-05
5.9948,0.00033317,0.0003335,0.0003254,0.00034061,1.0968e-05,1.3674e-08,1.4865e-05
6.0783,0.00033317,0.00033349,0.00032561,0.0003404,1.0678e-05,1.1591e-08,1.4453e-05
6.163,0.00033318,0.00033349,0.00032582,0.00034019,1.0396e-05,9.2525e-09,1.4052e-05
6.2488,0.00033318,0.00033349,0.00032602,0.00033999,1.0123e-05,6.6042e-09,1.3662e-05
6.3358,0.00033319,0.00033348,0.00032621,0.00033979,9.8573e-06,3.6441e-09,1.3282e-05
6.424,0.00033319,0.00033348,0.0003264,0.0003396,9.5993e-06,1.1442e-09,1.2913e-05
6.5135,0.00033319,0.00033347,0.00032659,0.00033942,9.3482e-06,3.6853e-09,1.2554e-05
6.6042,0.0003332,0.00033347,0.00032677,0.00033923,9.1036e-06,7.0642e-09,1.2204e-05
6.6962,0.0003332,0.00033347,0.00032694,0.00033906,8.8649e-06,1.0036e-08,1.1864e-05
6.7894,0.00033321,0.00033346,0.00032711,0.00033889,8.6323e-06,1.231e-08,1.1535e-05
6.884,0.00033321,0.00033346,0.00032727,0.00033873,8.4057e-06,1.384e-08,1.1214e-05
6.9798,0.00033321,0.00033345,0.00032743,0.00033857,8.1855e-06,1.4741e-08,1.0904e-05
7.077,0.00033322,0.00033345,0.00032758,0.00033842,7.9715e-06,1.5183e-08,1.0602e-05
7.1756,0.00033322,0.00033345,0.00032773,0.00033827,7.7637e-06,1.532e-08,1.0309e-05
7.2755,0.00033322,0.00033344,0.00032788,0.00033812,7.5618e-06,1.5267e-08,1.0024e-05
7.3768,0.00033323,0.00033344,0.00032802,0.00033798,7.3658e-06,1.5101e-08,9.7477e-06
7.4795,0.00033323,0.00033344,0.00032815,0.00033784,7.1753e-06,1.4874e-08,9.4787e-06
7.5837,0.00033323,0.00033344,0.00032829,0.00033771,6.9903e-06,1.4618e-08,9.2172e-06
7.6893,0.00033323,0.00033343,0.00032842,0.00033758,6.8104e-06,1.4353e-08,8.963e-06
7.7964,0.00033324,0.00033343,0.00032854,0.00033745,6.6357e-06,1.4092e-08,8.7159e-06
7.9049,0.00033324,0.00033343,0.00032867,0.00033733,6.4658e-06,1.3843e-08,8.4756e-06
8.015,0.00033324,0.00033342,0.00032879,0.00033721,6.3008e-06,1.3611e-08,8.242e-06
8.1266,0.00033324,0.00033342,0.0003289,0.00033709,6.1403e-06,1.3398e-08,8.0149e-06
8.2398,0.00033325,0.00033342,0.00032902,0.00033698,5.9843e-06,1.3204e-08,7.794e-06
8.3545,0.00033325,0.00033342,0.00032913,0.00033687,5.8327e-06,1.3031e-08,7.5794e-06
8.4709,0.00033325,0.00033342,0.00032923,0.00033677,5.6852e-06,1.2878e-08,7.3706e-06
8.5888,0.00033325,0.00033341,0.00032934,0.00033666,5.5419e-06,1.2744e-08,7.1677e-06
8.7084,0.00033326,0.00033341,0.00032944,0.00033656,5.4026e-06,1.2628e-08,6.9703e-06
8.8297,0.00033326,0.00033341,0.00032953,0.00033646,5.2671e-06,1.253e-08,6.7785e-06
8.9527,0.00033326,0.00033341,0.00032963,0.00033637,5.1354e-06,1.2447e-08,6.5919e-06
9.0773,0.00033326,0.0003334,0.00032972,0.00033627,5.0073e-06,1.2378e-08,6.4106e-06
9.2037,0.00033326,0.0003334,0.00032981,0.00033618,4.8828e-06,1.2322e-08,6.2342e-06
9.3319,0.00033327,0.0003334,0.0003299,0.0003361,4.7618e-06,1.2278e-08,6.0627e-06
9.4618,0.00033327,0.0003334,0.00032999,0.00033601,4.644e-06,1.2244e-08,5.896e-06
9.5936,0.00033327,0.0003334,0.00033007,0.00033593,4.5296e-06,1.2219e-08,5.7339e-06
9.7272,0.00033327,0.0003334,0.00033015,0.00033585,4.4183e-06,1.2202e-08,5.5762e-06
9.8627,0.00033327,0.00033339,0.00033023,0.00033577,4.31e-06,1.2192e-08,5.4229e-06
10,0.00033327,0.00033339,0.0003303,0.00033569,4.2048e-06,1.2187e-08,5.2739e-06
10.139,0.00033328,0.00033339,0.00033038,0.00033562,4.1025e-06,1.2187e-08,5.1289e-06
10.28,0.00033328,0.00033339,0.00033045,0.00033555,4.0029e-06,1.219e-08,4.988e-06
10.424,0.00033328,0.00033339,0.00033052,0.00033548,3.9062e-06,1.2196e-08,4.851e-06
10.569,0.00033328,0.00033339,0.00033059,0.00033541,3.8121e-06,1.2204e-08,4.7177e-06
10.716,0.00033328,0.00033338,0.00033066,0.00033534,3.7206e-06,1.2214e-08,4.5881e-06
10.865,0.00033328,0.00033338,0.00033072,0.00033528,3.6316e-06,1.2223e-08,4.4621e-06
11.016,0.00033329,0.00033338,0.00033078,0.00033521,3.545e-06,1.2232e-08,4.3396e-06
11.17,0.00033329,0.00033338,0.00033084,0.00033515,3.4609e-06,1.2241e-08,4.2204e-06
11.325,0.00033329,0.00033338,0.0003309,0.00033509,3.379e-06,1.2248e-08,4.1045e-06
11.483,0.00033329,0.00033338,0.00033096,0.00033504,3.2994e-06,1.2253e-08,3.9918e-06
11.643,0.00033329,0.00033338,0.00033102,0.00033498,3.222e-06,1.2255e-08,3.8823e-06
11.805,0.00033329,0.00033338,0.00033107,0.00033493,3.1467e-06,1.2255e-08,3.7757e-06
11.97,0.00033329,0.00033337,0.00033112,0.00033487,3.0735e-06,1.2252e-08,3.6721e-06
12.136,0.00033329,0.00033337,0.00033117,0.00033482,3.0023e-06,1.2245e-08,3.5713e-06
12.305,0.00033329,0.00033337,0.00033122,0.00033477,2.933e-06,1.2234e-08,3.4733e-06
12.477,0.0003333,0.00033337,0.00033127,0.00033472,2.8656e-06,1.2218e-08,3.378e-06
12.65,0.0003333,0.00033337,0.00033132,0.00033467,2.8001e-06,1.2199e-08,3.2853e-06
12.826,0.0003333,0.00033337,0.00033137,0.00033463,2.7364e-06,1.2174e-08,3.1951e-06
13.005,0.0003333,0.00033337,0.00033141,0.00033458,2.6744e-06,1.2144e-08,3.1075e-06
13.186,0.0003333,0.00033337,0.00033146,0.00033454,2.6142e-06,1.2109e-08,3.0222e-06
13.37,0.0003333,0.00033337,0.0003315,0.0003345,2.5555e-06,1.2069e-08,2.9393e-06
13.556,0.0003333,0.00033337,0.00033154,0.00033446,2.4985e-06,1.2023e-08,2.8587e-06
13.745,0.0003333,0.00033336,0.00033158,0.00033442,2.4431e-06,1.1972e-08,2.7803e-06
13.936,0.0003333,0.00033336,0.00033162,0.00033438,2.3891e-06,1.1915e-08,2.704e-06
14.13,0.0003333,0.00033336,0.00033166,0.00033434,2.3366e-06,1.1851e-08,2.6299e-06
14.327,0.0003333,0.00033336,0.00033169,0.0003343,2.2856e-06,1.1782e-08,2.5577e-06
14.527,0.00033331,0.00033336,0.00033173,0.00033427,2.236e-06,1.1707e-08,2.4876e-06
14.729,0.00033331,0.00033336,0.00033176,0.00033423,2.1877e-06,1.1626e-08,2.4194e-06
14.934,0.00033331,0.00033336,0.0003318,0.0003342,2.1407e-06,1.1539e-08,2.353e-06
15.142,0.00033331,0.00033336,0.00033183,0.00033417,2.0951e-06,1.1447e-08,2.2885e-06
15.353,0.00033331,0.00033336,0.00033186,0.00033413,2.0506e-06,1.1348e-08,2.2258e-06
15.567,0.00033331,0.00033336,0.00033189,0.0003341,2.0074e-06,1.1243e-08,2.1647e-06
15.783,0.00033331,0.00033336,0.00033192,0.00033407,1.9654e-06,1.1133e-08,2.1054e-06
16.003,0.00033331,0.00033336,0.00033195,0.00033404,1.9245e-06,1.1018e-08,2.0476e-06
16.226,0.00033331,0.00033336,0.00033198,0.00033401,1.8848e-06,1.0897e-08,1.9915e-06
16.452,0.00033331,0.00033335,0.00033201,0.00033399,1.8461e-06,1.077e-08,1.9369e-06
16.681,0.00033331,0.00033335,0.00033204,0.00033396,1.8085e-06,1.0639e-08,1.8838e-06
16.913,0.00033331,0.00033335,0.00033206,0.00033393,1.7719e-06,1.0503e-08,1.8321e-06
17.149,0.00033331,0.00033335,0.00033209,0.00033391,1.7363e-06,1.0362e-08,1.7819e-06
17.388,0.00033331,0.00033335,0.00033211,0.00033388,1.7017e-06,1.0217e-08,1.733e-06
17.63,0.00033331,0.00033335,0.00033214,0.00033386,1.668e-06,1.0068e-08,1.6855e-06
17.875,0.00033331,0.00033335,0.00033216,0.00033383,1.6353e-06,9.9151e-09,1.6393e-06
18.124,0.00033332,0.00033335,0.00033218,0.00033381,1.6034e-06,9.7587e-09,1.5943e-06
18.377,0.00033332,0.00033335,0.00033221,0.00033379,1.5725e-06,9.599e-09,1.5506e-06
18.632,0.00033332,0.00033335,0.00033223,0.00033377,1.5423e-06,9.4365e-09,1.5081e-06
18.892,0.00033332,0.00033335,0.00033225,0.00033375,1.5131e-06,9.2714e-09,1.4668e-06
19.155,0.00033332,0.00033335,0.00033227,0.00033373,1.4846e-06,9.104e-09,1.4265e-06
19.422,0.00033332,0.00033335,0.00033229,0.00033371,1.4568e-06,8.9346e-09,1.3874e-06
19.692,0.00033332,0.00033335,0.00033231,0.00033369,1.4299e-06,8.7636e-09,1.3494e-06
19.966,0.00033332,0.00033335,0.00033233,0.00033367,1.4037e-06,8.5912e-09,1.3124e-06
20.244,0.00033332,0.00033335,0.00033235,0.00033365,1.3782e-06,8.4178e-09,1.2764e-06
20.526,0.00033332,0.00033335,0.00033236,0.00033363,1.3534e-06,8.2437e-09,1.2414e-06
20.812,0.00033332,0.00033335,0.00033238,0.00033361,1.3293e-06,8.0691e-09,1.2074e-06
21.102,0.00033332,0.00033335,0.0003324,0.0003336,1.3058e-06,7.8944e-09,1.1743e-06
21.396,0.00033332,0.00033335,0.00033241,0.00033358,1.283e-06,7.7199e-09,1.1421e-06
21.694,0.00033332,0.00033335,0.00033243,0.00033356,1.2608e-06,7.5457e-09,1.1107e-06
21.996,0.00033332,0.00033335,0.00033245,0.00033355,1.2393e-06,7.3722e-09,1.0803e-06
22.302,0.00033332,0.00033335,0.00033246,0.00033353,1.2183e-06,7.1996e-09,1.0507e-06
22.613,0.00033332,0.00033334,0.00033248,0.00033352,1.1979e-06,7.0281e-09,1.0218e-06
22.928,0.00033332,0.00033334,0.00033249,0.0003335,1.178e-06,6.8579e-09,9.9382e-07
23.247,0.00033332,0.00033334,0.0003325,0.00033349,1.1587e-06,6.6892e-09,9.6657e-07
23.571,0.00033332,0.00033334,0.00033252,0.00033348,1.14e-06,6.5223e-09,9.4006e-07
23.899,0.00033332,0.00033334,0.00033253,0.00033346,1.1217e-06,6.3572e-09,9.1428e-07
24.232,0.00033332,0.00033334,0.00033254,0.00033345,1.104e-06,6.1942e-09,8.8921e-07
24.569,0.00033332,0.00033334,0.00033256,0.00033344,1.0867e-06,6.0334e-09,8.6482e-07
24.911,0.00033332,0.00033334,0.00033257,0.00033343,1.0699e-06,5.8748e-09,8.411e-07
25.258,0.00033332,0.00033334,0.00033258,0.00033341,1.0536e-06,5.7187e-09,8.1803e-07
25.61,0.00033332,0.00033334,0.00033259,0.0003334,1.0377e-06,5.5651e-09,7.956e-07
25.967,0.00033332,0.00033334,0.0003326,0.00033339,1.0223e-06,5.4141e-09,7.7377e-07
26.328,0.00033332,0.00033334,0.00033261,0.00033338,1.0073e-06,5.2658e-09,7.5255e-07
26.695,0.00033333,0.00033334,0.00033262,0.00033337,9.9266e-07,5.1202e-09,7.3191e-07
27.067,0.00033333,0.00033334,0.00033263,0.00033336,9.7846e-07,4.9774e-09,7.1183e-07
27.443,0.00033333,0.00033334,0.00033264,0.00033335,9.6464e-07,4.8374e-09,6.923e-07
27.826,0.00033333,0.00033334,0.00033265,0.00033334,9.5121e-07,4.7003e-09,6.7331e-07
28.213,0.00033333,0.00033334,0.00033266,0.00033333,9.3815e-07,4.5661e-09,6.5484e-07
28.606,0.00033333,0.00033334,0.00033267,0.00033332,9.2545e-07,4.4348e-09,6.3687e-07
29.004,0.00033333,0.00033334,0.00033268,0.00033331,9.1309e-07,4.3064e-09,6.194e-07
29.408,0.00033333,0.00033334,0.00033269,0.0003333,9.0108e-07,4.181e-09,6.0241e-07
29.818,0.00033333,0.00033334,0.0003327,0.0003333,8.8939e-07,4.0584e-09,5.8588e-07
30.233,0.00033333,0.00033334,0.00033271,0.00033329,8.7803e-07,3.9387e-09,5.698e-07
30.654,0.00033333,0.00033334,0.00033271,0.00033328,8.6697e-07,3.8219e-09,5.5416e-07
31.081,0.00033333,0.00033334,0.00033272,0.00033327,8.5622e-07,3.7079e-09,5.3895e-07
31.514,0.00033333,0.00033334,0.00033273,0.00033326,8.4577e-07,3.5968e-09,5.2416e-07
31.952,0.00033333,0.00033334,0.00033274,0.00033326,8.356e-07,3.4885e-09,5.0978e-07
32.397,0.00033333,0.00033334,0.00033274,0.00033325,8.2572e-07,3.3829e-09,4.9578e-07
32.849,0.00033333,0.00033334,0.00033275,0.00033324,8.161e-07,3.28e-09,4.8217e-07
33.306,0.00033333,0.00033334,0.00033276,0.00033324,8.0675e-07,3.1798e-09,4.6894e-07
33.77,0.00033333,0.00033334,0.00033276,0.00033323,7.9766e-07,3.0823e-09,4.5606e-07
34.24,0.00033333,0.00033334,0.00033277,0.00033322,7.8881e-07,2.9874e-09,4.4354e-07
34.717,0.00033333,0.00033334,0.00033278,0.00033322,7.8021e-07,2.895e-09,4.3136e-07
35.2,0.00033333,0.00033334,0.00033278,0.00033321,7.7184e-07,2.805e-09,4.1952e-07
35.69,0.00033333,0.00033334,0.00033279,0.0003332,7.6371e-07,2.7176e-09,4.08e-07
36.187,0.00033333,0.00033334,0.00033279,0.0003332,7.5579e-07,2.6326e-09,3.9679e-07
36.691,0.00033333,0.00033334,0.0003328,0.00033319,7.481e-07,2.5499e-09,3.8589e-07
37.202,0.00033333,0.00033334,0.00033281,0.00033319,7.4062e-07,2.4695e-09,3.7529e-07
37.72,0.00033333,0.00033334,0.00033281,0.00033318,7.3334e-07,2.3913e-09,3.6498e-07
38.246,0.00033333,0.00033334,0.00033282,0.00033318,7.2626e-07,2.3154e-09,3.5496e-07
38.778,0.00033333,0.00033334,0.00033282,0.00033317,7.1938e-07,2.2416e-09,3.452e-07
39.318,0.00033333,0.00033334,0.00033283,0.00033317,7.1268e-07,2.1699e-09,3.3572e-07
39.866,0.00033333,0.00033334,0.00033283,0.00033316,7.0617e-07,2.1002e-09,3.2649e-07
40.421,0.00033333,0.00033334,0.00033283,0.00033316,6.9984e-07,2.0326e-09,3.1752e-07
40.984,0.00033333,0.00033334,0.00033284,0.00033315,6.9368e-07,1.9669e-09,3.0879e-07
41.555,0.00033333,0.00033334,0.00033284,0.00033315,6.877e-07,1.9031e-09,3.003e-07
42.133,0.00033333,0.00033334,0.00033285,0.00033315,6.8187e-07,1.8411e-09,2.9204e-07
42.72,0.00033333,0.00033334,0.00033285,0.00033314,6.7621e-07,1.781e-09,2.8401e-07
43.315,0.00033333,0.00033334,0.00033286,0.00033314,6.7071e-07,1.7226e-09,2.762e-07
43.918,0.00033333,0.00033334,0.00033286,0.00033313,6.6535e-07,1.6659e-09,2.686e-07
44.53,0.00033333,0.00033334,0.00033286,0.00033313,6.6015e-07,1.6109e-09,2.6122e-07
45.15,0.00033333,0.00033334,0.00033287,0.00033313,6.5508e-07,1.5575e-09,2.5403e-07
45.778,0.00033333,0.00033334,0.00033287,0.00033312,6.5016e-07,1.5057e-09,2.4704e-07
46.416,0.00033333,0.00033334,0.00033287,0.00033312,6.4537e-07,1.4555e-09,2.4024e-07
47.062,0.00033333,0.00033334,0.00033288,0.00033312,6.4072e-07,1.4067e-09,2.3363e-07
47.718,0.00033333,0.00033334,0.00033288,0.00033311,6.3619e-07,1.3593e-09,2.272e-07
48.382,0.00033333,0.00033334,0.00033288,0.00033311,6.3179e-07,1.3134e-09,2.2094e-07
49.056,0.00033333,0.00033334,0.00033289,0.00033311,6.2751e-07,1.2689e-09,2.1486e-07
49.739,0.00033333,0.00033334,0.00033289,0.0003331,6.2335e-07,1.2257e-09,2.0894e-07
50.432,0.00033333,0.00033334,0.00033289,0.0003331,6.1931e-07,1.1838e-09,2.0318e-07
51.134,0.00033333,0.00033334,0.0003329,0.0003331,6.1538e-07,1.1432e-09,1.9758e-07
51.846,0.00033333,0.00033334,0.0003329,0.00033309,6.1155e-07,1.1037e-09,1.9214e-07
52.568,0.00033333,0.00033334,0.0003329,0.00033309,6.0784e-07,1.0655e-09,1.8684e-07
53.3,0.00033333,0.00033334,0.0003329,0.00033309,6.0423e-07,1.0285e-09,1.8169e-07
54.042,0.00033333,0.00033334,0.00033291,0.00033309,6.0071e-07,9.9254e-10,1.7668e-07
54.795,0.00033333,0.00033334,0.00033291,0.00033308,5.973e-07,9.5771e-10,1.7181e-07
55.558,0.00033333,0.00033334,0.00033291,0.00033308,5.9398e-07,9.2394e-10,1.6707e-07
56.331,0.00033333,0.00033334,0.00033291,0.00033308,5.9076e-07,8.9121e-10,1.6246e-07
57.116,0.00033333,0.00033334,0.00033292,0.00033308,5.8762e-07,8.5949e-10,1.5797e-07
57.911,0.00033333,0.00033334,0.00033292,0.00033307,5.8458e-07,8.2874e-10,1.5361e-07
58.718,0.00033333,0.00033334,0.00033292,0.00033307,5.8162e-07,7.9894e-10,1.4937e-07
59.535,0.00033333,0.00033334,0.00033292,0.00033307,5.7874e-07,7.7006e-10,1.4524e-07
60.364,0.00033333,0.00033334,0.00033292,0.00033307,5.7594e-07,7.4208e-10,1.4123e-07
61.205,0.00033333,0.00033334,0.00033293,0.00033306,5.7323e-07,7.1497e-10,1.3733e-07
62.057,0.00033333,0.00033333,0.00033293,0.00033306,5.7059e-07,6.8871e-10,1.3353e-07
62.921,0.00033333,0.00033333,0.00033293,0.00033306,5.6802e-07,6.6327e-10,1.2984e-07
63.798,0.00033333,0.00033333,0.00033293,0.00033306,5.6553e-07,6.3863e-10,1.2625e-07
64.686,0.00033333,0.00033333,0.00033293,0.00033306,5.6311e-07,6.1476e-10,1.2275e-07
65.587,0.00033333,0.00033333,0.00033293,0.00033306,5.6076e-07,5.9165e-10,1.1936e-07
66.5,0.00033333,0.00033333,0.00033294,0.00033305,5.5848e-07,5.6927e-10,1.1605e-07
67.426,0.00033333,0.00033333,0.00033294,0.00033305,5.5626e-07,5.476e-10,1.1284e-07
68.365,0.00033333,0.00033333,0.00033294,0.00033305,5.5411e-07,5.2662e-10,1.0971e-07
69.317,0.00033333,0.00033333,0.00033294,0.00033305,5.5202e-07,5.0631e-10,1.0667e-07
70.282,0.00033333,0.00033333,0.00033294,0.00033305,5.4999e-07,4.8666e-10,1.0371e-07
71.261,0.00033333,0.00033333,0.00033294,0.00033305,5.4803e-07,4.6763e-10,1.0084e-07
72.253,0.00033333,0.00033333,0.00033295,0.00033304,5.4611e-07,4.4923e-10,9.8038e-08
73.26,0.00033333,0.00033333,0.00033295,0.00033304,5.4426e-07,4.3141e-10,9.5317e-08
74.28,0.00033333,0.00033333,0.00033295,0.00033304,5.4246e-07,4.1418e-10,9.267e-08
75.314,0.00033333,0.00033333,0.00033295,0.00033304,5.4071e-07,3.9751e-10,9.0095e-08
76.363,0.00033333,0.00033333,0.00033295,0.00033304,5.3902e-07,3.8139e-10,8.7591e-08
77.426,0.00033333,0.00033333,0.00033295,0.00033304,5.3738e-07,3.658e-10,8.5156e-08
78.505,0.00033333,0.00033333,0.00033295,0.00033304,5.3579e-07,3.5072e-10,8.2787e-08
79.598,0.00033333,0.00033333,0.00033295,0.00033303,5.3424e-07,3.3614e-10,8.0482e-08
80.706,0.00033333,0.00033333,0.00033295,0.00033303,5.3274e-07,3.2205e-10,7.8241e-08
81.83,0.00033333,0.00033333,0.00033296,0.00033303,5.3129e-07,3.0844e-10,7.6062e-08
82.97,0.00033333,0.00033333,0.00033296,0.00033303,5.2989e-07,2.9528e-10,7.3941e-08
84.125,0.00033333,0.00033333,0.00033296,0.00033303,5.2853e-07,2.8256e-10,7.1879e-08
85.296,0.00033333,0.00033333,0.00033296,0.00033303,5.2721e-07,2.7028e-10,6.9874e-08
86.484,0.00033333,0.00033333,0.00033296,0.00033303,5.2594e-07,2.5841e-10,6.7923e-08
87.689,0.00033333,0.00033333,0.00033296,0.00033303,5.247e-07,2.4696e-10,6.6025e-08
88.91,0.00033333,0.00033333,0.00033296,0.00033303,5.2351e-07,2.3589e-10,6.418e-08
90.148,0.00033333,0.00033333,0.00033296,0.00033302,5.2235e-07,2.2522e-10,6.2385e-08
91.403,0.00033333,0.00033333,0.00033296,0.00033302,5.2123e-07,2.1491e-10,6.0639e-08
92.676,0.00033333,0.00033333,0.00033296,0.00033302,5.2016e-07,2.0497e-10,5.8941e-08
93.966,0.00033333,0.00033333,0.00033296,0.00033302,5.1911e-07,1.9537e-10,5.7289e-08
95.275,0.00033333,0.00033333,0.00033296,0.00033302,5.1811e-07,1.8613e-10,5.5683e-08
96.602,0.00033333,0.00033333,0.00033296,0.00033302,5.1713e-07,1.7721e-10,5.412e-08
97.947,0.00033333,0.00033333,0.00033297,0.00033302,5.162e-07,1.6861e-10,5.2601e-08
99.311,0.00033333,0.00033333,0.00033297,0.00033302,5.1529e-07,1.6033e-10,5.1123e-08
100.69,0.00033333,0.00033333,0.00033297,0.00033302,5.1442e-07,1.5236e-10,4.9685e-08
102.1,0.00033333,0.00033333,0.00033297,0.00033302,5.1359e-07,1.4468e-10,4.8287e-08
103.52,0.00033333,0.00033333,0.00033297,0.00033301,5.1278e-07,1.373e-10,4.6927e-08
104.96,0.00033333,0.00033333,0.00033297,0.00033301,5.12e-07,1.302e-10,4.5605e-08
106.42,0.00033333,0.00033333,0.00033297,0.00033301,5.1126e-07,1.2337e-10,4.4319e-08
107.9,0.00033333,0.00033333,0.00033297,0.00033301,5.1054e-07,1.1682e-10,4.3068e-08
109.41,0.00033333,0.00033333,0.00033297,0.00033301,5.0986e-07,1.1054e-10,4.1851e-08
110.93,0.00033333,0.00033333,0.00033297,0.00033301,5.092e-07,1.0452e-10,4.0668e-08
112.47,0.00033333,0.00033333,0.00033297,0.00033301,5.0857e-07,9.8751e-11,3.9517e-08
114.04,0.00033333,0.00033333,0.00033297,0.00033301,5.0797e-07,9.3243e-11,3.8397e-08
115.63,0.00033333,0.00033333,0.00033297,0.00033301,5.074e-07,8.799e-11,3.7309e-08
117.24,0.00033333,0.00033333,0.00033297,0.00033301,5.0685e-07,8.2989e-11,3.625e-08
118.87,0.00033333,0.00033333,0.00033297,0.00033301,5.0633e-07,7.8244e-11,3.522e-08
120.53,0.00033333,0.00033333,0.00033297,0.00033301,5.0584e-07,7.3754e-11,3.4219e-08
122.2,0.00033333,0.00033333,0.00033297,0.000333,5.0537e-07,6.9524e-11,3.3245e-08
123.91,0.00033333,0.00033333,0.00033297,0.000333,5.0492e-07,6.5559e-11,3.2298e-08
125.63,0.00033333,0.00033333,0.00033297,0.000333,5.0451e-07,6.1866e-11,3.1377e-08
127.38,0.00033333,0.00033333,0.00033297,0.000333,5.0411e-07,5.8453e-11,3.0481e-08
129.15,0.00033333,0.00033333,0.00033297,0.000333,5.0374e-07,5.5331e-11,2.961e-08
130.95,0.00033333,0.00033333,0.00033297,0.000333,5.034e-07,5.251e-11,2.8763e-08
132.78,0.00033333,0.00033333,0.00033297,0.000333,5.0308e-07,5.0005e-11,2.7939e-08
134.63,0.00033333,0.00033333,0.00033297,0.000333,5.0278e-07,4.7826e-11,2.7138e-08
136.5,0.00033333,0.00033333,0.00033297,0.000333,5.025e-07,4.5985e-11,2.6358e-08
138.4,0.00033333,0.00033333,0.00033297,0.000333,5.0225e-07,4.4492e-11,2.5601e-08
140.33,0.00033333,0.00033333,0.00033297,0.000333,5.0202e-07,4.3352e-11,2.4864e-08
142.28,0.00033333,0.00033333,0.00033297,0.000333,5.0182e-07,4.2563e-11,2.4148e-08
144.26,0.00033333,0.00033333,0.00033297,0.000333,5.0163e-07,4.2121e-11,2.3451e-08
146.27,0.00033333,0.00033333,0.00033297,0.000333,5.0147e-07,4.2013e-11,2.2774e-08
148.31,0.00033333,0.00033333,0.00033297,0.00033299,5.0133e-07,4.2221e-11,2.2115e-08
150.38,0.00033333,0.00033333,0.00033297,0.00033299,5.0122e-07,4.2722e-11,2.1475e-08
152.47,0.00033333,0.00033333,0.00033297,0.00033299,5.0112e-07,4.349e-11,2.0852e-08
154.59,0.00033333,0.00033333,0.00033297,0.00033299,5.0105e-07,4.4498e-11,2.0246e-08
156.75,0.00033333,0.00033333,0.00033297,0.00033299,5.0099e-07,4.5718e-11,1.9658e-08
158.93,0.00033333,0.00033333,0.00033297,0.00033299,5.0096e-07,4.7124e-11,1.9085e-08
161.14,0.00033333,0.00033333,0.00033297,0.00033299,5.0096e-07,4.8692e-11,1.8529e-08
163.39,0.00033333,0.00033333,0.00033297,0.00033299,5.0097e-07,5.0399e-11,1.7988e-08
165.66,0.00033333,0.00033333,0.00033297,0.00033299,5.01e-07,5.2228e-11,1.7462e-08
167.97,0.00033333,0.00033333,0.00033297,0.00033299,5.0106e-07,5.416e-11,1.695e-08
170.31,0.00033333,0.00033333,0.00033297,0.00033299,5.0114e-07,5.6184e-11,1.6453e-08
172.68,0.00033333,0.00033333,0.00033297,0.00033299,5.0124e-07,5.8285e-11,1.597e-08
175.08,0.00033333,0.00033333,0.00033297,0.00033299,5.0136e-07,6.0455e-11,1.55e-08
177.52,0.00033333,0.00033333,0.00033297,0.00033298,5.015e-07,6.2685e-11,1.5043e-08
179.99,0.00033333,0.00033333,0.00033297,0.00033298,5.0166e-07,6.4968e-11,1.4599e-08
182.5,0.00033333,0.00033333,0.00033297,0.00033298,5.0185e-07,6.7299e-11,1.4168e-08
185.04,0.00033333,0.00033333,0.00033297,0.00033298,5.0206e-07,6.9671e-11,1.3748e-08
187.62,0.00033333,0.00033333,0.00033297,0.00033298,5.0229e-07,7.2083e-11,1.3341e-08
190.23,0.00033333,0.00033333,0.00033297,0.00033298,5.0254e-07,7.4529e-11,1.2945e-08
192.88,0.00033333,0.00033333,0.00033297,0.00033298,5.0281e-07,7.7007e-11,1.2559e-08
195.57,0.00033333,0.00033333,0.00033297,0.00033298,5.0311e-07,7.9515e-11,1.2185e-08
198.29,0.00033333,0.00033333,0.00033297,0.00033298,5.0343e-07,8.205e-11,1.1821e-08
201.05,0.00033333,0.00033333,0.00033297,0.00033298,5.0377e-07,8.461e-11,1.1468e-08
203.85,0.00033333,0.00033333,0.00033297,0.00033298,5.0414e-07,8.7195e-11,1.1125e-08
206.69,0.00033333,0.00033333,0.00033297,0.00033298,5.0453e-07,8.9801e-11,1.0791e-08
209.57,0.00033333,0.00033333,0.00033296,0.00033297,5.0494e-07,9.2427e-11,1.0467e-08
212.48,0.00033333,0.00033333,0.00033296,0.00033297,5.0537e-07,9.5073e-11,1.0152e-08
215.44,0.00033333,0.00033333,0.00033296,0.00033297,5.0583e-07,9.7737e-11,9.8454e-09
218.44,0.00033333,0.00033333,0.00033296,0.00033297,5.0632e-07,1.0042e-10,9.548e-09
221.49,0.00033333,0.00033333,0.00033296,0.00033297,5.0683e-07,1.0311e-10,9.2591e-09
224.57,0.00033333,0.00033333,0.00033296,0.00033297,5.0736e-07,1.0582e-10,8.9785e-09
227.7,0.00033333,0.00033333,0.00033296,0.00033297,5.0792e-07,1.0855e-10,8.7059e-09
230.87,0.00033333,0.00033333,0.00033296,0.00033297,5.085e-07,1.1128e-10,8.4411e-09
234.08,0.00033333,0.00033333,0.00033296,0.00033297,5.0911e-07,1.1403e-10,8.184e-09
237.34,0.00033333,0.00033333,0.00033296,0.00033297,5.0975e-07,1.1678e-10,7.9342e-09
240.65,0.00033333,0.00033333,0.00033296,0.00033296,5.1041e-07,1.1955e-10,7.6917e-09
244,0.00033333,0.00033333,0.00033296,0.00033296,5.111e-07,1.2232e-10,7.4561e-09
247.4,0.00033333,0.00033333,0.00033296,0.00033296,5.1182e-07,1.251e-10,7.2274e-09
250.84,0.00033333,0.00033333,0.00033295,0.00033296,5.1256e-07,1.2788e-10,7.0054e-09
254.33,0.00033333,0.00033333,0.00033295,0.00033296,5.1333e-07,1.3067e-10,6.7898e-09
257.88,0.00033333,0.00033333,0.00033295,0.00033296,5.1414e-07,1.3346e-10,6.5805e-09
261.47,0.00033333,0.00033333,0.00033295,0.00033296,5.1497e-07,1.3626e-10,6.3774e-09
265.11,0.00033333,0.00033333,0.00033295,0.00033296,5.1583e-07,1.3906e-10,6.1802e-09
268.8,0.00033333,0.00033333,0.00033295,0.00033295,5.1672e-07,1.4186e-10,5.9888e-09
272.54,0.00033333,0.00033333,0.00033295,0.00033295,5.1764e-07,1.4467e-10,5.8031e-09
276.34,0.00033333,0.00033333,0.00033295,0.00033295,5.1859e-07,1.4748e-10,5.6229e-09
280.19,0.00033333,0.00033333,0.00033294,0.00033295,5.1957e-07,1.5028e-10,5.448e-09
284.09,0.00033333,0.00033333,0.00033294,0.00033295,5.2059e-07,1.5309e-10,5.2784e-09
288.04,0.00033333,0.00033333,0.00033294,0.00033295,5.2164e-07,1.559e-10,5.1138e-09
292.06,0.00033333,0.00033333,0.00033294,0.00033294,5.2272e-07,1.5871e-10,4.9542e-09
296.12,0.00033333,0.00033333,0.00033294,0.00033294,5.2384e-07,1.6152e-10,4.7993e-09
300.25,0.00033333,0.00033333,0.00033294,0.00033294,5.2499e-07,1.6434e-10,4.6492e-09
304.43,0.00033333,0.00033333,0.00033294,0.00033294,5.2618e-07,1.6715e-10,4.5035e-09
308.67,0.00033333,0.00033333,0.00033293,0.00033294,5.274e-07,1.6997e-10,4.3624e-09
312.96,0.00033333,0.00033333,0.00033293,0.00033294,5.2866e-07,1.7278e-10,4.2255e-09
317.32,0.00033333,0.00033333,0.00033293,0.00033293,5.2996e-07,1.756e-10,4.0928e-09
321.74,0.00033333,0.00033333,0.00033293,0.00033293,5.313e-07,1.7843e-10,3.9642e-09
326.22,0.00033333,0.00033333,0.00033293,0.00033293,5.3267e-07,1.8125e-10,3.8396e-09
330.76,0.00033333,0.00033333,0.00033293,0.00033293,5.3408e-07,1.8408e-10,3.7188e-09
335.37,0.00033333,0.00033333,0.00033292,0.00033293,5.3554e-07,1.8692e-10,3.6019e-09
340.04,0.00033333,0.00033333,0.00033292,0.00033292,5.3704e-07,1.8976e-10,3.4885e-09
344.78,0.00033333,0.00033333,0.00033292,0.00033292,5.3857e-07,1.9261e-10,3.3788e-09
349.58,0.00033333,0.00033333,0.00033292,0.00033292,5.4015e-07,1.9547e-10,3.2725e-09
354.45,0.00033333,0.00033333,0.00033291,0.00033292,5.4178e-07,1.9834e-10,3.1695e-09
359.38,0.00033333,0.00033333,0.00033291,0.00033292,5.4345e-07,2.0121e-10,3.0699e-09
364.39,0.00033333,0.00033333,0.00033291,0.00033291,5.4516e-07,2.041e-10,2.9734e-09
369.46,0.00033333,0.00033333,0.00033291,0.00033291,5.4692e-07,2.0701e-10,2.88e-09
374.61,0.00033333,0.00033333,0.00033291,0.00033291,5.4873e-07,2.0993e-10,2.7897e-09
379.82,0.00033333,0.00033333,0.0003329,0.00033291,5.5059e-07,2.1286e-10,2.7023e-09
385.11,0.00033333,0.00033333,0.0003329,0.0003329,5.5249e-07,2.1582e-10,2.6178e-09
390.47,0.00033333,0.00033333,0.0003329,0.0003329,5.5445e-07,2.1879e-10,2.536e-09
395.91,0.00033333,0.00033333,0.00033289,0.0003329,5.5645e-07,2.2179e-10,2.4569e-09
401.42,0.00033333,0.00033333,0.00033289,0.00033289,5.5851e-07,2.2481e-10,2.3805e-09
407.01,0.00033333,0.00033333,0.00033289,0.00033289,5.6062e-07,2.2786e-10,2.3066e-09
412.68,0.00033333,0.00033333,0.00033289,0.00033289,5.6279e-07,2.3094e-10,2.2352e-09
418.43,0.00033333,0.00033333,0.00033288,0.00033288,5.6501e-07,2.3404e-10,2.1662e-09
424.26,0.00033333,0.00033333,0.00033288,0.00033288,5.6728e-07,2.3718e-10,2.0996e-09
430.16,0.00033333,0.00033333,0.00033288,0.00033288,5.6962e-07,2.4036e-10,2.0352e-09
436.15,0.00033333,0.00033333,0.00033287,0.00033287,5.7201e-07,2.4357e-10,1.9731e-09
442.23,0.00033333,0.00033333,0.00033287,0.00033287,5.7446e-07,2.4683e-10,1.9131e-09
448.39,0.00033333,0.00033333,0.00033287,0.00033287,5.7697e-07,2.5013e-10,1.8552e-09
454.63,0.00033333,0.00033333,0.00033286,0.00033286,5.7954e-07,2.5348e-10,1.7993e-09
460.96,0.00033333,0.00033333,0.00033286,0.00033286,5.8217e-07,2.5687e-10,1.7454e-09
467.38,0.00033333,0.00033333,0.00033285,0.00033286,5.8487e-07,2.6032e-10,1.6935e-09
473.89,0.00033333,0.00033333,0.00033285,0.00033285,5.8764e-07,2.6383e-10,1.6434e-09
480.49,0.00033333,0.00033333,0.00033285,0.00033285,5.9047e-07,2.6739e-10,1.5951e-09
487.18,0.00033333,0.00033333,0.00033284,0.00033284,5.9336e-07,2.7102e-10,1.5486e-09
493.96,0.00033333,0.00033333,0.00033284,0.00033284,5.9633e-07,2.7471e-10,1.5038e-09
500.84,0.00033333,0.00033333,0.00033283,0.00033283,5.9936e-07,2.7847e-10,1.4607e-09
507.82,0.00033333,0.00033333,0.00033283,0.00033283,6.0247e-07,2.8231e-10,1.4191e-09
514.89,0.00033333,0.00033333,0.00033282,0.00033283,6.0565e-07,2.8622e-10,1.3792e-09
522.06,0.00033333,0.00033333,0.00033282,0.00033282,6.089e-07,2.9021e-10,1.3408e-09
529.33,0.00033333,0.00033333,0.00033281,0.00033282,6.1223e-07,2.9429e-10,1.3038e-09
536.7,0.00033333,0.00033333,0.00033281,0.00033281,6.1563e-07,2.9846e-10,1.2683e-09
544.17,0.00033333,0.00033333,0.0003328,0.00033281,6.1911e-07,3.0271e-10,1.2342e-09
551.75,0.00033333,0.00033333,0.0003328,0.0003328,6.2267e-07,3.0707e-10,1.2014e-09
559.43,0.00033333,0.00033333,0.00033279,0.00033279,6.2631e-07,3.1152e-10,1.17e-09
567.22,0.00033333,0.00033333,0.00033279,0.00033279,6.3004e-07,3.1609e-10,1.1399e-09
575.12,0.00033333,0.00033333,0.00033278,0.00033278,6.3384e-07,3.2076e-10,1.111e-09
583.13,0.00033333,0.00033333,0.00033278,0.00033278,6.3773e-07,3.2554e-10,1.0833e-09
591.25,0.00033333,0.00033333,0.00033277,0.00033277,6.417e-07,3.3044e-10,1.0567e-09
599.48,0.00033333,0.00033333,0.00033276,0.00033276,6.4577e-07,3.3547e-10,1.0314e-09
607.83,0.00033333,0.00033333,0.00033276,0.00033276,6.4992e-07,3.4062e-10,1.0071e-09
616.3,0.00033333,0.00033333,0.00033275,0.00033275,6.5416e-07,3.4591e-10,9.8396e-10
624.88,0.00033333,0.00033333,0.00033274,0.00033274,6.5849e-07,3.5133e-10,9.6184e-10
633.58,0.00033333,0.00033333,0.00033273,0.00033274,6.6292e-07,3.5689e-10,9.4076e-10
642.4,0.00033333,0.00033333,0.00033273,0.00033273,6.6744e-07,3.626e-10,9.2068e-10
651.35,0.00033333,0.00033333,0.00033272,0.00033272,6.7205e-07,3.6847e-10,9.0157e-10
660.42,0.00033333,0.00033333,0.00033271,0.00033271,6.7677e-07,3.7449e-10,8.8342e-10
669.62,0.00033333,0.00033333,0.0003327,0.00033271,6.8158e-07,3.8067e-10,8.6619e-10
678.94,0.00033333,0.00033333,0.0003327,0.0003327,6.8649e-07,3.8703e-10,8.4988e-10
688.4,0.00033333,0.00033333,0.00033269,0.00033269,6.9151e-07,3.9355e-10,8.3444e-10
697.98,0.00033333,0.00033333,0.00033268,0.00033268,6.9663e-07,4.0025e-10,8.1988e-10
707.7,0.00033333,0.00033333,0.00033267,0.00033267,7.0185e-07,4.0714e-10,8.0617e-10
717.56,0.00033333,0.00033333,0.00033266,0.00033266,7.0719e-07,4.1422e-10,7.9328e-10
727.55,0.00033333,0.00033333,0.00033265,0.00033265,7.1263e-07,4.215e-10,7.8121e-10
737.68,0.00033333,0.00033333,0.00033264,0.00033264,7.1818e-07,4.2897e-10,7.6994e-10
747.95,0.00033333,0.00033333,0.00033263,0.00033263,7.2384e-07,4.3666e-10,7.5945e-10
758.37,0.00033333,0.00033333,0.00033262,0.00033262,7.2962e-07,4.4455e-10,7.4973e-10
768.93,0.00033333,0.00033333,0.00033261,0.00033261,7.3551e-07,4.5267e-10,7.4077e-10
779.64,0.00033333,0.00033333,0.0003326,0.0003326,7.4152e-07,4.6102e-10,7.3255e-10
790.49,0.00033333,0.00033333,0.00033259,0.00033259,7.4764e-07,4.6959e-10,7.2507e-10
801.5,0.00033333,0.00033333,0.00033258,0.00033258,7.5389e-07,4.7841e-10,7.1831e-10
812.66,0.00033333,0.00033333,0.00033256,0.00033257,7.6026e-07,4.8747e-10,7.1227e-10
823.98,0.00033333,0.00033333,0.00033255,0.00033255,7.6675e-07,4.9679e-10,7.0693e-10
835.45,0.00033333,0.00033333,0.00033254,0.00033254,7.7337e-07,5.0637e-10,7.0229e-10
847.09,0.00033333,0.00033333,0.00033253,0.00033253,7.8012e-07,5.1621e-10,6.9834e-10
858.88,0.00033333,0.00033333,0.00033251,0.00033252,7.87e-07,5.2633e-10,6.9508e-10
870.84,0.00033333,0.00033333,0.0003325,0.0003325,7.94e-07,5.3673e-10,6.9249e-10
882.97,0.00033333,0.00033333,0.00033249,0.00033249,8.0114e-07,5.4743e-10,6.9058e-10
895.27,0.00033333,0.00033333,0.00033247,0.00033247,8.0841e-07,5.5842e-10,6.8933e-10
907.73,0.00033333,0.00033333,0.00033246,0.00033246,8.1583e-07,5.6971e-10,6.8875e-10
920.37,0.00033333,0.00033333,0.00033244,0.00033244,8.2337e-07,5.8132e-10,6.8882e-10
933.19,0.00033333,0.00033333,0.00033243,0.00033243,8.3106e-07,5.9325e-10,6.8956e-10
946.18,0.00033333,0.00033333,0.00033241,0.00033241,8.3889e-07,6.0552e-10,6.9094e-10
959.36,0.00033333,0.00033333,0.00033239,0.0003324,8.4687e-07,6.1812e-10,6.9298e-10
972.72,0.00033333,0.00033333,0.00033238,0.00033238,8.5499e-07,6.3108e-10,6.9566e-10
986.27,0.00033333,0.00033333,0.00033236,0.00033236,8.6326e-07,6.4439e-10,6.9899e-10
1000,0.00033333,0.00033333,0.00033234,0.00033234,8.7168e-07,6.5807e-10,7.0297e-10
1013.9,0.00033333,0.00033333,0.00033232,0.00033232,8.8025e-07,6.7212e-10,7.0758e-10
1028,0.00033333,0.00033333,0.0003323,0.00033231,8.8898e-07,6.8657e-10,7.1285e-10
1042.4,0.00033333,0.00033333,0.00033228,0.00033229,8.9786e-07,7.0141e-10,7.1875e-10
1056.9,0.00033333,0.00033333,0.00033226,0.00033227,9.069e-07,7.1666e-10,7.253e-10
1071.6,0.00033333,0.00033333,0.00033224,0.00033225,9.161e-07,7.3233e-10,7.325e-10
1086.5,0.00033333,0.00033333,0.00033222,0.00033222,9.2546e-07,7.4843e-10,7.4034e-10
1101.6,0.00033333,0.00033333,0.0003322,0.0003322,9.3499e-07,7.6497e-10,7.4883e-10
1117,0.00033333,0.00033333,0.00033218,0.00033218,9.4468e-07,7.8196e-10,7.5797e-10
1132.5,0.00033333,0.00033333,0.00033216,0.00033216,9.5454e-07,7.9941e-10,7.6775e-10
1148.3,0.00033333,0.00033333,0.00033213,0.00033213,9.6457e-07,8.1734e-10,7.782e-10
1164.3,0.00033333,0.00033333,0.00033211,0.00033211,9.7478e-07,8.3576e-10,7.893e-10
1180.5,0.00033333,0.00033333,0.00033208,0.00033208,9.8516e-07,8.5468e-10,8.0107e-10
1197,0.00033333,0.00033333,0.00033206,0.00033206,9.9572e-07,8.7412e-10,8.135e-10
1213.6,0.00033333,0.00033333,0.00033203,0.00033203,1.0065e-06,8.9408e-10,8.266e-10
1230.5,0.00033333,0.00033333,0.000332,0.00033201,1.0174e-06,9.1458e-10,8.4039e-10
1247.7,0.00033333,0.00033333,0.00033197,0.00033198,1.0285e-06,9.3563e-10,8.5485e-10
1265,0.00033333,0.00033333,0.00033195,0.00033195,1.0398e-06,9.5726e-10,8.7001e-10
1282.6,0.00033333,0.00033333,0.00033192,0.00033192,1.0513e-06,9.7946e-10,8.8587e-10
1300.5,0.00033333,0.00033333,0.00033189,0.00033189,1.0629e-06,1.0023e-09,9.0243e-10
1318.6,0.00033333,0.00033333,0.00033186,0.00033186,1.0748e-06,1.0257e-09,9.1971e-10
1337,0.00033333,0.00033333,0.00033182,0.00033183,1.0869e-06,1.0497e-09,9.3772e-10
1355.6,0.00033333,0.00033333,0.00033179,0.00033179,1.0991e-06,1.0744e-09,9.5646e-10
1374.5,0.00033333,0.00033333,0.00033176,0.00033176,1.1116e-06,1.0998e-09,9.7595e-10
1393.6,0.00033333,0.00033333,0.00033172,0.00033172,1.1243e-06,1.1258e-09,9.962e-10
1413,0.00033333,0.00033333,0.00033169,0.00033169,1.1371e-06,1.1525e-09,1.0172e-09
1432.7,0.00033333,0.00033333,0.00033165,0.00033165,1.1502e-06,1.1799e-09,1.039e-09
1452.7,0.00033333,0.00033333,0.00033161,0.00033161,1.1635e-06,1.2081e-09,1.0616e-09
1472.9,0.00033333,0.00033333,0.00033157,0.00033158,1.177e-06,1.237e-09,1.0851e-09
1493.4,0.00033333,0.00033333,0.00033153,0.00033154,1.1908e-06,1.2666e-09,1.1093e-09
1514.2,0.00033333,0.00033333,0.00033149,0.00033149,1.2047e-06,1.2971e-09,1.1344e-09
1535.3,0.00033333,0.00033333,0.00033145,0.00033145,1.2189e-06,1.3283e-09,1.1604e-09
1556.7,0.00033333,0.00033333,0.0003314,0.00033141,1.2333e-06,1.3604e-09,1.1872e-09
1578.3,0.00033333,0.00033333,0.00033136,0.00033136,1.2479e-06,1.3933e-09,1.215e-09
1600.3,0.00033333,0.00033333,0.00033131,0.00033132,1.2628e-06,1.427e-09,1.2437e-09
1622.6,0.00033333,0.00033333,0.00033127,0.00033127,1.2779e-06,1.4616e-09,1.2733e-09
1645.2,0.00033333,0.00033333,0.00033122,0.00033122,1.2932e-06,1.4972e-09,1.3039e-09
1668.1,0.00033333,0.00033333,0.00033117,0.00033117,1.3088e-06,1.5336e-09,1.3355e-09
1691.3,0.00033333,0.00033333,0.00033112,0.00033112,1.3246e-06,1.571e-09,1.3681e-09
1714.9,0.00033333,0.00033333,0.00033106,0.00033107,1.3406e-06,1.6093e-09,1.4017e-09
1738.8,0.00033333,0.00033333,0.00033101,0.00033102,1.357e-06,1.6487e-09,1.4364e-09
1763,0.00033333,0.00033333,0.00033095,0.00033096,1.3735e-06,1.689e-09,1.4722e-09
1787.5,0.00033333,0.00033333,0.0003309,0.0003309,1.3903e-06,1.7304e-09,1.5092e-09
1812.4,0.00033333,0.00033333,0.00033084,0.00033084,1.4074e-06,1.7728e-09,1.5473e-09
1837.7,0.00033333,0.00033333,0.00033078,0.00033078,1.4247e-06,1.8163e-09,1.5865e-09
1863.2,0.00033333,0.00033333,0.00033072,0.00033072,1.4424e-06,1.8608e-09,1.627e-09
1889.2,0.00033333,0.00033333,0.00033065,0.00033066,1.4602e-06,1.9065e-09,1.6688e-09
1915.5,0.00033333,0.00033333,0.00033059,0.00033059,1.4784e-06,1.9534e-09,1.7118e-09
1942.2,0.00033333,0.00033333,0.00033052,0.00033052,1.4968e-06,2.0014e-09,1.7562e-09
1969.2,0.00033333,0.00033333,0.00033045,0.00033045,1.5155e-06,2.0506e-09,1.8019e-09
1996.6,0.00033333,0.00033333,0.00033038,0.00033038,1.5345e-06,2.101e-09,1.8491e-09
2024.4,0.00033333,0.00033333,0.0003303,0.00033031,1.5537e-06,2.1526e-09,1.8976e-09
2052.6,0.00033333,0.00033333,0.00033023,0.00033023,1.5733e-06,2.2055e-09,1.9477e-09
2081.2,0.00033333,0.00033333,0.00033015,0.00033016,1.5932e-06,2.2597e-09,1.9993e-09
2110.2,0.00033333,0.00033333,0.00033007,0.00033008,1.6133e-06,2.3153e-09,2.0525e-09
2139.6,0.00033333,0.00033333,0.00032999,0.00033,1.6338e-06,2.3721e-09,2.1073e-09
2169.4,0.00033333,0.00033333,0.00032991,0.00032991,1.6545e-06,2.4303e-09,2.1639e-09
2199.6,0.00033333,0.00033333,0.00032982,0.00032983,1.6756e-06,2.4899e-09,2.2221e-09
2230.2,0.00033333,0.00033333,0.00032973,0.00032974,1.6969e-06,2.551e-09,2.2821e-09
2261.3,0.00033333,0.00033333,0.00032964,0.00032965,1.7186e-06,2.6135e-09,2.344e-09
2292.8,0.00033333,0.00033333,0.00032954,0.00032955,1.7406e-06,2.6774e-09,2.4078e-09
2324.7,0.00033333,0.00033333,0.00032945,0.00032945,1.763e-06,2.7429e-09,2.4736e-09
2357.1,0.00033333,0.00033333,0.00032935,0.00032936,1.7856e-06,2.8099e-09,2.5414e-09
2389.9,0.00033333,0.00033333,0.00032925,0.00032925,1.8086e-06,2.8785e-09,2.6113e-09
2423.2,0.00033333,0.00033333,0.00032914,0.00032915,1.832e-06,2.9487e-09,2.6834e-09
2456.9,0.00033333,0.00033333,0.00032903,0.00032904,1.8556e-06,3.0205e-09,2.7577e-09
2491.1,0.00033333,0.00033333,0.00032892,0.00032893,1.8796e-06,3.094e-09,2.8344e-09
2525.8,0.00033333,0.00033333,0.00032881,0.00032882,1.904e-06,3.1693e-09,2.9135e-09
2561,0.00033333,0.00033333,0.00032869,0.0003287,1.9287e-06,3.2462e-09,2.9951e-09
2596.7,0.00033333,0.00033333,0.00032857,0.00032858,1.9538e-06,3.325e-09,3.0793e-09
2632.8,0.00033333,0.00033333,0.00032845,0.00032846,1.9792e-06,3.4055e-09,3.1662e-09
2669.5,0.00033333,0.00033333,0.00032832,0.00032833,2.005e-06,3.4879e-09,3.2558e-09
2706.7,0.00033333,0.00033333,0.00032819,0.0003282,2.0312e-06,3.5721e-09,3.3483e-09
2744.3,0.00033333,0.00033333,0.00032805,0.00032806,2.0577e-06,3.6581e-09,3.4438e-09
2782.6,0.00033333,0.00033333,0.00032791,0.00032793,2.0847e-06,3.7458e-09,3.5423e-09
2821.3,0.00033333,0.00033333,0.00032777,0.00032778,2.112e-06,3.8352e-09,3.6439e-09
2860.6,0.00033333,0.00033333,0.00032763,0.00032764,2.1397e-06,3.9262e-09,3.7487e-09
2900.4,0.00033333,0.00033333,0.00032747,0.00032749,2.1678e-06,4.0186e-09,3.8568e-09
2940.8,0.00033333,0.00033333,0.00032732,0.00032733,2.1963e-06,4.1123e-09,3.9683e-09
2981.8,0.00033333,0.00033333,0.00032716,0.00032717,2.2252e-06,4.2071e-09,4.0832e-09
3023.3,0.00033333,0.00033333,0.000327,0.00032701,2.2545e-06,4.303e-09,4.2016e-09
3065.4,0.00033333,0.00033333,0.00032683,0.00032684,2.2842e-06,4.3998e-09,4.3236e-09
3108.1,0.00033333,0.00033333,0.00032666,0.00032667,2.3144e-06,4.4976e-09,4.4495e-09
3151.4,0.00033333,0.00033333,0.00032648,0.0003265,2.3449e-06,4.5964e-09,4.5793e-09
3195.2,0.00033333,0.00033333,0.0003263,0.00032631,2.3759e-06,4.6962e-09,4.7132e-09
3239.7,0.00033333,0.00033333,0.00032611,0.00032613,2.4073e-06,4.797e-09,4.8514e-09
3284.9,0.00033333,0.00033333,0.00032592,0.00032594,2.4392e-06,4.8989e-09,4.9941e-09
3330.6,0.00033333,0.00033333,0.00032572,0.00032574,2.4715e-06,5.0019e-09,5.1415e-09
3377,0.00033333,0.00033333,0.00032552,0.00032553,2.5043e-06,5.106e-09,5.2937e-09
3424,0.00033333,0.00033333,0.00032531,0.00032533,2.5375e-06,5.2111e-09,5.4511e-09
3471.7,0.00033333,0.00033333,0.00032509,0.00032511,2.5712e-06,5.3172e-09,5.6137e-09
3520,0.00033333,0.00033333,0.00032487,0.00032489,2.6053e-06,5.4243e-09,5.7818e-09
3569,0.00033333,0.00033333,0.00032465,0.00032467,2.6399e-06,5.5321e-09,5.9556e-09
3618.7,0.00033333,0.00033333,0.00032441,0.00032443,2.675e-06,5.6407e-09,6.1354e-09
3669.1,0.00033333,0.00033333,0.00032417,0.00032419,2.7106e-06,5.7499e-09,6.3213e-09
3720.2,0.00033333,0.00033333,0.00032393,0.00032395,2.7466e-06,5.8595e-09,6.5136e-09
3772,0.00033333,0.00033333,0.00032367,0.00032369,2.7832e-06,5.9693e-09,6.7126e-09
3824.6,0.00033333,0.00033333,0.00032341,0.00032344,2.8203e-06,6.0793e-09,6.9186e-09
3877.8,0.00033333,0.00033333,0.00032314,0.00032317,2.8578e-06,6.1892e-09,7.1317e-09
3931.8,0.00033333,0.00033333,0.00032287,0.00032289,2.8959e-06,6.2987e-09,7.3524e-09
3986.6,0.00033333,0.00033333,0.00032259,0.00032261,2.9345e-06,6.4078e-09,7.5809e-09
4042.1,0.00033333,0.00033333,0.0003223,0.00032232,2.9736e-06,6.516e-09,7.8175e-09
4098.4,0.00033333,0.00033333,0.000322,0.00032203,3.0132e-06,6.6231e-09,8.0626e-09
4155.5,0.00033333,0.00033333,0.00032169,0.00032172,3.0534e-06,6.7289e-09,8.3166e-09
4213.3,0.00033333,0.00033333,0.00032138,0.0003214,3.0941e-06,6.833e-09,8.5798e-09
4272,0.00033333,0.00033333,0.00032105,0.00032108,3.1354e-06,6.935e-09,8.8528e-09
4331.5,0.00033333,0.00033333,0.00032072,0.00032075,3.1772e-06,7.0347e-09,9.136e-09
4391.8,0.00033333,0.00033333,0.00032038,0.00032041,3.2196e-06,7.1313e-09,9.4299e-09
4453,0.00033333,0.00033333,0.00032002,0.00032006,3.2626e-06,7.2258e-09,9.7356e-09
4515,0.00033333,0.00033333,0.00031966,0.0003197,3.3061e-06,7.3164e-09,1.0053e-08
4577.8,0.00033333,0.00033333,0.00031929,0.00031933,3.3502e-06,7.4038e-09,1.0384e-08
4641.6,0.00033333,0.00033333,0.00031891,0.00031895,3.3948e-06,7.4876e-09,1.0727e-08
4706.2,0.00033333,0.00033333,0.00031852,0.00031855,3.4401e-06,7.5672e-09,1.1083e-08
4771.8,0.00033333,0.00033333,0.00031811,0.00031815,3.486e-06,7.642e-09,1.1453e-08
4838.2,0.00033333,0.00033333,0.0003177,0.00031774,3.5325e-06,7.7112e-09,1.1835e-08
4905.6,0.00033333,0.00033333,0.00031727,0.00031732,3.5796e-06,7.7745e-09,1.2233e-08
4973.9,0.00033333,0.00033333,0.00031684,0.00031688,3.6273e-06,7.8312e-09,1.2645e-08
5043.2,0.00033333,0.00033333,0.00031639,0.00031643,3.6756e-06,7.8813e-09,1.3074e-08
5113.4,0.00033333,0.00033333,0.00031593,0.00031597,3.7246e-06,7.9244e-09,1.3519e-08
5184.6,0.00033333,0.00033333,0.00031545,0.0003155,3.7742e-06,7.9604e-09,1.3983e-08
5256.8,0.00033333,0.00033333,0.00031496,0.00031501,3.8244e-06,7.9895e-09,1.4465e-08
5330,0.00033333,0.00033333,0.00031446,0.00031451,3.8753e-06,8.0119e-09,1.4967e-08
5404.2,0.00033333,0.00033333,0.00031395,0.000314,3.9269e-06,8.0281e-09,1.5488e-08
5479.5,0.00033333,0.00033333,0.00031342,0.00031347,3.9791e-06,8.0392e-09,1.6032e-08
5555.8,0.00033333,0.00033333,0.00031287,0.00031293,4.032e-06,8.0466e-09,1.6597e-08
5633.1,0.00033333,0.00033333,0.00031231,0.00031237,4.0855e-06,8.0524e-09,1.7185e-08
5711.6,0.00033333,0.00033333,0.00031174,0.0003118,4.1398e-06,8.0595e-09,1.7797e-08
5791.1,0.00033333,0.00033333,0.00031115,0.00031121,4.1947e-06,8.0721e-09,1.8433e-08
5871.8,0.00033333,0.00033333,0.00031054,0.00031061,4.2504e-06,8.0953e-09,1.9094e-08
5953.5,0.00033333,0.00033333,0.00030992,0.00030999,4.3067e-06,8.1363e-09,1.9781e-08
6036.4,0.00033333,0.00033334,0.00030928,0.00030935,4.3638e-06,8.2038e-09,2.0494e-08
6120.5,0.00033333,0.00033334,0.00030862,0.0003087,4.4216e-06,8.3089e-09,2.1233e-08
6205.7,0.00033333,0.00033334,0.00030795,0.00030803,4.4802e-06,8.4653e-09,2.1997e-08
6292.1,0.00033333,0.00033334,0.00030726,0.00030733,4.5394e-06,8.6891e-09,2.2784e-08
6379.8,0.00033333,0.00033334,0.00030654,0.00030662,4.5995e-06,8.9995e-09,2.3593e-08
6468.6,0.00033333,0.00033334,0.00030581,0.0003059,4.6603e-06,9.4188e-09,2.442e-08
6558.7,0.00033333,0.00033334,0.00030506,0.00030515,4.7218e-06,9.9736e-09,2.5258e-08
6650,0.00033333,0.00033334,0.00030429,0.00030438,4.7842e-06,1.0697e-08,2.6097e-08
6742.6,0.00033333,0.00033334,0.00030349,0.00030359,4.8474e-06,1.1634e-08,2.6923e-08
6836.5,0.00033333,0.00033334,0.00030268,0.00030278,4.9114e-06,1.2855e-08,2.7715e-08
6931.7,0.00033333,0.00033334,0.00030184,0.00030194,4.9763e-06,1.4479e-08,2.8445e-08
7028.2,0.00033333,0.00033334,0.00030098,0.00030108,5.0422e-06,1.6732e-08,2.9082e-08
7126.1,0.00033333,0.00033334,0.0003001,0.0003002,5.1091e-06,2.0066e-08,2.9632e-08
7225.3,0.00033333,0.00033334,0.00029919,0.0002993,5.1776e-06,2.5367e-08,3.0324e-08
7326,0.00033333,0.00033334,0.00029826,0.00029837,5.2488e-06,3.4243e-08,3.2597e-08
7428,0.00033333,0.00033334,0.0002973,0.00029742,5.3205e-06,4.5517e-08,3.7532e-08
7531.4,0.00033333,0.00033334,0.00029631,0.00029645,5.3926e-06,5.4277e-08,4.6198e-08
7636.3,0.00033333,0.00033334,0.00029529,0.00029546,5.462e-06,5.5674e-08,5.1676e-08
7742.6,0.00033333,0.00033334,0.00029425,0.00029443,5.5316e-06,5.4869e-08,5.4118e-08
7850.5,0.00033333,0.00033334,0.00029318,0.00029337,5.6028e-06,5.5107e-08,5.5727e-08
7959.8,0.00033333,0.00033334,0.00029209,0.00029228,5.6756e-06,5.6804e-08,5.7348e-08
8070.6,0.00033333,0.00033334,0.00029097,0.00029116,5.7498e-06,5.9744e-08,5.9174e-08
8183,0.00033333,0.00033334,0.00028982,0.00029002,5.8252e-06,6.3713e-08,6.1225e-08
8297,0.00033333,0.00033334,0.00028863,0.00028884,5.9019e-06,6.8568e-08,6.3479e-08
8412.5,0.00033332,0.00033334,0.00028742,0.00028763,5.9797e-06,7.4224e-08,6.5905e-08
8529.6,0.00033332,0.00033334,0.00028617,0.00028639,6.0587e-06,8.0629e-08,6.8473e-08
8648.4,0.00033332,0.00033334,0.00028489,0.00028511,6.1388e-06,8.7745e-08,7.1148e-08
8768.9,0.00033332,0.00033334,0.00028358,0.0002838,6.22e-06,9.5538e-08,7.3891e-08
8891,0.00033332,0.00033335,0.00028223,0.00028246,6.3023e-06,1.0397e-07,7.6661e-08
9014.8,0.00033332,0.00033335,0.00028085,0.00028107,6.3856e-06,1.1298e-07,7.9406e-08
9140.3,0.00033332,0.00033335,0.00027943,0.00027966,6.4698e-06,1.225e-07,8.2073e-08
9267.6,0.00033332,0.00033335,0.00027797,0.0002782,6.5549e-06,1.3244e-07,8.4598e-08
9396.6,0.00033332,0.00033335,0.00027648,0.0002767,6.6408e-06,1.4268e-07,8.692e-08
9527.5,0.00033332,0.00033335,0.00027495,0.00027516,6.7271e-06,1.5308e-07,8.8972e-08
9660.2,0.00033332,0.00033335,0.00027338,0.00027358,6.8139e-06,1.6348e-07,9.0698e-08
9794.7,0.00033332,0.00033335,0.00027177,0.00027196,6.901e-06,1.7374e-07,9.2046e-08
9931.1,0.00033332,0.00033335,0.00027012,0.00027029,6.9882e-06,1.8369e-07,9.2977e-08
10069,0.00033332,0.00033335,0.00026843,0.00026858,7.0755e-06,1.9326e-07,9.3462e-08
10210,0.00033332,0.00033335,0.00026669,0.00026683,7.1629e-06,2.0237e-07,9.3514e-08
10352,0.00033332,0.00033335,0.00026491,0.00026503,7.2501e-06,2.1081e-07,9.3158e-08
10496,0.00033332,0.00033335,0.00026308,0.00026318,7.3374e-06,2.1858e-07,9.2433e-08
10642,0.00033332,0.00033335,0.0002612,0.00026128,7.4246e-06,2.2567e-07,9.1368e-08
10790,0.00033332,0.00033335,0.00025928,0.00025934,7.512e-06,2.3213e-07,9.0015e-08
10941,0.00033332,0.00033335,0.0002573,0.00025735,7.5996e-06,2.3798e-07,8.8429e-08
11093,0.00033332,0.00033335,0.00025527,0.0002553,7.6874e-06,2.4331e-07,8.6662e-08
11247,0.00033332,0.00033335,0.00025319,0.00025321,7.7756e-06,2.4817e-07,8.4762e-08
11404,0.00033332,0.00033334,0.00025106,0.00025106,7.8642e-06,2.5264e-07,8.2774e-08
11563,0.00033332,0.00033334,0.00024887,0.00024886,7.9533e-06,2.5679e-07,8.0734e-08
11724,0.00033332,0.00033334,0.00024662,0.00024661,8.043e-06,2.6069e-07,7.8674e-08
11887,0.00033332,0.00033334,0.00024432,0.00024429,8.1332e-06,2.6441e-07,7.6618e-08
12053,0.00033332,0.00033334,0.00024196,0.00024192,8.224e-06,2.6798e-07,7.4585e-08
12220,0.00033333,0.00033334,0.00023953,0.00023949,8.3154e-06,2.7147e-07,7.259e-08
12391,0.00033333,0.00033334,0.00023705,0.000237,8.4074e-06,2.7491e-07,7.0643e-08
12563,0.00033333,0.00033334,0.0002345,0.00023445,8.5e-06,2.7833e-07,6.8752e-08
12738,0.00033333,0.00033334,0.00023189,0.00023183,8.5931e-06,2.8177e-07,6.6922e-08
12915,0.00033333,0.00033334,0.00022921,0.00022915,8.6867e-06,2.8525e-07,6.5154e-08
13095,0.00033333,0.00033334,0.00022647,0.00022641,8.7809e-06,2.8878e-07,6.345e-08
13278,0.00033333,0.00033334,0.00022366,0.00022359,8.8755e-06,2.9239e-07,6.1809e-08
13463,0.00033333,0.00033334,0.00022078,0.00022071,8.9705e-06,2.9609e-07,6.0231e-08
13650,0.00033333,0.00033334,0.00021783,0.00021776,9.0659e-06,2.9987e-07,5.8712e-08
13840,0.00033333,0.00033334,0.0002148,0.00021474,9.1617e-06,3.0376e-07,5.7251e-08
14033,0.00033333,0.00033334,0.00021171,0.00021164,9.2577e-06,3.0774e-07,5.5842e-08
14228,0.00033333,0.00033334,0.00020853,0.00020847,9.354e-06,3.1182e-07,5.4482e-08
14426,0.00033333,0.00033334,0.00020529,0.00020522,9.4505e-06,3.1601e-07,5.3164e-08
14627,0.00033333,0.00033334,0.00020196,0.00020189,9.547e-06,3.2035e-07,5.1892e-08
14831,0.00033333,0.00033333,0.00019856,0.00019849,9.6437e-06,3.2499e-07,5.0695e-08
15038,0.00033333,0.00033333,0.00019507,0.000195,9.7404e-06,3.299e-07,4.9586e-08
15247,0.00033333,0.00033333,0.0001915,0.00019143,9.8372e-06,3.3485e-07,4.8512e-08
15459,0.00033333,0.00033333,0.00018785,0.00018778,9.9339e-06,3.3984e-07,4.7458e-08
15675,0.00033333,0.00033333,0.00018412,0.00018405,1.003e-05,3.4492e-07,4.6431e-08
15893,0.00033333,0.00033333,0.00018029,0.00018023,1.0127e-05,3.5012e-07,4.5432e-08
16114,0.00033333,0.00033333,0.00017638,0.00017632,1.0223e-05,3.5545e-07,4.4463e-08
16339,0.00033333,0.00033333,0.00017239,0.00017232,1.0318e-05,3.609e-07,4.3523e-08
16566,0.00033333,0.00033333,0.0001683,0.00016823,1.0414e-05,3.6647e-07,4.261e-08
16797,0.00033333,0.00033333,0.00016412,0.00016405,1.0508e-05,3.7218e-07,4.1724e-08
17031,0.00033333,0.00033333,0.00015984,0.00015978,1.0602e-05,3.7801e-07,4.0861e-08
17268,0.00033333,0.00033333,0.00015547,0.00015541,1.0695e-05,3.8395e-07,4.0021e-08
17508,0.00033334,0.00033333,0.00015101,0.00015095,1.0788e-05,3.9002e-07,3.9203e-08
17752,0.00033334,0.00033333,0.00014645,0.00014639,1.0879e-05,3.962e-07,3.8405e-08
17999,0.00033334,0.00033333,0.00014179,0.00014173,1.097e-05,4.025e-07,3.7625e-08
18250,0.00033334,0.00033333,0.00013703,0.00013698,1.106e-05,4.089e-07,3.6864e-08
18504,0.00033334,0.00033333,0.00013217,0.00013212,1.1148e-05,4.1541e-07,3.6118e-08
18762,0.00033334,0.00033333,0.00012721,0.00012716,1.1235e-05,4.2201e-07,3.5388e-08
19023,0.00033334,0.00033333,0.00012215,0.0001221,1.132e-05,4.2871e-07,3.4673e-08
19288,0.00033334,0.00033333,0.00011699,0.00011694,1.1404e-05,4.355e-07,3.3971e-08
19557,0.00033334,0.00033333,0.00011172,0.00011167,1.1486e-05,4.4237e-07,3.3282e-08
19829,0.00033334,0.00033333,0.00010635,0.0001063,1.1567e-05,4.4932e-07,3.2604e-08
20105,0.00033334,0.00033333,0.00010087,0.00010082,1.1645e-05,4.5634e-07,3.1937e-08
20385,0.00033334,0.00033333,9.5286e-05,9.5243e-05,1.1721e-05,4.6343e-07,3.1281e-08
20669,0.00033334,0.00033333,8.9598e-05,8.9557e-05,1.1795e-05,4.7057e-07,3.0635e-08
20957,0.00033334,0.00033333,8.3806e-05,8.3767e-05,1.1867e-05,4.7776e-07,2.9997e-08
21248,0.00033334,0.00033333,7.7909e-05,7.7872e-05,1.1936e-05,4.8498e-07,2.9368e-08
21544,0.00033334,0.00033333,7.1909e-05,7.1874e-05,1.2002e-05,4.9224e-07,2.8747e-08
21844,0.00033334,0.00033333,6.5807e-05,6.5775e-05,1.2065e-05,4.9951e-07,2.8134e-08
22149,0.00033334,0.00033333,5.9607e-05,5.9576e-05,1.2126e-05,5.068e-07,2.7527e-08
22457,0.00033334,0.00033333,5.3311e-05,5.3283e-05,1.2182e-05,5.1408e-07,2.6927e-08
22770,0.00033334,0.00033333,4.6926e-05,4.6902e-05,1.2236e-05,5.2134e-07,2.6333e-08
23087,0.00033334,0.00033333,4.0464e-05,4.0444e-05,1.2285e-05,5.2858e-07,2.5745e-08
23408,0.00033334,0.00033333,3.3943e-05,3.3929e-05,1.2331e-05,5.3577e-07,2.5163e-08
23734,0.00033334,0.00033333,2.7402e-05,2.7394e-05,1.2373e-05,5.4291e-07,2.4586e-08
24065,0.00033334,0.00033333,2.0926e-05,2.0929e-05,1.241e-05,5.4998e-07,2.4013e-08
24400,0.00033334,0.00033333,1.4753e-05,1.4774e-05,1.2443e-05,5.5695e-07,2.3445e-08
24740,0.00033334,0.00033333,9.7234e-06,9.78e-06,1.2471e-05,5.6382e-07,2.2882e-08
25084,0.00033334,0.00033332,8.5413e-06,8.6311e-06,1.2493e-05,5.7057e-07,2.2323e-08
25433,0.00033334,0.00033332,1.2539e-05,1.2617e-05,1.2511e-05,5.7717e-07,2.1767e-08
25788,0.00033334,0.00033332,1.8753e-05,1.8814e-05,1.2522e-05,5.836e-07,2.1216e-08
26147,0.00033334,0.00033332,2.5699e-05,2.575e-05,1.2528e-05,5.8985e-07,2.0668e-08
26511,0.00033334,0.00033332,3.298e-05,3.3024e-05,1.2528e-05,5.9589e-07,2.0124e-08
26880,0.00033334,0.00033332,4.0463e-05,4.0502e-05,1.2522e-05,6.0169e-07,1.9583e-08
27254,0.00033334,0.00033332,4.8093e-05,4.8128e-05,1.2508e-05,6.0723e-07,1.9046e-08
27634,0.00033334,0.00033332,5.5842e-05,5.5873e-05,1.2488e-05,6.1249e-07,1.8512e-08
28019,0.00033334,0.00033332,6.3692e-05,6.372e-05,1.246e-05,6.1743e-07,1.7981e-08
28409,0.00033334,0.00033332,7.1631e-05,7.1656e-05,1.2425e-05,6.2203e-07,1.7454e-08
28804,0.00033335,0.00033332,7.965e-05,7.9672e-05,1.2381e-05,6.2625e-07,1.6929e-08
29206,0.00033335,0.00033332,8.7739e-05,8.7758e-05,1.233e-05,6.3007e-07,1.6408e-08
29612,0.00033335,0.00033332,9.5891e-05,9.5908e-05,1.2269e-05,6.3344e-07,1.589e-08
30025,0.00033335,0.00033332,0.0001041,0.00010411,1.22e-05,6.3635e-07,1.5375e-08
30443,0.00033335,0.00033332,0.00011235,0.00011237,1.2121e-05,6.3874e-07,1.4863e-08
30867,0.00033335,0.00033332,0.00012065,0.00012066,1.2033e-05,6.4058e-07,1.4354e-08
31296,0.00033335,0.00033332,0.00012897,0.00012898,1.1935e-05,6.4183e-07,1.3849e-08
31732,0.00033335,0.00033332,0.00013732,0.00013733,1.1826e-05,6.4246e-07,1.3347e-08
32174,0.00033335,0.00033332,0.00014568,0.00014569,1.1706e-05,6.4241e-07,1.2849e-08
32622,0.00033335,0.00033332,0.00015405,0.00015405,1.1575e-05,6.4165e-07,1.2354e-08
33076,0.00033335,0.00033332,0.00016241,0.0001624,1.1433e-05,6.4014e-07,1.1862e-08
33537,0.00033335,0.00033332,0.00017075,0.00017074,1.1278e-05,6.3781e-07,1.1374e-08
34004,0.00033335,0.00033332,0.00017906,0.00017905,1.1112e-05,6.3463e-07,1.089e-08
34478,0.00033335,0.00033332,0.00018733,0.00018732,1.0932e-05,6.3056e-07,1.0409e-08
34958,0.00033335,0.00033331,0.00019555,0.00019554,1.074e-05,6.2553e-07,9.9306e-09
35445,0.00033335,0.00033331,0.0002037,0.00020369,1.0534e-05,6.1962e-07,9.4596e-09
35938,0.00033335,0.00033331,0.00021177,0.00021175,1.0314e-05,6.1243e-07,9.0031e-09
36439,0.00033335,0.00033331,0.00021975,0.00021973,1.008e-05,6.0422e-07,8.5367e-09
36946,0.00033335,0.00033331,0.00022761,0.00022759,9.8313e-06,5.9487e-07,8.0766e-09
37461,0.00033336,0.00033331,0.00023535,0.00023533,9.5678e-06,5.8429e-07,7.6211e-09
37982,0.00033336,0.00033331,0.00024295,0.00024292,9.289e-06,5.7244e-07,7.1699e-09
38511,0.00033336,0.00033331,0.00025038,0.00025035,8.9946e-06,5.5927e-07,6.7226e-09
39047,0.00033336,0.00033331,0.00025764,0.00025761,8.6842e-06,5.4472e-07,6.2781e-09
39591,0.00033336,0.00033331,0.0002647,0.00026466,8.3577e-06,5.2872e-07,5.8349e-09
40142,0.00033336,0.00033331,0.00027154,0.0002715,8.0147e-06,5.1122e-07,5.3946e-09
40701,0.00033336,0.00033331,0.00027815,0.00027811,7.6549e-06,4.9217e-07,4.944e-09
41268,0.00033336,0.00033331,0.00028449,0.00028445,7.2782e-06,4.7148e-07,4.4726e-09
41843,0.00033336,0.00033331,0.00029056,0.00029051,6.8842e-06,4.4908e-07,3.9277e-09
42426,0.00033336,0.0003333,0.00029633,0.00029627,6.4727e-06,4.248e-07,2.9418e-09
43016,0.00033336,0.0003333,0.00030176,0.00030171,6.0447e-06,4.0325e-07,4.7131e-09
43615,0.00033336,0.0003333,0.00030685,0.0003068,5.5989e-06,3.7316e-07,3.5771e-09
44223,0.00033337,0.0003333,0.00031157,0.00031151,5.1355e-06,3.4348e-07,3.0387e-09
44839,0.00033337,0.0003333,0.00031589,0.00031583,4.6547e-06,3.1215e-07,2.607e-09
45463,0.00033337,0.0003333,0.00031979,0.00031972,4.1567e-06,2.7898e-07,2.2151e-09
46096,0.00033337,0.0003333,0.00032323,0.00032317,3.6418e-06,2.4389e-07,1.8507e-09
46738,0.00033337,0.0003333,0.00032621,0.00032614,3.1106e-06,2.0686e-07,1.5019e-09
47389,0.00033337,0.00033329,0.00032868,0.0003286,2.564e-06,1.6786e-07,1.167e-09
48049,0.00033337,0.00033329,0.00033063,0.00033055,2.0037e-06,1.2686e-07,8.4509e-10
48718,0.00033338,0.00033329,0.00033202,0.00033193,1.4342e-06,8.3864e-08,5.3553e-10
49396,0.00033339,0.00033328,0.00033284,0.00033273,8.7071e-07,3.8891e-08,2.3817e-10
50084,0.0003333,0.00033337,0.00033295,0.00033303,4.1996e-07,8.2597e-09,5.0071e-11
50782,0.00033336,0.0003333,0.00033259,0.00033253,6.0586e-07,5.707e-08,3.2121e-10
51489,0.00033337,0.0003333,0.00033151,0.00033144,1.1765e-06,1.0792e-07,5.8191e-10
52206,0.00033337,0.00033329,0.00032974,0.00032967,1.8105e-06,1.6067e-07,8.299e-10
52933,0.00033337,0.00033329,0.00032726,0.00032718,2.4687e-06,2.1525e-07,1.0644e-09
53670,0.00033338,0.00033329,0.00032406,0.00032397,3.1424e-06,2.716e-07,1.2845e-09
54417,0.00033338,0.00033329,0.00032009,0.00032001,3.828e-06,3.2961e-07,1.4862e-09
55175,0.00033338,0.00033329,0.00031535,0.00031526,4.5229e-06,3.8919e-07,1.6722e-09
55943,0.00033338,0.00033329,0.00030981,0.00030972,5.2252e-06,4.5022e-07,1.8213e-09
56722,0.00033338,0.00033328,0.00030346,0.00030337,5.9328e-06,5.1252e-07,1.8693e-09
57512,0.00033339,0.00033328,0.00029628,0.00029618,6.6425e-06,5.8149e-07,3.2422e-09
58313,0.00033339,0.00033328,0.00028825,0.00028816,7.3563e-06,6.4114e-07,2.6539e-09
59125,0.00033339,0.00033328,0.00027937,0.00027928,8.0676e-06,7.0638e-07,2.6896e-09
59948,0.00033339,0.00033328,0.00026962,0.00026953,8.7754e-06,7.7231e-07,2.7787e-09
60783,0.00033339,0.00033328,0.00025899,0.0002589,9.4772e-06,8.3864e-07,2.8679e-09
61630,0.00033339,0.00033327,0.00024749,0.00024741,1.017e-05,9.0507e-07,2.9587e-09
62488,0.00033339,0.00033327,0.00023512,0.00023504,1.0852e-05,9.7133e-07,3.0372e-09
63358,0.0003334,0.00033327,0.00022188,0.0002218,1.1518e-05,1.0371e-06,3.1041e-09
64240,0.0003334,0.00033327,0.00020778,0.0002077,1.2167e-05,1.1021e-06,3.1582e-09
65135,0.0003334,0.00033327,0.00019283,0.00019275,1.2794e-05,1.1659e-06,3.2037e-09
66042,0.0003334,0.00033326,0.00017705,0.00017698,1.3396e-05,1.2281e-06,3.2326e-09
66962,0.0003334,0.00033326,0.00016048,0.00016041,1.3969e-05,1.2884e-06,3.2498e-09
67894,0.00033341,0.00033326,0.00014313,0.00014307,1.451e-05,1.3463e-06,3.2544e-09
68840,0.00033341,0.00033326,0.00012504,0.00012499,1.5013e-05,1.4013e-06,3.2466e-09
69798,0.00033341,0.00033326,0.00010627,0.00010622,1.5475e-05,1.453e-06,3.2266e-09
70770,0.00033341,0.00033325,8.6865e-05,8.6828e-05,1.5891e-05,1.5009e-06,3.1944e-09
71756,0.00033342,0.00033325,6.6907e-05,6.688e-05,1.6258e-05,1.5444e-06,3.1504e-09
72755,0.00033342,0.00033325,4.652e-05,4.6504e-05,1.6569e-05,1.5831e-06,3.0949e-09
73768,0.00033342,0.00033325,2.6045e-05,2.6042e-05,1.6822e-05,1.6163e-06,3.0282e-09
74795,0.00033342,0.00033324,8.9023e-06,8.9248e-06,1.701e-05,1.6435e-06,2.9508e-09
75837,0.00033343,0.00033324,2.0368e-05,2.0367e-05,1.713e-05,1.6641e-06,2.8631e-09
76893,0.00033343,0.00033324,4.1457e-05,4.1437e-05,1.7177e-05,1.6776e-06,2.7655e-09
77964,0.00033343,0.00033324,6.3307e-05,6.3271e-05,1.7147e-05,1.6834e-06,2.6586e-09
79049,0.00033343,0.00033323,8.5325e-05,8.5274e-05,1.7034e-05,1.6808e-06,2.543e-09
80150,0.00033344,0.00033323,0.00010731,0.00010724,1.6835e-05,1.6694e-06,2.4192e-09
81266,0.00033344,0.00033323,0.0001291,0.00012902,1.6546e-05,1.6485e-06,2.288e-09
82398,0.00033344,0.00033322,0.00015057,0.00015047,1.6164e-05,1.6177e-06,2.1499e-09
83545,0.00033345,0.00033322,0.00017157,0.00017145,1.5684e-05,1.5765e-06,2.0057e-09
84709,0.00033345,0.00033322,0.00019196,0.00019183,1.5105e-05,1.5244e-06,1.8559e-09
85888,0.00033345,0.00033321,0.00021159,0.00021144,1.4423e-05,1.461e-06,1.7027e-09
87084,0.00033346,0.00033321,0.00023031,0.00023014,1.3638e-05,1.386e-06,1.5441e-09
88297,0.00033346,0.00033321,0.00024797,0.00024778,1.2748e-05,1.2992e-06,1.3823e-09
89527,0.00033346,0.0003332,0.00026441,0.0002642,1.1753e-05,1.2003e-06,1.2168e-09
90773,0.00033347,0.0003332,0.00027946,0.00027923,1.0653e-05,1.0893e-06,1.0456e-09
92037,0.00033347,0.00033319,0.00029297,0.00029273,9.451e-06,9.6623e-07,8.3816e-10
93319,0.00033348,0.00033319,0.00030479,0.00030452,8.1485e-06,8.3109e-07,8.1699e-10
94618,0.00033348,0.00033319,0.00031475,0.00031447,6.7495e-06,6.8431e-07,6.0947e-10
95936,0.00033349,0.00033318,0.00032271,0.00032241,5.2595e-06,5.2622e-07,4.4382e-10
97272,0.00033349,0.00033317,0.00032852,0.0003282,3.6853e-06,3.5742e-07,2.8695e-10
98627,0.00033351,0.00033316,0.00033205,0.00033171,2.0384e-06,1.7863e-07,1.3685e-10
1e+05,0.00033323,0.00033344,0.00033289,0.0003331,4.0372e-07,9.7861e-09,8.7482e-12
