0.01000000000000001	0.0029927445847887525	-0.00002697536937743955
0.010092528860766855	0.0029927568099480215	-0.000026974986011939634
0.01018591388054118	0.0029927692624901747	-0.000026974596192101333
0.010280162981264745	0.002992781946646343	-0.00002697419982340241
0.010375284158180138	0.0029927948667264597	-0.000026973796812383257
0.010471285480509006	0.00299280802712072	-0.00002697338706449422
0.010568175092136596	0.0029928214323010965	-0.000026972970483007604
0.01066596121230259	0.0029928350868228776	-0.00002697254697403507
0.010764652136298361	0.002992848995326175	-0.000026972116439000255
0.010864256236170667	0.0029928631625375595	-0.000026971678782182903
0.010964781961431863	0.0029928775932716377	-0.00002697123390650451
0.011066237839776675	0.002992892292432718	-0.00002697078171240488
0.011168632477805623	0.0029929072650164766	-0.000026970322103724272
0.011271974561755117	0.002992922516111654	-0.000026969854980783114
0.011376272858234322	0.0029929380509018085	-0.000026969380245155152
0.01148153621496884	0.0029929538746670775	-0.00002696889779833993
0.011587773561551273	0.0029929699927859913	-0.000026968407541790842
0.011694993910198724	0.002992986410737284	-0.00002696790937548133
0.01180320635651731	0.0029930031341018084	-0.000026967403202056766
0.011912420080273762	0.002993020168564399	-0.00002696688892209887
0.012022644346174144	0.002993037519915847	-0.00002696636643724032
0.012133888504649786	0.0029930551940548526	-0.00002696583564862634
0.012246161992650502	0.002993073196990072	-0.00002696529646001086
0.01235947433444512	0.0029930915348421417	-0.000026964748774338578
0.012473835142429446	0.0029931102138457937	-0.00002696419249331184
0.012589254117941687	0.002993129240351976	-0.000026963627522836685
0.012705741052085433	0.0029931486208300178	-0.000026963053767818112
0.012823305826560232	0.002993168361869871	-0.00002696247113453293
0.01294195841449987	0.0029931884701843345	-0.000026961879529954948
0.013061708881318424	0.002993208952611366	-0.000026961278863087903
0.013182567385564082	0.002993229816116411	-0.000026960669043624463
0.01330454417978092	0.0029932510677948055	-0.000026960049984488787
0.013427649611378649	0.0029932727148741876	-0.000026959421598294796
0.01355189412351037	0.0029932947647169812	-0.000026958783801318366
0.013677288255958502	0.0029933172248229217	-0.00002695813651121419
0.013803842646028859	0.0029933401028316036	-0.000026957479647742114
0.013931568029453043	0.0029933634065251206	-0.000026956813134074282
0.01406047524129915	0.0029933871438307265	-0.000026956136896600807
0.014190575216890933	0.002993411322823547	-0.00002695545086371361
0.014321878992735446	0.002993435951729339	-0.00002695475496834008
0.014454397707459286	0.002993461038927335	-0.000026954049144539532
0.014588142602753497	0.002993486592953098	-0.00002695333333426644
0.014723125024327202	0.0029935126225014426	-0.000026952607480936474
0.014859356422870082	0.0029935391364294415	-0.00002695187153225429
0.014996848355023748	0.002993566143759449	-0.000026951125443541534
0.015135612484362095	0.00299359365368219	-0.000026950369171060452
0.015275660582380739	0.0029936216755599276	-0.00002694960268193883
0.015417004529495607	0.002993650218929668	-0.000026948825944923986
0.015559656316050758	0.0029936792935064513	-0.000026948038937630572
0.01570362804333554	0.002993708909186665	-0.000026947241644348728
0.015848931924611148	0.0029937390760514607	-0.000026946434055500943
0.015995580286146702	0.0029937698043702127	-0.000026945616170943587
0.016143585568264878	0.0029938011046040432	-0.000026944787998190626
0.016292960326397238	0.0029938329874094264	-0.000026943949553163555
0.01644371723214933	0.002993865463641846	-0.00002694310086271989
0.016595869074375623	0.0029938985443595362	-0.000026942241962018784
0.01674942876026439	0.002993932240827275	-0.00002694137289922442
0.016904409316432657	0.0029939665645202706	-0.000026940493732364678
0.017060823890031253	0.0029940015271281094	-0.000026939604532313664
0.017218685749860088	0.002994037140558773	-0.000026938705383239637
0.017378008287493772	0.0029940734169427463	-0.00002693779638029854
0.01753880501841763	0.0029941103686371953	-0.00002693687763940876
0.01770108958317423	0.0029941480082302154	-0.000026935949285670533
0.017864875748520526	0.0029941863485451956	-0.000026935011462415495
0.018030177408595707	0.002994225402645213	-0.000026934064333772982
0.018197008586099853	0.0029942651838375366	-0.000026933108078104803
0.018365383433483484	0.0029943057056782425	-0.000026932142894542545
0.018535316234148135	0.002994346981976874	-0.00002693116900525626
0.018706821403658026	0.0029943890268012132	-0.000026930186652110985
0.018879913490962956	0.0029944318544821314	-0.000026929196099839125
0.019054607179632494	0.0029944754796185375	-0.00002692819764057597
0.019230917289101597	0.002994519917082453	-0.000026927191590046194
0.019408858775927792	0.0029945651820241143	-0.000026926178293058793
0.01958844673505991	0.0029946112898772167	-0.000026925158122888478
0.01976969640111862	0.002994658256364272	-0.000026924131485280697
0.01995262314968881	0.0029947060975020353	-0.000026923098816058285
0.020137242498623895	0.002994754829607047	-0.000026922060590069007
0.02032357010936223	0.002994804469301279	-0.000026921017314529515
0.020511621788255666	0.0029948550335179144	-0.00002691996953866665
0.020701413487910436	0.0029949065395071793	-0.00002691891785145286
0.02089296130854041	0.0029949590048423615	-0.000026917862886789744
0.02108628149933291	0.002995012447425859	-0.000026916805322978745
0.021281390459827135	0.0029950668854954363	-0.000026915745888286308
0.021478304741305354	0.0029951223376305275	-0.000026914685361557634
0.02167704104819696	0.0029951788227586887	-0.00002691362457849776
0.02187761623949554	0.0029952363601621775	-0.00002691256443072191
0.022080047330189013	0.0029952949694846518	-0.000026911505871880955
0.022284351492703053	0.0029953546707379873	-0.000026910449919863798
0.022490546058357826	0.0029954154843092693	-0.000026909397661543098
0.022698648518838235	0.002995477430967856	-0.000026908350255856667
0.022908676527677748	0.0029955405318726116	-0.000026907308939112057
0.023120647901755963	0.0029956048085792797	-0.00002690627502914846
0.023334580622810044	0.0029956702830480145	-0.00002690524993024937
0.023550492838960112	0.0029957369776510033	-0.00002690423513534363
0.023768402866248782	0.002995804915180285	-0.000026903232236141525
0.02398832919019492	0.002995874118855704	-0.00002690224292775976
0.0242102904673618	0.0029959446123330236	-0.000026901269008313582
0.02443430552693974	0.0029960164197121706	-0.00002690031239853249
0.024660393372343412	0.0029960895655456797	-0.00002689937513295652
0.02488857318282393	0.0029961640748472594	-0.00002689845938067035
0.025118864315095822	0.002996239973100564	-0.000026897567443282084
0.025351286304979098	0.002996317286268101	-0.00002689670176864721
0.02558585886905648	0.0029963960408003316	-0.000026895864960744795
0.025822601906345985	0.0029964762636449423	-0.000026895059781025666
0.026061535499988978	0.002996557982256291	-0.000026894289166199957
0.026302679918953843	0.002996641224605039	-0.000026893556237912486
0.026546055619755416	0.002996726019187989	-0.00002689286430865957
0.026791683248190343	0.0029968123950380814	-0.000026892216901047473
0.027039583641088463	0.0029969003817346056	-0.000026891617752414127
0.027289777828080432	0.0029969900094135994	-0.000026891070837768713
0.02754228703338169	0.002997081308778484	-0.000026890580373602504
0.02779713267759291	0.0029971743111108467	-0.000026890150845983408
0.02805433637951716	0.0029972690482814933	-0.000026889787013214333
0.028313919957993816	0.0029973655527616863	-0.000026889493935825078
0.028575905433749497	0.002997463857634595	-0.000026889276986816163
0.028840315031266085	0.0029975639966070004	-0.000026889141877833683
0.02910717118066608	0.002997666004021194	-0.00002688909467584557
0.029376496519615335	0.0029977699148671564	-0.00002688914183022897
0.029648313895243455	0.002997875764794918	-0.00002688929019487127
0.02992264636608192	0.0029979835901272093	-0.000026889547056498682
0.030199517204020192	0.0029980934278723355	-0.000026889920164330185
0.03047894989627986	0.002998205315737308	-0.000026890417754588787
0.03076096814740711	0.0029983192921412623	-0.00002689104859185964
0.031045595881283587	0.0029984353962290806	-0.000026891821998249328
0.03133285724315589	0.002998553667885363	-0.000026892747891809002
0.031622776601683826	0.0029986741477485814	-0.00002689383683114814
0.03191537855100765	0.002998796877225621	-0.00002689510005436805
0.03221068791283438	0.0029989218985065134	-0.00002689654952933352
0.03250872973854347	0.0029990492545795195	-0.000026898198004026246
0.03280952931131194	0.0029991789892464997	-0.000026900059060251844
0.03311311214825915	0.002999311147138576	-0.00002690214717292298
0.03341950400261146	0.002999445773732112	-0.000026904477774320448
0.03372873086588692	0.002999582915365049	-0.000026907067323110318
0.034040818970100126	0.002999722619253487	-0.00002690993337879814
0.0343557947899875	0.0029998649335086875	-0.00002691309467956856
0.0346736850452532	0.0030000099071543604	-0.000026916571234492367
0.034994516702835765	0.003000157590144304	-0.000026920384411458004
0.035318316979195734	0.0030003080333804192	-0.00002692455704581731
0.03564511334262446	0.0030004612887310827	-0.000026929113546783625
0.03597493351557427	0.003000617409049865	-0.00002693408002001803
0.03630780547701017	0.003000776448194652	-0.000026939484396787076
0.03664375746478335	0.003000938461047155	-0.000026945356579550792
0.03698281797802665	0.003001103503532791	-0.000026951728593483516
0.037325015779572084	0.0030012716326409837	-0.000026958634754616743
0.037670379898390914	0.0030014429064458875	-0.00002696611185841625
0.038018939632056145	0.0030016173841274987	-0.000026974199378884777
0.0383707245492279	0.003001795125993233	-0.000026982939685179285
0.038725764492161745	0.003001976193499933	-0.000026992378284499027
0.03908408957924023	0.0030021606492762897	-0.000027002564084824203
0.03944573020752787	0.003002348557145796	-0.000027013549683103722
0.039810717055349755	0.0030025399821501	-0.000027025391678815998
0.04017908108489402	0.003002734990572882	-0.00002703815102359505
0.040550853544838415	0.0030029336499642015	-0.000027051893404776756
0.040926065973001115	0.003003136029165372	-0.000027066689659458168
0.041304750199016166	0.003003342198334303	-0.000027082616242665518
0.04168693834703357	0.0030035522289714425	-0.00002709975573272621
0.04207266283844444	0.003003766193946175	-0.00002711819740805348
0.04246195639463132	0.003003984167523832	-0.000027138037851180608
0.042854852039743985	0.003004206225393236	-0.00002715938166182249
0.04325138310350091	0.003004432444694848	-0.00002718234220716053
0.04365158322401663	0.0030046629040494455	-0.000027207042483375242
0.044055486350655364	0.0030048976835875033	-0.000027233616061400612
0.04446312674691091	0.0030051368649790956	-0.0000272622081388619
0.04487453899331325	0.0030053805314644985	-0.000027292976722154472
0.04528975799036211	0.0030056287678854113	-0.000027326093944242165
0.04570881896148754	0.003005881660716844	-0.000027361747529924884
0.04613175745603798	0.003006139298099723	-0.000027400142457520554
0.04655860935229591	0.003006401769874121	-0.00002744150280652371
0.04698941086052156	0.00300666916761332	-0.00002748607384789478
0.04742419852602448	0.0030069415846584687	-0.000027534124397286303
0.04786300923226385	0.00300721911615413	-0.000027585949468809233
0.04830588020397728	0.003007501859084515	-0.00002764187328600752
0.04875284901033865	0.0030077899123105486	-0.000027702252684003994
0.04920395356814511	0.003008083376607752	-0.000027767480987101212
0.04965923214503363	0.0030083823547049607	-0.000027837992420988865
0.05011872336272725	0.0030086869513239133	-0.000027914267134581675
0.05058246620031143	0.0030089972732197387	-0.000027996836970910372
0.051050499997540646	0.0030093134292223274	-0.00002808629206165816
0.05152286445817567	0.003009635530278708	-0.000028183288413197697
0.05199959965335162	0.00300996368949635	-0.000028288556657436936
0.052480746024977286	0.003010298022187502	-0.000028402912158302518
0.05296634438916581	0.0030106386459145614	-0.000028527266724992366
0.05345643593969719	0.0030109856805365376	-0.000028662642223699796
0.05395106225151279	0.0030113392482566293	-0.000028810186453022113
0.05445026528424214	0.0030116994736709758	-0.000028971191697011625
0.05495408738576248	0.003012066483818594	-0.000029147116507422207
0.0554625712957911	0.003012440408232647	-0.00002933961133179685
0.05597576014951104	0.0030128213789929257	-0.000029550548807343598
0.05649369748123028	0.003013209530779828	-0.00002978205967528138
0.05701642722807478	0.0030136050009297445	-0.000030036575533824536
0.05754399373371572	0.0030140079294919517	-0.000030316879942206508
0.05807644175213124	0.0030144184592871795	-0.00003062616975664524
0.05861381645140291	0.0030148367359678725	-0.00003096812908095627
0.05915616341754743	0.003015262908080283	-0.00003134701881657411
0.05970352865838372	0.0030156971271285424	-0.00003176778565461426
0.06025595860743581	0.003016139547640804	-0.00003223619537305217
0.060813500127871824	0.0030165903272376606	-0.00003275899673661406
0.061376200516479455	0.0030170496267030106	-0.000033344124129467994
0.06194410750767818	0.0030175176100575196	-0.000034000949513896084
0.06251726927756862	0.003017994444634976	-0.00003474059762070745
0.06309573444801936	0.00301848030116163	-0.000035576342737606247
0.06367955209079162	0.0030189753538388438	-0.00003652411146090135
0.064268771731702	0.003019479780429137	-0.00003760312411539752
0.06486344335482389	0.003019993762345743	-0.00003883671885867755
0.06546361740672754	0.00302051748474544	-0.000040253418272905585
0.06606934480075964	0.003021051136624291	-0.00004188832014315032
0.06668067692136226	0.003021594910914907	-0.000043784924773573704
0.06729766562843183	0.003022149004582996	-0.00004599755412158881
0.0679203632617185	0.00302271361871846	-0.00004859457809864823
0.0685488226452662	0.0030232889586127953	-0.00005166274707114208
0.0691830970918937	0.003023875233807863	-0.00005531304431563272
0.06982324040771719	0.0030244726580895033	-0.00005968862481952918
0.07046930689671474	0.0030250814493791474	-0.00006497559714780868
0.07112135136533296	0.0030257018294407873	-0.00007141760864614281
0.07177942912713622	0.0030263340232577034	-0.00007933531783703782
0.07244359600749906	0.0030269782578238556	-0.00008915160972415516
0.0731139083483418	0.0030276347599101842	-0.00010142212057392338
0.07379042301291015	0.0030283037520715274	-0.00011686655986397665
0.07447319739059896	0.0030289854457585005	-0.00013638553176809642
0.07516228940182061	0.003029680030078186	-0.0001610221599544277
0.07585775750291844	0.0030303876553472737	-0.00019177560003330488
0.07655966069112569	0.0030311084146209086	-0.00022909072123587513
0.07726805850957029	0.00303184233896024	-0.000271801545974372
0.07798301105232593	0.0030325894456668867	-0.00031558180331358574
0.07870457896950993	0.003033349886197895	-0.00035204329048546355
0.07943282347242822	0.0030341241506161997	-0.0003709733094972806
0.08016780633876798	0.0030349131034660432	-0.00036637264539267047
0.0809095899178383	0.003035717687496457	-0.00034097524083903863
0.0816582371358593	0.003036538561025935	-0.00030375317140883095
0.0824138115013003	0.0030373760273448604	-0.00026376496002237116
0.08317637711026717	0.003038230201788679	-0.00022666212704869194
0.08394599865193982	0.003039101178323889	-0.0001947465514554352
0.08472274141405972	0.0030399891041627113	-0.00016831186590349358
0.08550667128846841	0.0030408941906367045	-0.0001467758948039768
0.0862978547766971	0.003041816701034955	-0.0001293102700176322
0.08709635899560814	0.0030427569358432616	-0.00011511544094482961
0.08790225168308852	0.003043715221464091	-0.0001035125921194131
0.08871560120379617	0.003044691902830935	-0.00009395653687580182
0.08953647655495947	0.003045687338912453	-0.00008602021407732305
0.09036494737223023	0.003046701900092643	-0.00007937237925263175
0.09120108393559107	0.0030477359667017727	-0.00007375656147245415
0.09204495717531722	0.0030487899282361525	-0.00006897364106529466
0.09289663867799372	0.0030498641829868134	-0.00006486821096204295
0.09375620069258811	0.0030509591379108544	-0.00006131817453285076
0.09462371613657934	0.0030520752086477363	-0.00005822690169467912
0.09549925860214364	0.0030532128196229516	-0.0000555173346589813
0.0963829023623971	0.003054372404205193	-0.00005312755394509145
0.09727472237769656	0.0030555544048971816	-0.00005100743048781418
0.09817479430199849	0.003056759273548221	-0.000049116084332707906
0.09908319448927681	0.0030579874715817084	-0.000047419943637662985
0.10000000000000005	0.0030592394702334646	-0.00004589125224795849
0.10092528860766849	0.003060515750798748	-0.000044506914229670663
0.10185913880541175	0.003061816804886597	-0.00004324759306632308
0.10280162981264741	0.0030631431346810198	-0.00004209700459896097
0.10375284158180131	0.003064495253208727	-0.000041041358229186314
0.10471285480509002	0.0030658736846135176	-0.00004006891246670198
0.1056817509213659	0.0030672789644373495	-0.00003916961914808266
0.10665961212302584	0.0030687116399085355	-0.00003833483689036716
0.10764652136298355	0.0030701722702371325	-0.00003755709899345428
0.10864256236170661	0.00307166142691801	-0.00003682992428853876
0.10964781961431856	0.0030731796940418644	-0.000036147662253778785
0.1106623783977667	0.003074727668614542	-0.00003550536544785906
0.11168632477805618	0.0030763059608850266	-0.00003489868394773012
0.1127197456175511	0.0030779151946824794	-0.00003432377755002241
0.11376272858234315	0.0030795560077626696	-0.00003377724244083451
0.11481536214968835	0.0030812290521641914	-0.000033256049645963265
0.11587773561551268	0.0030829349945748555	-0.00003275749313837143
0.11694993910198717	0.003084674516708633	-0.000032279145913054575
0.11803206356517304	0.0030864483156935385	-0.000031818822664806624
0.11912420080273756	0.0030882571044709376	-0.00003137454791382239
0.12022644346174137	0.0030901016122065975	-0.000030944528727785784
0.1213388850464978	0.00309198258471399	-0.000030527131205853536
0.12246161992650495	0.0030939007848902263	-0.000030120860212583513
0.12359474334445113	0.003095856993165195	-0.00002972434178769718
0.12473835142429439	0.003097852007964231	-0.000029336307837225615
0.1258925411794168	0.003099886646184913	-0.00002895558275283764
0.12705741052085426	0.0031019617436884553	-0.0000285810716690375
0.12823305826560225	0.0031040781558062335	-0.00002821175011156852
0.1294195841449987	0.003106236757861946	-0.000027846654832686303
0.13061708881318423	0.003108438445710023	-0.000027484875657312522
0.1318256738556408	0.003110684136290818	-0.0000271255481934153
0.13304544179780922	0.0031129747682031987	-0.000026767847278974733
0.13427649611378642	0.003115311302295191	-0.000026410981059016414
0.13551894123510363	0.0031176947222732055	-0.0000260541855972974
0.13677288255958495	0.003120126035330655	-0.00002569671994392495
0.13803842646028852	0.0031226062727965805	-0.000025337861588263047
0.13931568029453034	0.003125136490804891	-0.000024976902234500025
0.14060475241299142	0.003127717770985205	-0.000024613143847846672
0.14190575216890927	0.003130351221175759	-0.00002424589492108232
0.1432187899273544	0.003133037976159382	-0.000023874466919734744
0.1445439770745928	0.003135779198423244	-0.00002349817086643184
0.1458814260275349	0.00313857607894317	-0.000023116314027836226
0.14723125024327194	0.0031414298379935464	-0.000022728196673506447
0.14859356422870074	0.003144341725983478	-0.000022333108872972437
0.1499684835502374	0.0031473130243202642	-0.000021930327303350816
0.15135612484362088	0.0031503450463010885	-0.000021519112040403253
0.15275660582380732	0.0031534391380337937	-0.00002109870329633207
0.154170045294956	0.0031565966793878773	-0.00002066831810430786
0.1555965631605075	0.0031598190849765366	-0.00002022714686753881
0.15703628043335532	0.0031631078051708723	-0.000019774349826795818
0.15848931924611143	0.003166464327147385	-0.000019309053325266502
0.15995580286146696	0.0031698901759694646	-0.000018830345914414664
0.1614358556826487	0.003173386915704475	-0.00001833727423228313
0.1629296032639723	0.0031769561505769627	-0.00001782883863299447
0.16443717232149324	0.003180599526159416	-0.00001730398851580932
0.16595869074375613	0.003184318730601543	-0.000016761617343170562
0.16749428760264382	0.003188115495899017	-0.000016200557276851876
0.1690440931643265	0.0031919915992029667	-0.00001561957339726918
0.17060823890031243	0.003195948864170961	-0.000015017357467046468
0.17218685749860077	0.00319998916236063	-0.000014392521141861462
0.17378008287493762	0.003204114414666775	-0.000013743588629366026
0.1753880501841762	0.0032083265928028303	-0.000013068988657338562
0.1770108958317422	0.0032126277208274325	-0.000012367045727229819
0.17864875748520517	0.0032170198767166296	-0.000011635970532312844
0.180301774085957	0.0032215051939824143	-0.000010873849459700315
0.18197008586099844	0.003226085863337782	-0.000010078633052927315
0.18365383433483473	0.00323076413440837	-9.248123325846148e-6
0.18535316234148125	0.0032355423174906493	-8.379959769576745e-6
0.18706821403658017	0.0032404227853562177	-7.47160390580975e-6
0.18879913490962946	0.0032454079751012247	-6.520322197733969e-6
0.19054607179632482	0.0032505003900397743	-5.523167118499802e-6
0.19230917289101596	0.003255702601639584	-4.4769561352885345e-6
0.19408858775927793	0.0032610172514973067	-3.3782483393257403e-6
0.19588446735059908	0.0032664470533505	-2.2233184299544357e-6
0.1976969640111862	0.0032719947951221026	-1.0081276779030196e-6
0.19952623149688808	0.0032776633409924124	2.71708521317945e-7
0.20137242498623895	0.003283455633492225	1.6209569773289195e-6
0.2032357010936223	0.0032893746956091877	3.0448074591421716e-6
0.20511621788255666	0.0032954236328980556	4.548918487561742e-6
0.20701413487910436	0.0033016056355830575	6.139468907321091e-6
0.2089296130854041	0.0033079239806382116	7.823216055558472e-6
0.2108628149933291	0.003314382033828858	9.607561532805094e-6
0.21281390459827135	0.0033209832516935757	0.000011500625704429304
0.21478304741305343	0.003327731183442097	0.0000135113322788776
0.21677041048196952	0.0033346294727393685	0.00001564950454763439
0.2187761623949553	0.003341681859340512	0.000017925975133303913
0.22080047330189004	0.003348892180533711	0.000020352711452218205
0.22284351492703042	0.0033562643723403325	0.000022942959483391178
0.22490546058357816	0.0033638024704103395	0.000025711408952048737
0.22698648518838224	0.0033715106105398837	0.000028674383604613905
0.22908676527677735	0.0033793930287220443	0.00003185006100207836
0.23120647901755953	0.003387454060623974	0.00003525872714087478
0.23334580622810033	0.0033956981403620227	0.000038923072295056165
0.23550492838960102	0.003404129798419008	0.00004286853583012492
0.23768402866248772	0.003412753658515186	0.000047123709400683036
0.2398832919019491	0.00342157443320447	0.00005172081001950501
0.2421029046736179	0.003430596917916957	0.00005669623707829588
0.24434305526939726	0.0034398259831075876	0.00006209123066396713
0.246603933723434	0.0034492665640943835	0.00006795265261955685
0.24888573182823917	0.00345892364807292	0.00007433391703497788
0.25118864315095807	0.0034688022576739998	0.00008129610353733524
0.2535128630497908	0.003478907430279127	0.00008890929531835098
0.25585858869056466	0.0034892441921154553	0.00009725419495610419
0.2582260190634597	0.003499817525904584	0.00010642408556244338
0.26061535499988964	0.0035106323305233887	0.00011652722374409698
0.2630267991895383	0.003521693370723165	0.0001276897760010393
0.26546055619755404	0.0035330052144200647	0.00014005944358310674
0.2679168324819033	0.003544572154364737	0.0001538099658326796
0.2703958364108845	0.0035563981100707274	0.0001691467529857443
0.2728977782808042	0.0035684865046345595	0.00018631398299821678
0.27542287033381674	0.003580840109406413	0.00020560361256520606
0.277971326775929	0.0035934608471840895	0.00022736691439622723
0.2805433637951715	0.0036063495414589146	0.00025202938209534264
0.28313919957993805	0.003619505594862244	0.00028011017299863937
0.2857590543374948	0.0036329265737825526	0.00031224773807578705
0.2884031503126607	0.003646607667291603	0.00034923399511783103
0.29107171180666064	0.0036605409757023803	0.0003920604632312992
0.2937649651961532	0.0036747145651895366	0.0004419813996540483
0.2964831389524344	0.003689111196554805	0.0005006015097191069
0.29922646366081906	0.0037037065928562482	0.0005699998299399363
0.30199517204020176	0.0037184670428706515	0.0006529079550991138
0.30478949896279844	0.003733346028967627	0.0007529717834940343
0.307609681474071	0.00374827938996532	0.0008751449304583481
0.3104559588128357	0.0037631782284287566	0.0010262957895499976
0.3133285724315587	0.003777918245270772	0.0012161728389750933
0.3162277660168381	0.0037923232278467994	0.0014589937868262138
0.31915378551007634	0.0038061386019595817	0.0017761698458865394
0.3221068791283436	0.003818987331328046	0.002201205165004241
0.32508729738543457	0.0038302927533167214	0.002789030413645405
0.3280952931131192	0.003839135386676085	0.0036350836974797223
0.3311311214825913	0.0038439669748200436	0.004917933929681257
0.33419504002611444	0.0038419828656568343	0.007006100287080604
0.3372873086588691	0.0038275585523612184	0.010770990403157502
0.34040818970100106	0.0037875851847384225	0.018737012879346832
0.34355794789987465	0.0036829884630613804	0.04119869311109463
0.34673685045253166	0.0033221628409030933	0.16718286976094124
0.3499451670283573	0.025185017534420977	151.94288504040472
0.353183169791957	0.004999752399010041	0.09651851331738855
0.35645113342624424	0.004611204781788071	0.019982085852661747
0.3597493351557423	0.004506384617608067	0.005627495364390056
0.36307805477010135	0.004472196206734262	0.0005680140260649817
0.36643757464783333	0.0044669925511661495	-0.001931648005072367
0.3698281797802663	0.0044771244974895815	-0.0035465489802660437
0.3732501577957206	0.0044969049730778105	-0.004875843545051508
0.37670379898390893	0.0045236664074771215	-0.006217370117632822
0.38018939632056126	0.004556152741536839	-0.007793772970067181
0.38370724549227886	0.0045939314884484	-0.0098602516526537
0.3872576449216173	0.00463722778299737	-0.01281452307205023
0.3908408957924021	0.004687054827699917	-0.017409237166722224
0.39445730207527846	0.004745818573407705	-0.02536313097580947
0.3981071705534973	0.004817695102730403	-0.043719519809661316
0.40179081084894	0.004920373230304687	-0.07742270410325751
0.40550853544838394	0.005107434732651365	-0.21247296580566935
0.40926065973001097	0.005954003301201126	-2.036991578106513
0.41304750199016144	0.004055155018428468	-1.4646370745121355
0.4168693834703355	0.004612415479322128	-0.1763788231278225
0.4207266283844442	0.004785222697030039	-0.06329394319038527
0.424619563946313	0.0048983114774390326	-0.07615721175572829
0.4285485203974396	0.004985277651638524	-0.019163331803716623
0.43251383103500884	0.005068176041795951	-0.012586608229799508
0.4365158322401661	0.0051483972823332304	-0.008882895467618784
0.44055486350655343	0.0052284453211796375	-0.00659152926835054
0.4446312674691088	0.005309744039934946	-0.0050802017259523585
0.4487453899331323	0.005393227266088674	-0.00403415441401479
0.4528975799036209	0.005479584425789177	-0.003282221248820213
0.4570881896148752	0.005569379264057784	-0.002724908054531855
0.46131757456037953	0.0056631134043045326	-0.002301239469803078
0.4655860935229591	0.005761263642456868	-0.0019721917092053814
0.4698941086052156	0.005864305976687694	-0.0017118642915573384
0.4742419852602448	0.005972732752799742	-0.0015025197161953417
0.47863009232263853	0.006087066316802264	-0.0013316683105260483
0.48305880203977286	0.006207871142828301	-0.0011902861760353645
0.4875284901033865	0.006335765715557764	-0.001071685416488835
0.4920395356814511	0.006471435138602433	-0.0009707708882164686
0.49659232145033627	0.006615645367115555	-0.0008835293042153917
0.5011872336272725	0.00676926008668569	-0.0008066555894038566
0.5058246620031143	0.006933261636255351	-0.0007372516904524436
0.5105049999754064	0.007108778204353809	-0.0006725455471276036
0.5152286445817567	0.007297121382935963	-0.0006095776754358
0.5199959965335162	0.00749984269520478	-0.0005447973135515303
0.5248074602497729	0.007718830370845108	-0.00047354927852104805
0.5296634438916581	0.007956509766555028	-0.0003898912428416644
0.5345643593969719	0.008216389050861863	-0.00029128418595453524
0.5395106225151278	0.008505284766974788	-0.00024076865712259766
0.5445026528424215	0.008852874009688228	-0.0019374549055145517
0.5495408738576248	0.008877100068267718	-0.052387988392488836
0.5546257129579107	0.009425274588928122	-0.005000491469096214
0.5597576014951101	0.00985258864560075	-0.0029904537540646836
0.5649369748123025	0.010315484074086795	-0.0025004479623009055
0.5701642722807475	0.010833505538118016	-0.0024265651938921878
0.5754399373371569	0.011423901608979692	-0.002613013613635872
0.580764417521312	0.01211096511255562	-0.0031205683700572962
0.5861381645140288	0.012937203223460782	-0.004260896312702468
0.591561634175474	0.013998663485207138	-0.007192301867057977
0.5970352865838369	0.01563404871885143	-0.01852083558824022
0.6025595860743578	0.022000780585345513	-0.211767721156558
0.6081350012787179	0.01253327192012333	-0.10076995987073761
0.6137620051647943	0.01611022803279043	-0.015022022625379586
0.6194410750767815	0.018420254383485306	-0.007046500163236254
0.6251726927756859	0.020938509095300446	-0.0073038641381957745
0.6309573444801934	0.02355596680557669	-0.010070922649654921
0.6367955209079159	0.027547321183864153	-0.003460326466258253
0.6426877173170198	0.032865063122786364	-0.0031861389266999583
0.6486344335482385	0.04072293720228945	-0.0034189669679995254
0.654636174067275	0.053641193325978255	-0.004060546882505513
0.6606934480075961	0.07893905754360417	-0.005430702897530209
0.6668067692136223	0.15088287417040117	-0.009059787770423757
0.6729766562843178	1.8799958646994819	-0.07651587489361462
0.6792036326171846	0.18019703992333097	179.99106955605467
0.6854882264526617	0.13468963008218135	173.69013769531364
0.6918309709189366	0.05464246767459352	179.9392870940381
0.6982324040771715	0.0385328217282999	179.85680759074816
0.7046930689671471	0.02894870604375139	179.86755780519852
0.7112135136533292	0.02507185414714767	179.98938025649707
0.7177942912713619	0.02148246585239775	179.9961481126057
0.7244359600749902	0.018735909534715673	179.99599588537038
0.7311390834834176	0.015978212197262805	179.89551952939695
0.7379042301291011	0.014624331972982818	179.9974304231355
0.7447319739059892	0.013202817641086743	179.99903994872292
0.7516228940182057	0.012002647643350699	179.99949260455134
0.758577575029184	0.010982725472431827	179.9997010229908
0.7655966069112565	0.010106790325321142	179.99981757612292
0.7726805850957026	0.009346931400371045	179.9998895413257
0.7798301105232589	0.008681801148718334	179.99993665114607
0.7870457896950989	0.008094906684254971	179.99996867097138
0.7943282347242817	0.007573340239175389	179.99999098702276
0.8016780633876793	0.00710686922055489	-179.9999932004435
0.8090958991783825	0.006687283448973282	-179.9999818843016
0.8165823713585927	0.006307922001908201	-179.9999737528546
0.8241381150130026	0.005963325780305423	-179.99996792063516
0.8317637711026713	0.005648978988940203	-179.9999637740042
0.8394599865193977	0.00536111430006447	-179.99996087836624
0.8472274141405968	0.005096564231312334	-179.99995892025456
0.8550667128846836	0.004852646492469895	-179.99995767001982
0.8629785477669706	0.0046270746061617156	-179.99995695714094
0.870963589956081	0.004417887549812625	-179.99995665350585
0.8790225168308847	0.004223393867522022	-179.99995666185936
0.8871560120379608	0.004042126900433061	-179.9999569076759
0.8953647655495938	0.0038728086407696424	-179.99995733334845
0.9036494737223014	0.003714320333254427	-179.9999578939688
0.9120108393559097	0.0035656783991401377	-179.9999585542178
0.9204495717531712	0.0034260145910724633	-179.99995928603718
0.9289663867799363	0.0032945595349358177	-179.99996006685436
0.9375620069258802	0.00317062900109165	-179.99996087819846
0.946237161365793	0.003053612388493909	-179.99996170458655
0.9549925860214359	0.0029429630128004493	-179.9999625325868
0.9638290236239705	0.002838189872216781	-179.99996334997954
0.9727472237769651	0.0027388506284831437	-179.99996414494075
0.9817479430199844	0.002644545589515677	-179.99996490516716
0.9908319448927676	0.0025549125178312053	-179.99996561683966
1.	0.002469622117094337	-179.99996626328218
1.0092528860766845	0.002388374069080029	-179.99996682309666
1.0185913880541169	0.002310893505202464	-179.99996726742086
1.0280162981264735	0.00223692779933333	-179.99996755571215
1.0375284158180127	0.002166243558518105	-179.9999676290064
1.0471285480508996	0.0020986236578515896	-179.99996739872864
1.0568175092136585	0.00203386409914406	-179.99996672737984
1.066596121230258	0.0019717703353365405	-179.99996539371924
1.076465213629835	0.0019121524150935317	-179.99996302676698
1.0864256236170655	0.0018548176741717977	-179.99995897300485
1.096478196143185	0.0017995582334008895	-179.99995200892667
1.1066237839776665	0.0017461268145626805	-179.99993965902692
1.1168632477805611	0.001694183615387849	-179.99991637212685
1.1271974561755105	0.0016431607926371153	-179.99986777928848
1.1376272858234309	0.0015918392540249754	-179.99974770964062
1.1481536214968828	0.001536528841114995	-179.99934101620175
1.1587773561551262	0.001455902312955834	-179.99627139743322
1.1694993910198712	0.0017969077637243498	-179.93153918817578
1.1803206356517297	0.0014934482890805363	-179.99779514924768
1.191242008027375	0.001434037437091971	-179.99922941207024
1.2022644346174132	0.0013903143551702187	-179.99957290825645
1.2133888504649775	0.0013526664867794648	-179.99971647854005
1.224616199265049	0.0013197230324505324	-179.9998120431793
1.2359474334445106	0.0012937645173170895	-179.99996825354737
1.2473835142429432	0.0012942917183729242	179.99890412489424
1.2589254117941675	0.0010120561013165091	179.97659204824654
1.270574105208542	0.00113500280252907	179.99914790811727
1.2823305826560218	0.0011211824086277764	179.9997248755512
1.2941958414499863	0.0010984708739578256	179.99986985556248
1.3061708881318417	0.0010738286173993042	179.9999285871409
1.3182567385564075	0.001048863916917052	179.99995824242936
1.3304544179780915	0.001024126066646927	179.99997525266886
1.3427649611378643	0.0009998396302073778	179.9999858561641
1.3551894123510364	0.0009761034831385631	179.99999286448133
1.3677288255958495	0.0009529602546574831	179.99999770241058
1.3803842646028852	0.0009304248596129083	-179.99999884343165
1.3931568029453034	0.0009084976574070603	-179.99999630926538
1.4060475241299142	0.0008871710664566091	-179.99999440694202
1.4190575216890926	0.0008664331186961706	-179.99999294951533
1.432187899273544	0.0008462694764293698	-179.99999181112136
1.4454397707459279	0.0008266646335644678	-179.99999090418711
1.4588142602753489	0.0008076026695292011	-179.99999016591428
1.4723125024327193	0.0007890677590796627	-179.999989550002
1.4859356422870074	0.0007710445642594014	-179.99998902153308
1.499684835502374	0.0007535186066334928	-179.9999885540381
1.5135612484362087	0.0007364767295304162	-179.9999881285961
1.5275660582380732	0.0007199078299920233	-179.99998773606302
1.54170045294956	0.0007038042444593402	-179.99998738666017
1.555965631605075	0.0006881647707664102	-179.99998714178895
1.5703628043335531	0.0006730023036441486	-179.99998722731
1.584893192461114	0.0006583672677878498	-179.99998852661886
1.5995580286146696	0.0006444453053704053	-179.99999569016302
1.6143585568264869	0.0006323179529792102	179.9999365198738
1.629296032639723	0.0005678076062511655	179.9757059280747
1.6443717232149324	0.0005979644865458132	179.99989237270887
1.6595869074375613	0.0005863790977262125	179.9999676537467
1.6749428760264382	0.0005741322676752604	179.99998416347967
1.690440931643265	0.0005619423676378447	179.99999257688037
1.7060823890031243	0.0005499557395175246	179.9999963817992
1.7218685749860079	0.0005382159327752729	179.99999862978797
1.7378008287493762	0.0005267370899041733	-179.99999990793242
1.753880501841762	0.0005155221826772246	-179.99999890095546
1.770108958317422	0.0005045693362445937	-179.9999981799557
1.7864875748520517	0.0004938743787293488	-179.99999764948254
1.803017740859568	0.0004834320038506442	-179.9999972518158
1.8197008586099825	0.0004732363503534877	-179.99999695008333
1.8365383433483455	0.00046328131048645763	-179.99999671966677
1.8535316234148105	0.0004535607024277511	-179.99999654352123
1.8706821403657996	0.00044406837002135876	-179.99999640948127
1.8879913490962925	0.00043479824166799575	-179.99999630863766
1.9054607179632463	0.00042574436529734845	-179.99999623432058
1.9230917289101574	0.0004169009288524475	-179.99999618144042
1.9408858775927773	0.0004082622717554267	-179.9999961460487
1.958844673505989	0.00039982289063738533	-179.99999612503723
1.97696964011186	0.0003915774413619328	-179.99999611592793
1.9952623149688788	0.00038352073862979837	-179.99999611672231
2.0137242498623875	0.0003756477539992943	-179.99999612579268
2.032357010936221	0.0003679536128742947	-179.99999614180112
2.0511621788255647	0.00036043359083011217	-179.99999616363922
2.0701413487910414	0.0003530831095292485	-179.99999619038203
2.0892961308540388	0.0003458977324001897	-179.99999622125267
2.108628149933289	0.00033887316019912437	-179.999996255595
2.1281390459827114	0.0003320052265379136	-179.9999962928517
2.147830474130533	0.00032528989343623063	-179.99999633254754
2.167704104819694	0.0003187232469379357	-179.99999637427524
2.1877616239495516	0.0003123014928191067	-179.99999641768474
2.208004733018899	0.0003060209524060833	-179.99999646247397
2.228435149270303	0.00029987805851537956	-179.99999650838163
2.2490546058357803	0.000293869351522626	-179.99999655518096
2.2698648518838214	0.000287991475564291	-179.99999660267497
2.2908676527677723	0.00028224117487347185	-179.99999665069197
2.312064790175594	0.0002766152902492692	-179.9999966990822
2.333458062281002	0.0002711107556579879	-179.99999674771485
2.355049283896009	0.0002657245949634959	-179.99999679647553
2.376840286624876	0.00026045391878345644	-179.99999684526415
2.39883291901949	0.0002552959214677226	-179.99999689399309
2.4210290467361775	0.0002502478781949136	-179.9999969425857
2.4434305526939712	0.00024530714218303764	-179.9999969909749
2.4660393372343385	0.00024047114200995777	-179.99999703910197
2.48885731828239	0.0002357373790394873	-179.99999708691573
2.5118864315095797	0.0002311034249489374	-179.99999713437145
2.535128630497907	0.00022656691935401933	-179.99999718143027
2.5585858869056453	0.0002221255675270895	-179.99999722805848
2.582260190634596	0.0002177771382048475	-179.9999972742268
2.6061535499988953	0.0002135194614817179	-179.99999731991022
2.6302679918953813	0.00020935042678527554	-179.9999973650871
2.654605561975539	0.00020526798093021528	-179.99999740973917
2.6791683248190314	0.0002012701262475024	-179.9999974538509
2.703958364108843	0.00019735491878547032	-179.99999749740948
2.7289777828080406	0.00019352046657977886	-179.99999754040417
2.7542287033381663	0.00018976492798926863	-179.99999758282638
2.7797132677592886	0.0001860865100948825	-179.99999762466933
2.805433637951713	0.000182483467158947	-179.99999766592782
2.831391995799379	0.00017895409914222958	-179.9999977065982
2.8575905433749464	0.00017549675027630381	-179.99999774667796
2.8840315031266055	0.00017210980768886578	-179.9999977861659
2.910717118066605	0.00016879170007975475	-179.99999782506174
2.9376496519615305	0.00016554089644553138	-179.9999978633662
2.9648313895243423	0.00016235590485056726	-179.99999790108075
2.992264636608189	0.000159235271242694	-179.99999793820766
3.019951720402016	0.0001561775783115477	-179.99999797474985
3.047894989627983	0.00015318144438783259	-179.99999801071078
3.076096814740708	0.0001502455223818079	-179.99999804609445
3.1045595881283554	0.00014736849875938076	-179.9999980809053
3.1332857243155856	0.00014454909255426135	-179.9999981151482
3.162277660168379	0.00014178605441470733	-179.99999814882835
3.1915378551007616	0.0001390781656834506	-179.99999818195124
3.2210687912834346	0.00013642423750946723	-179.9999982145227
3.250872973854344	0.00013382310999030537	-179.99999824654873
3.2809529311311905	0.00013127365134375164	-179.99999827803555
3.311311214825911	0.0001287747571076646	-179.99999830898957
3.3419504002611427	0.00012632534936686125	-179.99999833941735
3.372873086588689	0.0001239243760059897	-179.9999983693255
3.404081897010009	0.00012157080998736891	-179.9999983987209
3.4355794789987466	0.00011926364865282312	-179.99999842761028
3.4673685045253166	0.00011700191304857838	-179.99999845600064
3.499451670283573	0.00011478464727233278	-179.9999984838989
3.53183169791957	0.00011261091784164948	-179.99999851131213
3.5645113342624426	0.00011047981308285716	-179.99999853824727
3.5974933515574232	0.00010839044253968084	-179.99999856471138
3.630780547701014	0.00010634193640085732	-179.9999985907115
3.664375746478333	0.00010433344494602168	-179.99999861625463
3.6982817978026628	0.00010236413800918275	-179.99999864134776
3.732501577957206	0.00010043320445913412	-179.99999866599788
3.767037989839089	0.00009853985169617402	-179.9999986902119
3.801893963205613	0.00009668330516453493	-179.99999871399675
3.8370724549227884	0.00009486280787994839	-179.99999873735922
3.8725764492161727	0.00009307761997179464	-179.99999876030614
3.908408957924021	0.00009132701823930873	-179.99999878284427
3.944573020752785	0.0000896102957213384	-179.9999988049802
3.981071705534973	0.00008792676127916832	-179.99999882672063
4.0179081084894	0.00008627573919194399	-179.99999884807204
4.055085354483839	0.000084656568764252	-179.99999886904095
4.09260659730011	0.00008306860394542557	-179.9999988896338
4.130475019901614	0.0000815112129601666	-179.9999989098568
4.168693834703355	0.00007998377795008823	-179.99999892971627
4.207266283844442	0.00007848569462580047	-179.9999989492184
4.24619563946313	0.00007701637192917497	-179.99999896836925
4.285485203974396	0.00007557523170543906	-179.99999898717488
4.325138310350088	0.0000741617083847645	-179.9999990056412
4.365158322401661	0.00007277524867302815	-179.99999902377408
4.405548635065534	0.00007141531125143507	-179.99999904157926
4.446312674691089	0.00007008136648470563	-179.99999905906247
4.487453899331323	0.00006877289613754159	-179.9999990762293
4.528975799036209	0.00006748939309909457	-179.99999909308525
4.570881896148752	0.00006623036111517331	-179.99999910963584
4.613175745603791	0.0000649953145279346	-179.99999912588635
4.655860935229586	0.00006378377802281205	-179.9999991418421
4.698941086052151	0.00006259528638244935	-179.99999915750828
4.742419852602444	0.00006142938424740815	-179.99999917289006
4.7863009232263805	0.000060285625883434174	-179.99999918799242
4.830588020397723	0.00005916357495507022	-179.9999992028203
4.875284901033861	0.0000580628043054142	-179.99999921737862
4.920395356814506	0.000056982895741826725	-179.99999923167218
4.965923214503357	0.000055923439827399754	-179.99999924570568
5.01187233627272	0.00005488403567800676	-179.9999992594838
5.058246620031137	0.00005386429076475806	-179.99999927301107
5.105049999754059	0.000052863820721694326	-179.99999928629197
5.152286445817562	0.00005188224915855569	-179.99999929933097
5.1999599653351565	0.00005091920747846999	-179.99999931213242
5.248074602497723	0.000049974334700409396	-179.99999932470047
5.296634438916575	0.000049047277286270184	-179.99999933703947
5.345643593969713	0.000048137688972434886	-179.99999934915346
5.395106225151273	0.00004724523060568173	-179.99999936104652
5.445026528424209	0.00004636956998331067	-179.9999993727226
5.495408738576242	0.00004551038169735976	-179.99999938418568
5.5462571295791046	0.00004466734698278992	-179.99999939543957
5.597576014951099	0.00004384015356952113	-179.99999940648806
5.649369748123022	0.00004302849553820573	-179.99999941733486
5.701642722807472	0.00004223207317962976	-179.99999942798368
5.754399373371567	0.000041450592857636184	-179.999999438438
5.807644175213118	0.00004068376687546732	-179.99999944870143
5.861381645140285	0.000039931313345428246	-179.99999945877744
5.9156163417547365	0.00003919295606177498	-179.99999946866936
5.9703528658383656	0.000038468424376735194	-179.99999947838057
6.025595860743575	0.00003775745307957219	-179.99999948791438
6.081350012787176	0.00003705978227860584	-179.999999497274
6.137620051647939	0.00003637515728610644	-179.99999950646256
6.194410750767812	0.00003570332850598139	-179.99999951548324
6.251726927756856	0.00003504405132417585	-179.99999952433905
6.30957344480193	0.00003439708600171208	-179.999999533033
6.367955209079155	0.000033762197570294204	-179.99999954156803
6.426877173170194	0.00003313915573040745	-179.99999954994706
6.486344335482381	0.000032527734751843374	-179.9999995581729
6.546361740672747	0.00003192771337658454	-179.9999995662484
6.6069344800759575	0.00003133887472398461	-179.99999957417626
6.668067692136219	0.000030761006198181067	-179.99999958195914
6.729766562843175	0.000030193899397681033	-179.99999958959975
6.792036326171843	0.00002963735002706084	-179.99999959710067
6.854882264526613	0.000029091157810723605	-179.99999960446442
6.918309709189362	0.00002855512640865924	-179.9999996116935
6.9823240407717115	0.000028029063334154228	-179.9999996187904
7.046930689671467	0.000027512779873399526	-179.99999962575757
7.112135136533288	0.000027006091006946257	-179.9999996325973
7.177942912713615	0.000026508815332961388	-179.99999963931197
7.244359600749899	0.000026020774992235952	-179.99999964590384
7.311390834834173	0.000025541795594900488	-179.99999965237518
7.379042301291007	0.000025071706148803308	-179.99999965872814
7.447319739059888	0.000024610338989509064	-179.99999966496492
7.516228940182053	0.00002415752971187568	-179.99999967108766
7.585775750291836	0.00002371311710316955	-179.99999967709843
7.655966069112561	0.000023276943077679635	-179.9999996829993
7.726805850957022	0.000022848852612792656	-179.9999996887922
7.798301105232586	0.000022428693686492355	-179.9999996944792
7.870457896950985	0.000022016317216246893	-179.99999970006218
7.943282347242813	0.00002161157699924996	-179.99999970554305
8.01678063387679	0.000021214329653981393	-179.99999971092367
8.090958991783822	0.00002082443456305471	-179.99999971620593
8.165823713585922	0.00002044175381731976	-179.9999997213916
8.241381150130021	0.00002006615216118924	-179.99999972648237
8.317637711026709	0.000019697496939159373	-179.9999997314801
8.394599865193973	0.000019335658043495135	-179.9999997363864
8.472274141405963	0.00001898050786305186	-179.99999974120297
8.550667128846833	0.000018631921233205583	-179.9999997459315
8.629785477669701	0.0000182897753868652	-179.99999975057352
8.709635899560805	0.0000179539499065402	-179.99999975513066
8.790225168308842	0.000017624326677439087	-179.99999975960444
8.871560120379607	0.00001730078984157316	-179.99999976399644
8.953647655495937	0.00001698322575284218	-179.99999976830813
9.036494737223014	0.000016671522933078218	-179.99999977254095
9.120108393559097	0.00001636557202902523	-179.99999977669637
9.204495717531712	0.00001606526577023202	-179.99999978077582
9.289663867799362	0.00001577049892783731	-179.99999978478064
9.375620069258803	0.000015481168274225866	-179.99999978871227
9.462371613657929	0.000015197172543535292	-179.99999979257197
9.549925860214358	0.000014918412392993755	-179.9999997963611
9.638290236239705	0.000014644790365069296	-179.99999980008093
9.727472237769652	0.000014376210850411976	-179.99999980373278
9.817479430199844	0.000014112580051570457	-179.99999980731783
9.908319448927676	0.000013853805947465383	-179.99999981083732
10.	0.000013599798258602008	-179.99999981429247
10.092528860766844	0.0000133504684130054	-179.99999981768445
10.18591388054117	0.000013105729512861516	-179.9999998210144
10.280162981264736	0.000012865496301848317	-179.99999982428344
10.375284158180126	0.000012629685133141188	-179.99999982749273
10.471285480508996	0.000012398213938077529	-179.9999998306433
10.568175092136585	0.000012171002195465512	-179.99999983373627
10.665961212302578	0.00001194797090152278	-179.9999998367727
10.76465213629835	0.00001172904254043081	-179.9999998397536
10.864256236170656	0.000011514141055491323	-179.99999984267998
10.964781961431852	0.000011303191820871209	-179.99999984555285
11.066237839776663	0.000011096121613923101	-179.9999998483732
11.168632477805613	0.00001089285858806873	-179.99999985114195
11.271974561755105	0.000010693332246232648	-179.9999998538601
11.37627285823431	0.000010497473414814274	-179.9999998565285
11.481536214968829	0.000010305214218186482	-179.9999998591481
11.587773561551263	0.000010116488053709032	-179.9999998617198
11.694993910198711	9.931229567245874e-6	-179.99999986424444
11.803206356517286	9.749374629175124e-6	-179.9999998667229
11.912420080273739	9.570860310881089e-6	-179.99999986915603
12.022644346174118	9.395624861718116e-6	-179.99999987154465
12.133888504649763	9.223607686435631e-6	-179.99999987388955
12.246161992650476	9.05474932305492e-6	-179.99999987619154
12.359474334445094	8.888991421187519e-6	-179.99999987845138
12.47383514242942	8.726276720786135e-6	-179.9999998806699
12.589254117941662	8.566549031318509e-6	-179.99999988284776
12.705741052085406	8.409753211355408e-6	-179.99999988498575
12.823305826560205	8.255835148563928e-6	-179.99999988708456
12.941958414499851	8.104741740097314e-6	-179.99999988914493
13.061708881318404	7.956420873373175e-6	-179.99999989116753
13.182567385564061	7.810821407231637e-6	-179.99999989315305
13.304544179780901	7.667893153465576e-6	-179.99999989510215
13.427649611378628	7.527586858715034e-6	-179.99999989701544
13.551894123510351	7.3898541867182244e-6	-179.99999989889363
13.67728825595848	7.254647700911554e-6	-179.9999999007373
13.803842646028839	7.1219208473714895e-6	-179.99999990254702
13.931568029453022	6.991627938091066e-6	-179.99999990432343
14.060475241299129	6.863724134584087e-6	-179.99999990606705
14.190575216890911	6.738165431810168e-6	-179.9999999077785
14.321878992735424	6.614908642414064e-6	-179.99999990945824
14.454397707459265	6.493911381272684e-6	-179.99999991110684
14.588142602753473	6.3751320503434695e-6	-179.99999991272472
14.723125024327178	6.258529823807932e-6	-179.99999991431238
14.859356422870059	6.144064633504259e-6	-179.99999991587026
14.996848355023726	6.031697154643054e-6	-179.99999991739867
15.135612484362072	5.921388791800361e-6	-179.999999918898
15.275660582380716	5.813101665182345e-6	-179.99999992036842
15.417004529495584	5.706798597156007e-6	-179.99999992181014
15.559656316050734	5.602443099040439e-6	-179.9999999232231
15.703628043335515	5.4999993581533226e-6	-179.99999992460718
15.848931924611126	5.3994322251072655e-6	-179.99999992596182
15.995580286146678	5.300707201350759e-6	-179.9999999272861
16.143585568264854	5.203790426948338e-6	-179.9999999285783
16.292960326397214	5.108648668594382e-6	-179.99999992983535
16.443717232149307	5.015249307854212e-6	-179.999999931052
16.595869074375596	4.9235603296245845e-6	-179.99999993221854
16.749428760264365	4.833550310801005e-6	-179.99999993331588
16.90440931643263	4.745188409126336e-6	-179.99999993430316
17.060823890031227	4.6584443521506974e-6	-179.99999993507967
17.21868574986006	4.573288426046147e-6	-179.99999993533862
17.378008287493746	4.4896914629037445e-6	-179.99999993373143
17.5388050184176	4.407624811622452e-6	-179.99999991641846
17.701089583174202	4.32706089846799e-6	-179.9999995424522
17.864875748520497	4.24797091585892e-6	-179.99999993189823
18.03017740859568	4.1703288097566955e-6	-179.99999994008502
18.197008586099827	4.0941077550181305e-6	-179.99999994267577
18.365383433483455	4.019281661411168e-6	-179.999999944268
18.535316234148105	3.945824928925325e-6	-179.99999994554034
18.706821403657997	3.873712431455869e-6	-179.99999994667238
18.879913490962927	3.8029195067884956e-6	-179.99999994772804
19.054607179632463	3.733421947643018e-6	-179.99999994873474
19.230917289101576	3.665195993093553e-6	-179.99999994970594
19.408858775927772	3.59821832021592e-6	-179.99999995064883
19.58844673505989	3.5324660359174127e-6	-179.99999995156764
19.769696401118598	3.4679166689316246e-6	-179.99999995246515
19.952623149688787	3.404548161969535e-6	-179.99999995334304
20.137242498623873	3.342338864021574e-6	-179.99999995420262
20.32357010936221	3.2812675228064846e-6	-179.99999995504484
20.511621788255646	3.2213132773636547e-6	-179.99999995587046
20.701413487910415	3.1624556507857345e-6	-179.99999995668006
20.892961308540386	3.1046745430887028e-6	-179.99999995747413
21.086281499332888	3.0479502242165835e-6	-179.99999995825317
21.28139045982711	2.9922633271781448e-6	-179.9999999590175
21.47830474130533	2.9375948413129735e-6	-179.9999999597675
21.67704104819694	2.883926105684394e-6	-179.99999996050357
21.87761623949552	2.8312388025967966e-6	-179.99999996122594
22.080047330188993	2.7795149512348796e-6	-179.99999996193492
22.28435149270303	2.7287369014225256e-6	-179.9999999626308
22.490546058357804	2.6788873274989377e-6	-179.99999996331385
22.698648518838212	2.6299492223098104e-6	-179.99999996398432
22.908676527677724	2.581905891311264e-6	-179.99999996464243
23.12064790175594	2.534740946784442e-6	-179.99999996528845
23.33458062281002	2.4884383021585726e-6	-179.99999996592263
23.55049283896009	2.4429821664404415e-6	-179.99999996654515
23.76840286624876	2.398357038748232e-6	-179.99999996715627
23.9883291901949	2.3545477029477203e-6	-179.99999996775617
24.210290467361776	2.3115392223888703e-6	-179.9999999683451
24.434305526939713	2.2693169347408873e-6	-179.99999996892322
24.660393372343385	2.2278664469238816e-6	-179.9999999694908
24.888573182823905	2.1871736301352515e-6	-179.99999997004795
25.118864315095795	2.1472246149690058e-6	-179.99999997059493
25.351286304979073	2.108005786626238e-6	-179.9999999711319
25.58585886905645	2.0695037802150214e-6	-179.99999997165907
25.82260190634596	2.0317054761380015e-6	-179.9999999721766
26.06153549998895	1.994597995566051e-6	-179.99999997268463
26.302679918953814	1.958168695996301e-6	-179.9999999731834
26.54605561975539	1.922405166892996e-6	-179.99999997367308
26.791683248190314	1.8872952254095418e-6	-179.99999997415378
27.039583641088434	1.8528269121902623e-6	-179.99999997462572
27.289777828080403	1.8189884872503087e-6	-179.999999975089
27.542287033381662	1.7857684259322477e-6	-179.9999999755439
27.797132677592884	1.753155414937901e-6	-179.99999997599042
28.05433637951713	1.7211383484339717e-6	-179.9999999764288
28.31391995799379	1.689706324230091e-6	-179.99999997685921
28.575905433749465	1.6588486400278976e-6	-179.99999997728176
28.84031503126606	1.62855478973982e-6	-179.99999997769663
29.10717118066605	1.5988144598762292e-6	-179.99999997810392
29.376496519615305	1.569617525999695e-6	-179.9999999785038
29.648313895243422	1.5409540492450435e-6	-179.99999997889643
29.92264636608189	1.5128142729040197e-6	-179.99999997928194
30.19951720402016	1.4851886190733028e-6	-179.99999997966052
30.4789498962798	1.4580676853647079e-6	-179.99999998003233
30.76096814740705	1.4314422416763907e-6	-179.99999998039758
31.045595881283525	1.405303227023988e-6	-179.9999999807566
31.332857243155825	1.3796417464305705e-6	-179.99999998111
31.62277660168376	1.3544490678746766e-6	-179.9999999814592
31.91537855100758	1.3297166192967618e-6	-179.99999998180945
32.21068791283432	1.305435985675207e-6	-179.99999998219852
32.50872973854341	1.281598907333287e-6	-179.99999999547552
32.80952931131187	1.258197270480609e-6	-179.99999998286782
33.11311214825908	1.235223118558183e-6	-179.9999999831037
33.41950400261139	1.2126686345697016e-6	-179.9999999833995
33.72873086588685	1.1905261463530798e-6	-179.9999999836984
34.040818970100055	1.1687881221990886e-6	-179.9999999839941
34.35579478998743	1.1474471682957174e-6	-179.99999998428532
34.67368504525313	1.126496026198807e-6	-179.99999998457162
34.994516702835696	1.1059275703469838e-6	-179.9999999848529
35.318316979195664	1.0857348056219822e-6	-179.99999998512914
35.64511334262439	1.065910864953867e-6	-179.99999998540045
35.9749335155742	1.0464490069704172e-6	-179.99999998566685
36.3078054770101	1.0273426136898901e-6	-179.99999998592838
36.64375746478329	1.0085851882563412e-6	-179.9999999861852
36.98281797802659	9.901703527167498e-7	-179.9999999864373
37.32501577957203	9.720918458391347e-7	-179.99999998668486
37.670379898390856	9.54343520970926e-7	-179.99999998692786
38.01893963205609	9.369193439368263e-7	-179.99999998716646
38.370724549227845	9.198133909754337e-7	-179.9999999874007
38.72576449216169	9.03019846713905e-7	-179.99999998763064
39.08408957924017	8.86533002179944e-7	-179.99999998785643
39.44573020752781	8.703472528504371e-7	-179.9999999880781
39.81071705534969	8.544570967360305e-7	-179.99999998829568
40.17908108489396	8.38857132501003e-7	-179.99999998850933
40.55085354483835	8.235420576177668e-7	-179.99999998871905
40.92606597300105	8.085066665553544e-7	-179.99999998892497
41.304750199016105	7.937458490012612e-7	-179.99999998912713
41.68693834703351	7.792545881160279e-7	-179.99999998932557
42.07266283844438	7.650279588199458e-7	-179.99999998952043
42.46195639463126	7.510611261112996e-7	-179.9999999897117
42.85485203974392	7.373493434155553e-7	-179.9999999898995
43.251383103500835	7.238879509649221e-7	-179.99999999008386
43.65158322401656	7.106723742077237e-7	-179.99999999026485
44.0554863506553	6.976981222470294e-7	-179.99999999044255
44.46312674691084	6.849607863079989e-7	-179.999999990617
44.87453899331318	6.724560382334112e-7	-179.99999999078827
45.28975799036204	6.601796290068542e-7	-179.99999999095644
45.708818961487474	6.481273873030651e-7	-179.99999999112148
46.13175745603791	6.362952180649184e-7	-179.99999999128354
46.55860935229586	6.246791011065642e-7	-179.99999999144265
46.98941086052151	6.132750897422373e-7	-179.99999999159886
47.42419852602443	6.020793094402642e-7	-179.99999999175222
47.8630092322638	5.910879565017967e-7	-179.99999999190274
48.30588020397723	5.802972967638146e-7	-179.99999999205053
48.7528490103386	5.697036643259573e-7	-179.99999999219565
49.20395356814506	5.593034603007335e-7	-179.9999999923381
49.65923214503358	5.49093151586683e-7	-179.99999999247794
50.118723362727195	5.390692696640666e-7	-179.99999999261524
50.58246620031137	5.292284094126637e-7	-179.99999999275005
51.0504999975406	5.195672279512727e-7	-179.99999999288235
51.52286445817562	5.100824434984334e-7	-179.99999999301198
51.99959965335157	5.007708342547384e-7	-179.99999999313977
52.48074602497723	4.916292373035642e-7	-179.99999999326502
52.966344389165755	4.826545475352838e-7	-179.99999999338797
53.45643593969714	4.7384371658828365e-7	-179.99999999350865
53.95106225151273	4.6519375181083716e-7	-179.99999999362717
54.450265284242086	4.5670171524170025e-7	-179.99999999374347
54.95408738576243	4.483647226094178e-7	-179.9999999938577
55.462571295791044	4.401799423499883e-7	-179.9999999939698
55.97576014951099	4.3214459464254415e-7	-179.99999999407987
56.49369748123023	4.242559504627151e-7	-179.99999999418793
57.01642722807472	4.1651133065335174e-7	-179.999999994294
57.543993733715666	4.089081050122854e-7	-179.99999999439814
58.07644175213118	4.014436913968151e-7	-179.9999999945004
58.61381645140285	3.9411555484460985e-7	-179.99999999460078
59.15616341754737	3.8692120671072603e-7	-179.99999999469935
59.70352865838366	3.798582038204426e-7	-179.99999999479607
60.255958607435744	3.7292414763762305e-7	-179.99999999489106
60.81350012787176	3.661166834483186e-7	-179.9999999949843
61.37620051647939	3.5943349955933267e-7	-179.99999999507585
61.94410750767812	3.528723265114693e-7	-179.99999999516575
62.51726927756855	3.464309363071983e-7	-179.99999999525397
63.0957344480193	3.4010714165246937e-7	-179.9999999953406
63.67955209079155	3.3389879521241846e-7	-179.99999999542564
64.26877173170195	3.27803788880705e-7	-179.99999999550917
64.86344335482381	3.218200530622374e-7	-179.9999999955911
65.46361740672747	3.159455559690329e-7	-179.9999999956716
66.06934480075958	3.101783029289754e-7	-179.9999999957506
66.68067692136219	3.045163357072342e-7	-179.99999999582815
67.29766562843174	2.989577318401059e-7	-179.99999999590432
67.92036326171844	2.9350060398105864e-7	-179.99999999597907
68.54882264526613	2.881430992587489e-7	-179.99999999605245
69.18309709189363	2.8288339864679186e-7	-179.9999999961245
69.82324040771712	2.7771971634507344e-7	-179.99999999619524
70.46930689671467	2.7265029917238663e-7	-179.9999999962647
71.12135136533288	2.676734259701858e-7	-179.99999999633286
71.77942912713615	2.6278740701725904e-7	-179.99999999639982
72.44359600749898	2.579905834551115e-7	-179.9999999964655
73.11390834834172	2.532813267238677e-7	-179.99999999653005
73.79042301291008	2.4865803800849805e-7	-179.99999999659337
74.47319739059888	2.4411914769518124e-7	-179.99999999665556
75.16228940182053	2.396631148376139e-7	-179.9999999967166
75.85775750291836	2.3528842663308878e-7	-179.99999999677652
76.55966069112561	2.309935979081587e-7	-179.99999999683536
77.26805850957021	2.2677717061371272e-7	-179.99999999689314
77.98301105232578	2.2263771332929213e-7	-179.9999999969498
78.70457896950977	2.1857382077647184e-7	-179.9999999970055
79.43282347242805	2.1458411334115085e-7	-179.99999999706014
80.16780633876782	2.106672366045774e-7	-179.9999999971138
80.90958991783813	2.0682186088295587e-7	-179.9999999971665
81.65823713585914	2.0304668077547537e-7	-179.9999999972182
82.41381150130013	1.9934041472060606e-7	-179.999999997269
83.176377110267	1.957018045605121e-7	-179.99999999731884
83.94599865193965	1.9212961511343123e-7	-179.99999999736778
84.72274141405954	1.886226337538769e-7	-179.9999999974158
85.50667128846823	1.851796700005168e-7	-179.999999997463
86.29785477669692	1.8179955511159053e-7	-179.9999999975093
87.09635899560797	1.7848114168772509e-7	-179.99999999755477
87.90225168308834	1.7522330328201453e-7	-179.9999999975994
88.71560120379598	1.720249340172303e-7	-179.99999999764322
89.53647655495928	1.6888494821003102e-7	-179.99999999768622
90.36494737223005	1.6580228000204397e-7	-179.99999999772845
91.20108393559087	1.6277588299769324e-7	-179.99999999776992
92.04495717531702	1.598047299086484e-7	-179.99999999781062
92.89663867799354	1.5688781220477535e-7	-179.99999999785058
93.75620069258792	1.5402413977146917e-7	-179.9999999978898
94.6237161365792	1.512127405732506e-7	-179.99999999792834
95.4992586021435	1.484526603235139e-7	-179.99999999796614
96.38290236239695	1.4574296216031227e-7	-179.99999999800326
97.2747223776964	1.430827263280694e-7	-179.9999999980397
98.17479430199833	1.4047104986511078e-7	-179.99999999807548
99.08319448927665	1.379070462969056e-7	-179.9999999981106
99.9999999999999	1.353898453349178e-7	-179.99999999814509