0.001	0.0024718516726219956	2.471884697107303e-6
0.0010233	0.002471665922294398	2.47167575891633e-6
0.0010472	0.0024717204951706356	2.4717954353650986e-6
0.0010717	0.002472015830813306	2.4720264891648996e-6
0.0010967	0.002471907665754556	2.472034321902989e-6
0.0011223	0.0024719656195709887	2.471947086922135e-6
0.0011485	0.002471982410614182	2.4720563023425195e-6
0.0011753	0.0024719595095940906	2.4718910174227494e-6
0.0012027	0.0024718261884782602	2.4717773676911793e-6
0.0012308	0.002471935258321137	2.4720543432076977e-6
0.0012595	0.0024718272013204297	2.471957065284746e-6
0.0012889	0.0024718415782266964	2.47184499228238e-6
0.001319	0.002471914511071365	2.4718945894425563e-6
0.0013498	0.0024719735347222987	2.471945607475828e-6
0.0013813	0.0024719504198878668	2.471939407826454e-6
0.0014135	0.0024718182024993343	2.4718129895432062e-6
0.0014465	0.0024718498209491233	2.47182957089775e-6
0.0014803	0.0024719838272622883	2.471955941477309e-6
0.0015148	0.002471826336952499	2.471776841410196e-6
0.0015502	0.0024719447129193735	2.4719195855798294e-6
0.0015864	0.002472020124769281	2.471981536861395e-6
0.0016234	0.0024719453981989488	2.4719246911675866e-6
0.0016613	0.002471954445002473	2.4719346038405797e-6
0.0017	0.0024717573490588233	2.4717184344954505e-6
0.0017397	0.002471778694385145	2.4717606778090547e-6
0.0017803	0.0024717472578236763	2.4717491673493525e-6
0.0018219	0.002471893654256016	2.4718791424675147e-6
0.0018644	0.0024718098227760185	2.471826778750216e-6
0.0019079	0.0024718249977914403	2.4717661760243652e-6
0.0019525	0.002471992617293186	2.4719495571668495e-6
0.001998	0.0024718289402768856	2.471789849280237e-6
0.0020447	0.002471945786562114	2.4719593237125543e-6
0.0020924	0.0024718796762425456	2.4718927215631102e-6
0.0021412	0.002471872569809059	2.471767556054506e-6
0.0021912	0.002471818269813922	2.471846488009183e-6
0.0022423	0.0024717902302134726	2.4717560909137922e-6
0.0022947	0.002471929841787576	2.471861657636581e-6
0.0023482	0.0024717323178720064	2.4717824551951473e-6
0.002403	0.0024716942480033513	2.4717121750751634e-6
0.0024591	0.0024718640202757024	2.4718589054281755e-6
0.0025165	0.0024718723498059945	2.4716999251751275e-6
0.0025753	0.002471861272911276	2.4719025911192197e-6
0.0026354	0.00247193741846433	2.471818357438232e-6
0.0026969	0.0024719006744172785	2.4718986255156224e-6
0.0027598	0.002471826497045021	2.4718109129421255e-6
0.0028242	0.0024718078933913226	2.4717901617683232e-6
0.0028902	0.0024719434503712194	2.4719334394179386e-6
0.0029576	0.0024718454203332793	2.4718467805229934e-6
0.0030266	0.00247178854984716	2.4717750706707597e-6
0.0030973	0.0024718967575026005	2.4718743932540406e-6
0.0031696	0.00247191461040157	2.4718797370140257e-6
0.0032436	0.0024719496908696694	2.471931707937689e-6
0.0033193	0.0024719264032245546	2.471900513513514e-6
0.0033967	0.002471826091667285	2.471797671928333e-6
0.003476	0.0024718590894676445	2.4718181892045928e-6
0.0035572	0.002471951705131501	2.4719405753170943e-6
0.0036402	0.002471921832449685	2.4718854616753217e-6
0.0037251	0.0024718503713850454	2.4718032707174733e-6
0.0038121	0.002471916671532547	2.471893927677236e-6
0.0039011	0.002471928470510668	2.471918290981978e-6
0.0039921	0.002471871372350065	2.471847979776011e-6
0.0040853	0.0024719039144342403	2.47188169196953e-6
0.0041806	0.002471848534968695	2.4718119849781745e-6
0.0042782	0.0024718708036397877	2.4718270901406032e-6
0.0043781	0.002471941799540203	2.4719124765610763e-6
0.0044803	0.0024719508078955435	2.4718978273987482e-6
0.0045848	0.002471918168316327	2.4717921059597144e-6
0.0046918	0.002471912170424653	2.471818357564158e-6
0.0048013	0.002471828866401565	2.4717882655631247e-6
0.0049134	0.0024719150840269966	2.4718248489732973e-6
0.0050281	0.0024719589819848296	2.4718680910836123e-6
0.0051454	0.0024719030684714235	2.471827909869491e-6
0.0052655	0.0024718649913307	2.4717769886502813e-6
0.0053884	0.0024718556080128816	2.471771978461021e-6
0.0055142	0.0024719781768910475	2.4718523058890887e-6
0.0056429	0.002471879035800525	2.4718399185578914e-6
0.0057746	0.0024719793921357995	2.471824107875482e-6
0.0059094	0.002471962580032546	2.47191539017913e-6
0.0060473	0.0024718986050930847	2.4718349069682425e-6
0.0061885	0.0024720332546390505	2.4718443708086895e-6
0.0063329	0.0024719195207432375	2.4718366925711856e-6
0.0064807	0.002471917287303578	2.471911142196232e-6
0.006632	0.0024720024516163975	2.471906008706404e-6
0.0067868	0.00247205150321851	2.4718845312863097e-6
0.0069452	0.002471988520844861	2.471807591072514e-6
0.0071073	0.0024718975082836984	2.471794854788624e-6
0.0072732	0.002472064890452834	2.471963624380312e-6
0.0074429	0.002471892817688709	2.4717451462700617e-6
0.0076166	0.002471915790570512	2.471904575640099e-6
0.0077944	0.0024719708127790025	2.471864743255725e-6
0.0079763	0.0024719794710953004	2.4718317903989763e-6
0.0081625	0.002471996795951094	2.471865430219439e-6
0.008353	0.0024719907270670336	2.4718543870427894e-6
0.008548	0.002472040910689249	2.4718664335801524e-6
0.0087475	0.002472037913684523	2.471866817865945e-6
0.0089517	0.002472056770060118	2.4718922465326012e-6
0.0091606	0.0024720490713440084	2.4718466013396455e-6
0.0093744	0.002472064595654637	2.471858146405366e-6
0.0095932	0.002472046357007535	2.4718556437415487e-6
0.0098171	0.002472063851597161	2.4718501550953676e-6
0.010046	0.0024719715213690667	2.4717447350741397e-6
0.010281	0.0024722293694547414	2.4719735275561182e-6
0.010521	0.0024722452793762774	2.471998321112324e-6
0.010766	0.0024720183568701696	2.4717452297428344e-6
0.011018	0.0024723485567628586	2.4720689739046545e-6
0.011275	0.0024722776013792113	2.4719757230744588e-6
0.011538	0.00247220896208358	2.471929391980064e-6
0.011807	0.00247213390325793	2.471828486606849e-6
0.012083	0.0024722818799733644	2.4719634930683516e-6
0.012365	0.002472310808049959	2.4719425454900446e-6
0.012653	0.002472073933785595	2.4717489641130566e-6
0.012949	0.002472355816607255	2.471991650288964e-6
0.013251	0.0024723129957975255	2.4718921915878414e-6
0.01356	0.002472183134968491	2.4718385475932733e-6
0.013877	0.0024724451115866104	2.4719572802803783e-6
0.014201	0.002472479593516133	2.4720013176344393e-6
0.014532	0.0024723245568631183	2.4718716626803465e-6
0.014871	0.00247227216060381	2.4717821342038867e-6
0.015218	0.00247234179307529	2.4717486901128966e-6
0.015573	0.002472274494653262	2.4717007077226314e-6
0.015937	0.002472473085440316	2.471864153422371e-6
0.016309	0.0024725176194516996	2.4719213257733133e-6
0.01669	0.0024725916137540607	2.471958552231581e-6
0.017079	0.002472480454274774	2.471872957455372e-6
0.017478	0.0024726236027017325	2.4718777822679615e-6
0.017886	0.002472678550642202	2.471988820785819e-6
0.018303	0.002472592483760772	2.4717907234848837e-6
0.01873	0.002472567718265965	2.4717414554930834e-6
0.019167	0.002472513032541998	2.4717668595713127e-6
0.019615	0.0024727272591838602	2.4718811557390353e-6
0.020073	0.0024728470113914757	2.472015683046336e-6
0.020541	0.0024727548243046967	2.471741283984417e-6
0.021021	0.002472955976798352	2.471885696947345e-6
0.021511	0.002472818107356583	2.471839096402862e-6
0.022013	0.0024728137772750767	2.4717162273342173e-6
0.022527	0.0024729388331270223	2.4718847491661566e-6
0.023053	0.0024729836177585034	2.471952477831855e-6
0.023591	0.002473139912967603	2.4718905847388594e-6
0.024142	0.002473155650939769	2.4718749938604028e-6
0.024705	0.002473234384315308	2.471898026931949e-6
0.025282	0.0024733619657482555	2.4719198173519615e-6
0.025872	0.0024734151631554953	2.4719176877885914e-6
0.026476	0.002473516034824354	2.471940507360921e-6
0.027094	0.0024736047081852577	2.471956280328197e-6
0.027726	0.0024736132950718085	2.471869801935749e-6
0.028373	0.002473669491527946	2.471839319745776e-6
0.029035	0.002473707424386833	2.4718023329336647e-6
0.029713	0.002473853445020097	2.471853929959897e-6
0.030406	0.0024738516998497224	2.471774003026475e-6
0.031116	0.002474000911050266	2.471827004064341e-6
0.031842	0.002474061756854581	2.4718129602665335e-6
0.032586	0.002474295231631308	2.471913645828335e-6
0.033346	0.002474334275554038	2.4718433909241547e-6
0.034124	0.002474410827663407	2.4717931598476454e-6
0.034921	0.002474625159088677	2.4718622628661417e-6
0.035736	0.0024747328332818523	2.471855979885793e-6
0.03657	0.0024748626192302803	2.47185636104579e-6
0.037424	0.00247507621134268	2.47192430557904e-6
0.038297	0.0024751537847499754	2.4718394865846065e-6
0.039191	0.0024753134464384906	2.471879494174587e-6
0.040106	0.002475497941214669	2.471867947253523e-6
0.041042	0.002475643213387393	2.4718642374231325e-6
0.042	0.002475863522598826	2.471921315424115e-6
0.04298	0.002476002791009661	2.4718826320563193e-6
0.043983	0.002476219332525738	2.4718293375165506e-6
0.04501	0.002476432768676157	2.4719092788560483e-6
0.04606	0.0024765549699125524	2.4718048365518203e-6
0.047135	0.002476831325696931	2.471836552246381e-6
0.048235	0.0024770149100517167	2.4718486386677693e-6
0.049361	0.002477299352540194	2.4718543415077694e-6
0.050513	0.0024775911646913043	2.4718469883670435e-6
0.051692	0.002477772059767138	2.4718126656896295e-6
0.052899	0.002478118201197034	2.4718203106068732e-6
0.054134	0.002478497933109303	2.4718379521162504e-6
0.055397	0.0024787566462895053	2.471831043752303e-6
0.05669	0.0024790142141556857	2.4718081398008025e-6
0.058013	0.0024794612571257665	2.4718265225592582e-6
0.059367	0.002479716750352046	2.4719030623506203e-6
0.060753	0.002480178144624109	2.4718902231875727e-6
0.062171	0.0024806110129138633	2.471817852923226e-6
0.063622	0.0024809754213120476	2.4718040123818885e-6
0.065107	0.0024813718753549747	2.471802646298289e-6
0.066627	0.002481902196449775	2.4719146397153996e-6
0.068182	0.002482413112996118	2.471802623248808e-6
0.069773	0.0024827954242669877	2.4719068780139915e-6
0.071402	0.0024833736075134246	2.4717988204603244e-6
0.073068	0.0024838732523879653	2.4717800528152813e-6
0.074773	0.002484409195956202	2.471771801578231e-6
0.076519	0.002485082843797343	2.471873927838163e-6
0.078305	0.0024855487354872494	2.4719824732502005e-6
0.080132	0.002486251074931641	2.471839561036225e-6
0.082003	0.002486977008798875	2.4718803617970227e-6
0.083917	0.0024877121845955424	2.471896034610693e-6
0.085875	0.00248840249704887	2.471859969203326e-6
0.08788	0.002489234904635888	2.4718693005660658e-6
0.089931	0.002490037600291722	2.471870462690141e-6
0.09203	0.002490887755062638	2.4718803443874124e-6
0.094178	0.0024917961927458532	2.4718730135689637e-6
0.096376	0.002492727018977101	2.4718791335794137e-6
0.098625	0.0024937022621157293	2.4718470121361763e-6
0.10093	0.0024948941767079127	2.4719798946077727e-6
0.10328	0.002495667528963597	2.471729913425245e-6
0.10569	0.0024967811585149685	2.47168265788878e-6
0.10816	0.002498104895032267	2.4718323627396737e-6
0.11068	0.0024991832351598394	2.4716360563336633e-6
0.11327	0.0025007783658952845	2.4719385146531214e-6
0.11591	0.002501979599118806	2.4717908695739737e-6
0.11862	0.002503587829546268	2.471981597334716e-6
0.12139	0.0025051360035319155	2.4720465628783278e-6
0.12422	0.0025065342755105227	2.471893703802356e-6
0.12712	0.0025081981790625514	2.4719305728420125e-6
0.13009	0.002510059417170031	2.472019354208739e-6
0.13312	0.0025115938181474117	2.4717695384958984e-6
0.13623	0.0025136129776066425	2.4719142430809303e-6
0.13941	0.0025155620414796407	2.471901550886691e-6
0.14266	0.0025174821923806576	2.4717696526667757e-6
0.14599	0.002519685117545063	2.4718206258091278e-6
0.1494	0.0025220197247421794	2.4718998088522423e-6
0.15289	0.002524494841716246	2.4719200869853558e-6
0.15645	0.0025267053535971275	2.4716598300530973e-6
0.16011	0.0025295247774344324	2.4719806908148637e-6
0.16384	0.002532083934618616	2.4717270698592626e-6
0.16767	0.002535097532522334	2.471891148508129e-6
0.17158	0.0025380281889835986	2.471844616357587e-6
0.17559	0.002541201602522932	2.4718931827241167e-6
0.17968	0.002544347065394441	2.471776883705983e-6
0.18388	0.00254789110993427	2.471893065039594e-6
0.18817	0.002551448655957358	2.4718673354610623e-6
0.19256	0.0025550780075892336	2.4717441507758575e-6
0.19706	0.0025592331510149078	2.471962720083981e-6
0.20166	0.002563395711375936	2.4720070731582185e-6
0.20636	0.0025674385510810432	2.4717438790818425e-6
0.21118	0.0025720502689769143	2.471836417927233e-6
0.21611	0.002576833071888144	2.4718888211102303e-6
0.22115	0.002581809441809824	2.4717231905377978e-6
0.22631	0.0025868307571749656	2.47175249443005e-6
0.2316	0.002592503666612567	2.4717736505175474e-6
0.237	0.0025981712337109276	2.471748348575687e-6
0.24253	0.0026040322101708764	2.4716433053549822e-6
0.24819	0.002610268750105356	2.4716309667943188e-6
0.25399	0.002617053528538544	2.4718117091467758e-6
0.25991	0.002623664269389535	2.4716551730734067e-6
0.26598	0.0026309010352524595	2.4717110319697857e-6
0.27219	0.0026384569880834935	2.4717195645881193e-6
0.27854	0.002646274039406518	2.4716374357547383e-6
0.28504	0.0026545016251748824	2.471621133714418e-6
0.2917	0.002663266979813607	2.4717087584239326e-6
0.2985	0.002672171745804357	2.471544863319472e-6
0.30547	0.0026816814459603554	2.471577470851731e-6
0.3126	0.0026916328875025	2.4715692920217787e-6
0.3199	0.002702097757958634	2.471597132411855e-6
0.32736	0.0027128687405558573	2.4714514043410526e-6
0.335	0.0027242321284112734	2.4714161297367668e-6
0.34282	0.002736214009256786	2.4714120135978604e-6
0.35082	0.00274870100338957	2.4713486690857386e-6
0.35901	0.002761813242386083	2.4713102784890423e-6
0.36739	0.0027755548808102775	2.471279637614126e-6
0.37597	0.0027900237232557743	2.471259932456943e-6
0.38474	0.0028049461173666004	2.471138714098262e-6
0.39372	0.002820769916600383	2.4710768113544386e-6
0.40291	0.0028372855663226825	2.4710140779524304e-6
0.41232	0.0028546489465171134	2.471002827106355e-6
0.42194	0.00287273703945721	2.4709106394929364e-6
0.43179	0.0028916921604235438	2.470813062101937e-6
0.44187	0.0029116562841798753	2.470743844670058e-6
0.45218	0.002932394166876304	2.4705863856044827e-6
0.46273	0.002954172559045989	2.4703957683696486e-6
0.47353	0.002977008951185988	2.4702983171742643e-6
0.48459	0.003001074371813185	2.470232572718075e-6
0.4959	0.0030261008802802704	2.4699973891134463e-6
0.50747	0.0030523425130618356	2.469784300307014e-6
0.51931	0.0030797484633706476	2.4695833895168936e-6
0.53144	0.003108675218691134	2.4694504063944265e-6
0.54384	0.0031389080637328126	2.469155614285444e-6
0.55653	0.003170454600314486	2.468837319283295e-6
0.56952	0.003203532971737847	2.468524827085361e-6
0.58282	0.003238371976036601	2.468365937061111e-6
0.59642	0.003274711486968195	2.4679293911353213e-6
0.61034	0.0033128806033459915	2.467558859294064e-6
0.62458	0.0033526897522736143	2.4671553929604492e-6
0.63916	0.0033946017740344617	2.4665968385248267e-6
0.65408	0.0034383944898444424	2.466221344364139e-6
0.66935	0.0034844291858552776	2.465626759505875e-6
0.68497	0.003532445551101793	2.464983259494953e-6
0.70096	0.003582909301711011	2.4642518376961048e-6
0.71732	0.003635710904678426	2.4636173277896654e-6
0.73406	0.0036912345388734683	2.4627332933148634e-6
0.75119	0.003749235474062413	2.4618378783450125e-6
0.76873	0.003809951665764993	2.460798759449802e-6
0.78667	0.0038738059528391805	2.459726065370456e-6
0.80503	0.00394058152420627	2.4585742003730626e-6
0.82382	0.0040106663789050475	2.4572763377917126e-6
0.84305	0.004083927087818822	2.455824102368041e-6
0.86272	0.004160658848686975	2.4541975819011373e-6
0.88286	0.0042414864471651634	2.452482917563093e-6
0.90347	0.004326143494856806	2.450575736941803e-6
0.92455	0.004414628058349195	2.4484247038152985e-6
0.94613	0.0045075574688485665	2.446093354497727e-6
0.96822	0.004605029283363194	2.443552882200576e-6
0.99081	0.004706927302074116	2.4406618925309995e-6
1.0139	0.004813608591357217	2.437401361491586e-6
1.0376	0.00492651790243085	2.434141603330967e-6
1.0618	0.005044168379169555	2.430260034450766e-6
1.0866	0.005167883373571301	2.4261570430891145e-6
1.112	0.005297593432431809	2.4216985790867604e-6
1.1379	0.005433252356079367	2.4164120084752496e-6
1.1645	0.005576211545876139	2.411002319537435e-6
1.1917	0.005725936187982612	2.4048571037674953e-6
1.2195	0.005882888706184255	2.3980086382666984e-6
1.2479	0.006046902744349369	2.39019612397614e-6
1.2771	0.006220520328598647	2.382119137414776e-6
1.3069	0.006401939489859685	2.372877050554734e-6
1.3374	0.006592388787082106	2.36269411826483e-6
1.3686	0.00679227421291628	2.3513943639577563e-6
1.4005	0.007001793285729668	2.33878144266675e-6
1.4332	0.007222455875372761	2.3249595577381857e-6
1.4667	0.0074545713029909415	2.3098220756179783e-6
1.5009	0.007697594632564765	2.292690403378867e-6
1.5359	0.007952942835176769	2.2738373296569998e-6
1.5718	0.008222174049946553	2.253022626530256e-6
1.6085	0.008504797783639387	2.2298455031296365e-6
1.646	0.008801262871769472	2.2038970450288592e-6
1.6844	0.009113323822730678	2.1751976284145403e-6
1.7237	0.009441497106612002	2.1431112616014437e-6
1.764	0.009787777206892442	2.1076454608631055e-6
1.8051	0.010150524087173053	2.067690573062223e-6
1.8473	0.010534079200686572	2.023368270495656e-6
1.8904	0.010936979247707609	1.9737138792211653e-6
1.9345	0.011361321724037468	1.9181015397872677e-6
1.9797	0.011809167816488405	1.8559150443526743e-6
2.0259	0.012280739349730847	1.785893242392909e-6
2.0732	0.012778419958760197	1.7071930416522319e-6
2.1216	0.013303479782591427	1.6187354305104918e-6
2.1711	0.013857251334334726	1.518814354463836e-6
2.2217	0.014441520406872983	1.4058213707741616e-6
2.2736	0.015060656356103696	1.2779916634066955e-6
2.3267	0.01571550668872863	1.1328090672314447e-6
2.381	0.016407910432701706	9.675046924042642e-7
2.4365	0.017140264373839656	7.787699847342822e-7
2.4934	0.017918264174590633	5.626927259319677e-7
2.5516	0.018743689847544983	3.143737361420194e-7
2.6112	0.019621197931769713	2.7905671420432214e-8
2.6721	0.020553307236989057	-3.040077582421265e-7
2.7345	0.02154777531322738	-6.905001019873995e-7
2.7983	0.022607958801896318	-1.142870695375636e-6
2.8636	0.023741451431984865	-1.6757592901932614e-6
2.9304	0.024955584460991796	-2.307846599341865e-6
2.9988	0.026260216116004438	-3.063796120364197e-6
3.0688	0.02766593792936001	-3.976280837704675e-6
3.1405	0.029186806879898063	-5.089387229914475e-6
3.2138	0.03083672384150335	-6.464102469500555e-6
3.2888	0.032636522251984136	-8.187413475887585e-6
3.3655	0.034612519701030756	-0.00001038517876920118
3.4441	0.03680257358528133	-0.000013247792193567149
3.5245	0.0392514832685132	-0.0000170699850830936
3.6067	0.042026557243348465	-0.000022334614415314572
3.6909	0.04523145729270178	-0.00002987444245205717
3.7771	0.04902641452849448	-0.00004121961756746913
3.8652	0.05367692465869291	-0.000059439786657524295
3.9554	0.05969123140494704	-0.0000914548605935854
4.0478	0.06814467290568865	-0.0001556103150472712
4.1422	0.0817915579066522	-0.00031443820495495183
4.2389	0.11080879527828567	-0.0009059904758901534
4.3379	0.24800974253911734	-0.00868792644574617
4.4391	-0.14189765460383102	-0.008373844023112344
4.5427	-0.011502489610688749	-0.0010171301311997529
4.6487	0.017869115295319146	-0.00039822225822655645
4.7572	0.032786341614578815	-0.00022532393167518054
4.8683	0.04311482949697552	-0.00015510290781831554
4.9819	0.05159868355281999	-0.00012159649943592623
5.0982	0.05934395046510986	-0.00010507343453936925
5.2172	0.06691450622001896	-0.00009808340288221664
5.3389	0.07466949597524826	-0.0000975217449091773
5.4636	0.08289333026991731	-0.00010217768342698388
5.5911	0.09184001108445587	-0.00011185966311718173
5.7216	0.10179399141997189	-0.00012716226079073848
5.8551	0.11309599554590541	-0.0001494564687144876
5.9918	0.12619709666272894	-0.00018120672569752345
6.1316	0.14170873467477477	-0.00022651112177112887
6.2747	0.16054748205687427	-0.00029237051197888433
6.4212	0.1840839156707729	-0.00039128164830084215
6.5711	0.21461549426443627	-0.0005469023219686116
6.7244	0.2561282962245688	-0.0008084238575641271
6.8814	0.3164595878674711	-0.0012915971120926225
7.042	0.41315749906818827	-0.0023226356255169707
7.2064	0.5956842037997945	-0.005133673764175594
7.3745	1.0776635053003185	-0.018014140865778676
7.5467	6.223180785302874	-0.6563845454699033
7.7228	-1.567109753915563	-0.04493968386968167
7.9031	-0.6782152248030935	-0.009267692910282574
8.0875	-0.4225245666760144	-0.004007314967124982
8.2763	-0.29983745623090746	-0.002277312353556248
8.4695	-0.22691328979115594	-0.0014938205905512232
8.6671	-0.17790727736734324	-0.0010705403574890267
8.8694	-0.14221258501907036	-0.0008145736374490333
9.0764	-0.11463941067246593	-0.0006471702564897989
9.2883	-0.09236809948153263	-0.0005311167160624283
9.5051	-0.07372124693084166	-0.00044691442013434704
9.7269	-0.05764465734405129	-0.00038356319421125245
9.954	-0.04345402646693745	-0.0003343992871850047
10.186	-0.030663571479695714	-0.00029513397913999504
10.424	-0.0189515372141297	-0.00026299393260700437
10.667	-0.008077150512131245	-0.00023592233609443064
10.916	0.0021215050556320876	-0.00021247509515114142
11.171	0.011756744234997429	-0.00019148062658150888
11.432	0.020893228501016905	-0.0001719080015392581
11.699	0.029551059696826164	-0.0001527776356675021
11.972	0.037703005653206036	-0.00013302315716781017
12.251	0.04526494881449093	-0.00011132851510632698
12.537	0.05208414856382461	-0.00008594026508361379
12.83	0.05789447165320054	-0.000054241660917072174
13.129	0.06225072332843352	-0.00001210595072864046
13.436	0.06446124005732927	0.00004739519943569481
13.749	0.06332112935255371	0.0001367483736762668
14.07	0.05677688512280808	0.0002803518713742377
14.398	0.040936220271961685	0.0005308614017027562
14.735	0.007750835695117337	0.0010195016744228814
15.078	-0.06234398065537578	0.0021476911359461343
15.43	-0.23132413990739917	0.0056748729065847735
15.791	-0.8490798845341134	0.028730253012342312
16.159	7.856854523469682	1.1976045862568874
16.536	1.3386801786104143	0.018033999939748042
16.922	0.9483706938711344	0.005009264231138262
17.317	0.8363700416427802	0.0021302577458544264
17.721	0.8054069047974857	0.0009821333571544044
18.135	0.8130709668559025	0.00034898552979194074
18.558	0.8458958859468958	-0.00010034223810854897
18.991	0.8999112771769704	-0.0004978811096012027
19.435	0.9756905536069109	-0.0009214857483435128
19.888	1.0768876597846397	-0.001442964447517664
20.352	1.211641744802703	-0.0021607652337334157
20.828	1.3945142469074407	-0.0032462200531050175
21.314	1.6519826114296763	-0.005049274318287982
21.811	2.038075207751496	-0.008407896236434894
22.32	2.678703427224909	-0.015774827595500307
22.841	3.948104045925524	-0.0370856200989056
23.374	7.67436447652262	-0.15147223238814506
23.92	171.52214228118902	-125.4653051941838
24.478	-7.886870174818979	-0.18698676753912685
25.049	-3.815704208606566	-0.04734958343120591
25.634	-2.4822000121525374	-0.021682336828771537
26.232	-1.8188875453816888	-0.012579141839076578
26.845	-1.4226000895208555	-0.008273634360063151
27.471	-1.1604229401553392	-0.0058596167591376406
28.112	-0.9766595383201259	-0.004333881259210932
28.769	-0.8444732903600017	-0.003266963968238166
29.44	-0.7500254376601725	-0.0024411759388461517
30.127	-0.6871869591114658	-0.0017244891606942416
30.83	-0.6546778130859331	-0.001012092225330871
31.55	-0.6564157874863391	-0.0001874620687073945
32.286	-0.7030776280789015	0.0009297004675055988
33.04	-0.8179245095127529	0.002697526663185326
33.811	-1.0520509521954329	0.005991154238818353
34.6	-1.533604565122288	0.013530169107785615
35.408	-2.683974244230688	0.03769207248766163
36.234	-7.086906512512015	0.21410541567779487
37.08	29.94552462174553	2.8901023766614107
37.945	6.523741354917718	0.09522139036663618
38.831	4.369307675493106	0.02787663872618051
39.737	3.701540545881414	0.011795501544214652
40.665	3.496238742882193	0.0049940925096440365
41.614	3.5279449909980403	0.00084397446785247
42.585	3.737460351275645	-0.0026901195193176253
43.579	4.132373701931684	-0.006784070764492875
44.596	4.779036174545795	-0.012901536870064899
45.637	5.848114713472089	-0.024252494748509806
46.702	7.794259265198711	-0.05103719743879927
47.792	12.226361124197446	-0.14425625784935223
48.908	31.430668150706317	-1.0761407903875042
50.049	-46.32504149950483	-2.6074460652479643
51.218	-12.829410542970479	-0.21924358875503075
52.413	-7.2980688450652105	-0.0767201693523494
53.636	-5.058286281588671	-0.03879066076129108
54.888	-3.8819642843479065	-0.022908342316256925
56.169	-3.2024996565382984	-0.014270009333832009
57.48	-2.823782159785464	-0.008387870047663774
58.822	-2.6819345942757145	-0.0032116562372093843
60.195	-2.7934340688195345	0.0029510731305542807
61.6	-3.2752984122998905	0.013007569457558618
63.038	-4.4894053137393035	0.03564291082892745
64.509	-7.779270778777493	0.11450082636180331
66.014	-23.94297241073318	0.9526794175056807
67.555	38.04574023042182	1.8285049975571475
69.132	13.815454585786032	0.16194652568847462
70.746	10.091277749894031	0.050580844138416195
72.397	9.051678246325716	0.01807686293360966
74.087	9.054923111169703	0.0007936353898716786
75.816	9.800186061445885	-0.014746678772770276
77.585	11.43773266605267	-0.03732808756174647
79.396	14.706934597965306	-0.0862377283840999
81.249	22.44135112618615	-0.2534168694519473
83.146	56.92100666375166	-1.9608175990669925
85.086	-78.02607854802541	-4.299162957398977
87.072	-21.69767322722581	-0.3743437239980355
89.105	-12.284299634886649	-0.12908377582863825
91.184	-8.59573222619656	-0.06193970656671019
93.313	-6.8616161991785285	-0.03139479648131348
95.49	-6.207455465710353	-0.010370239381393576
97.719	-6.531171429858853	0.0133526194588402
100	-8.384033327065683	0.059229495088950534
102.33	-14.375831529350291	0.21921962195082348
104.72	-49.58368053954597	2.3426833154121804
107.17	55.88012299522266	2.1431116144130913
109.67	24.005817468926217	0.23825846072842982
112.23	18.800642416626996	0.06825790707918125
114.85	18.00044639259364	0.008930701215668592
117.53	19.486172069525658	-0.03728127158387132
120.27	23.70029047178578	-0.1126395767848186
123.08	34.319457696044104	-0.34466557187946095
125.95	79.47881326688207	-2.424254159159006
128.89	-134.80171740050415	-8.684018799435108
131.9	-32.76387249963776	-0.6018285923059697
134.98	-17.99137998196607	-0.1937743964991058
138.13	-12.721542389499547	-0.08124494013159904
141.35	-10.985226058659503	-0.01981947394400643
144.65	-12.080712554467395	0.05113797348398349
148.03	-18.516301776028566	0.24013928753251026
151.48	-52.45497045033695	1.8983628324150055
155.02	118.04830735704424	6.712322925301526
158.64	40.63177488391089	0.4331530626688381
162.34	31.878615228989975	0.0987331600019643
166.13	31.73812862587609	-0.021265161040768314
170	37.03331373743736	-0.1538081704431307
173.97	52.98380414547348	-0.542945150735218
178.03	134.67252221923007	-5.0425502144809755
182.19	-132.6534299597148	-6.532955455994565
186.44	-38.5428124242393	-0.6773365660091949
190.79	-21.781323694298056	-0.2160025902732424
195.25	-16.707211585096786	-0.05621245130852988
199.8	-18.152139844760175	0.09889119242195535
204.47	-32.193260960482384	0.5998956632536588
209.24	-195.38076016696849	18.106963703965757
214.12	86.42839933045069	1.9573124412733516
219.12	52.61716825223774	0.28542422263000866
224.23	49.38328574861536	-0.00558601262825314
229.47	57.437077341018174	-0.26377809373987615
234.82	87.75342470739078	-1.1721930215377083
240.3	453.78530057948996	-49.215066429286736
245.91	-91.90500656644971	-2.8736290888484994
251.65	-35.88862878521971	-0.5414671082087507
257.53	-22.949974919528884	-0.14014585527266124
263.54	-23.741906023749237	0.150783010441797
269.69	-49.097593945358405	1.228287113601255
275.98	765.6641035580099	2807.1413718014915
282.42	95.28387844249096	1.3115856535231432
289.02	72.78755339894661	0.16646620591892297
295.76	78.07986899737224	-0.24945148437797415
302.66	111.62928672039571	-1.3020640234381664
309.73	466.4017455607671	-40.49717967686418
316.96	-112.84084045055994	-3.8820655194525497
324.36	-39.70539668148795	-0.6603237165144975
331.93	-25.63848615676163	-0.08216025270783826
339.67	-36.5927602218163	0.6414141388315004
347.6	-190.81954842208668	13.434266379183068
355.72	162.15288448551848	3.8834753991765742
364.02	103.4909306646374	0.36537004703302484
372.51	108.30342520689969	-0.34358528996585513
381.21	160.13811068412963	-2.2088187146322613
390.11	2469.483899928739	-1383.4634619459894
399.21	-91.56197511118013	-2.863380510075454
408.53	-32.946078411115515	-0.5249840543439303
418.06	-28.294731416039724	0.29002652875522467
427.82	-100.32931514783532	4.602070558790383
437.81	293.52122151896316	13.324188970159934
448.03	142.16617800413124	0.6814228142269307
458.48	145.45639374655426	-0.4619285304830692
469.18	223.18625693994161	-3.6444823817755228
480.13	-999.7189982227061	-179.97692608630385
491.34	-69.31093690086486	-2.309665814785147
502.81	-21.770231541929224	-0.311502357072614
514.54	-40.28815273378531	1.469964722455459
526.55	-2087.105847154787	1568.179918100735
538.84	201.3846470453821	1.8995650204596868
551.42	184.60896807410995	-0.30847782898590903
564.29	260.0278590456287	-3.505629879130617
577.46	-1847.899724296416	-573.0117194589312
590.94	-60.54650596180111	-2.8132247712438545
604.73	-4.832128540870768	-0.24615414370574876
618.85	-50.05987056217393	3.425570900201151
633.29	516.6485793091921	33.027752239532724
648.07	235.31364619296383	0.7602758658100754
663.2	261.62274294063957	-1.4918588848732315
678.68	615.5651502251234	-29.927235627920346
694.52	-125.9562532405146	-8.406605474397526
710.73	18.148828555318104	-0.922796770510292
727.32	6.926132525777543	2.0856085465093406
744.29	952.9527075714584	134.223375141134
761.66	296.9531896343045	0.9679490960510924
779.44	331.07775868598645	-1.9272253367859624
797.63	928.7903611645767	-68.79460919276578
816.25	-35.58013741072897	-6.298265706997664
835.3	81.76493758269157	-0.6142286379973224
854.8	17.43551473492901	6.675878343463544
874.75	445.150830443137	8.239639156703891
895.17	374.0863599537062	-0.4948378985589627
916.06	523.4703420338252	-7.978440766247573
937.44	-231.58878000586898	-32.83868271894371
959.32	150.5625435530726	-1.9002611879688682
981.71	173.72489337154204	1.8283726171137973