0.01000000000000001	0.0007433417237897616	-0.02908082616796704
0.010092528860766855	0.0007433700067005151	-0.02974227908066169
0.01018591388054118	0.0007433988760159058	-0.03042001624129874
0.010280162981264745	0.0007434283451134452	-0.031114517111660193
0.010375284158180138	0.0007434584277242	-0.031826278452864704
0.010471285480509006	0.0007434891379440153	-0.03255581507963598
0.010568175092136596	0.0007435204902451634	-0.033303660653277764
0.01066596121230259	0.0007435524994883973	-0.03407036851439378
0.010764652136298361	0.0007435851809355325	-0.034856512560396104
0.010864256236170667	0.0007436185502624986	-0.035662688168697707
0.010964781961431863	0.0007436526235728216	-0.036489513166289275
0.011066237839776675	0.0007436874174117286	-0.037337628853200286
0.011168632477805623	0.0007437229487808092	-0.038207701081004034
0.011271974561755117	0.0007437592351530968	-0.03910042138450488
0.011376272858234322	0.0007437962944889485	-0.040016508180674176
0.01148153621496884	0.0007438341452524553	-0.040956708029941225
0.011587773561551273	0.0007438728064284514	-0.04192179696517054
0.011694993910198723	0.0007439122975403504	-0.042912581898284174
0.01180320635651731	0.0007439526386686096	-0.04392990210258324
0.011912420080273762	0.0007439938504698707	-0.04497463077645626
0.012022644346174144	0.0007440359541970805	-0.0460476767011936
0.012133888504649786	0.000744078971720233	-0.04714998598750286
0.012246161992650502	0.000744122925548077	-0.04828254392562452
0.01235947433444512	0.000744167838850644	-0.04944637694053317
0.012473835142429446	0.0007442137354827538	-0.0506425546623446
0.012589254117941687	0.0007442606400085568	-0.05187219212008514
0.012705741052085433	0.0007443085777269663	-0.05313645206187904
0.012823305826560232	0.0007443575746981304	-0.054436547412595127
0.01294195841449987	0.0007444076577712873	-0.05577374388744468
0.013061708881318424	0.0007444588546134394	-0.057149362754034344
0.013182567385564082	0.0007445111937394417	-0.05856478376883531
0.01330454417978092	0.0007445647045433312	-0.06002144829388924
0.013427649611378649	0.0007446194173309321	-0.06152086260582923
0.01355189412351037	0.0007446753633538863	-0.06306460141298768
0.013677288255958502	0.0007447325748450934	-0.06465431159379555
0.013803842646028859	0.0007447910850556828	-0.06629171617369765
0.013931568029453043	0.0007448509282935386	-0.06797861855690772
0.01406047524129915	0.0007449121399634941	-0.06971690703278728
0.014190575216890933	0.000744974756609091	-0.07150855957217685
0.014321878992735446	0.0007450388159563567	-0.07335564894655514
0.014454397707459288	0.0007451043569591736	-0.07526034817916123
0.014588142602753497	0.0007451714198467669	-0.07722493636698836
0.014723125024327202	0.0007452400461729861	-0.07925180488936873
0.014859356422870082	0.000745310278867837	-0.08134346404538934
0.014996848355023748	0.0007453821622909598	-0.08350255014021138
0.015135612484362095	0.0007454557422875761	-0.0857318330708031
0.015275660582380739	0.0007455310662464064	-0.08803422443101244
0.015417004529495607	0.000745608183160144	-0.09041278619455193
0.015559656316050758	0.0007456871436883074	-0.09287074001372071
0.01570362804333554	0.0007457680002224957	-0.0954114771821443
0.015848931924611148	0.0007458508069542613	-0.09803856932124712
0.015995580286146702	0.0007459356199455569	-0.1007557798457306
0.016143585568264878	0.0007460224972016713	-0.1035670762694026
0.016292960326397238	0.0007461114987469923	-0.10647664343103432
0.01644371723214933	0.000746202686703226	-0.10948889770494355
0.016595869074375623	0.0007462961253704579	-0.1126085022928764
0.01674942876026439	0.0007463918813106491	-0.11584038367707124
0.016904409316432657	0.0007464900234336912	-0.11918974934058742
0.017060823890031253	0.000746590623086049	-0.1226621068687393
0.017218685749860088	0.0007466937541414913	-0.12626328454063407
0.017378008287493772	0.0007467994930941522	-0.1299994535565126
0.01753880501841763	0.0007469079191532817	-0.1338771520325254
0.017701089583174227	0.000747019114339751	-0.13790331093452987
0.017864875748520526	0.0007471331635834876	-0.14208528211119717
0.018030177408595707	0.0007472501548218067	-0.14643086863364457
0.018197008586099853	0.0007473701790976405	-0.15094835763880673
0.018365383433483484	0.0007474933306571098	-0.15564655591563714
0.018535316234148135	0.000747619707045486	-0.1605348284871424
0.018706821403658026	0.0007477494092005751	-0.16562314047439747
0.018879913490962956	0.0007478825415418343	-0.17092210253881476
0.019054607179632494	0.0007480192120538914	-0.17644302025308134
0.019230917289101594	0.0007481595323627182	-0.18219794778163498
0.019408858775927792	0.0007483036178017375	-0.18819974626997663
0.01958844673505991	0.000748451587465375	-0.19446214740724663
0.01976969640111862	0.0007486035642469568	-0.20099982266967967
0.01995262314968881	0.0007487596748567614	-0.20782845878937906
0.020137242498623895	0.0007489200498158982	-0.21496484006764363
0.02032357010936223	0.0007490848234204595	-0.22242693820329834
0.020511621788255666	0.0007492541336696351	-0.23023401038333866
0.020701413487910436	0.0007494281221500042	-0.2384067064476825
0.02089296130854041	0.0007496069338669675	-0.24696718602823817
0.021086281499332907	0.0007497907170128777	-0.2559392466601001
0.021281390459827135	0.0007499796226589395	-0.26534846394065736
0.021478304741305354	0.0007501738043560102	-0.27522234493048786
0.02167704104819696	0.0007503734176265634	-0.28559049609608655
0.02187761623949554	0.0007505786193268038	-0.2964848072124133
0.022080047330189013	0.000750789566854293	-0.3079396527742199
0.022284351492703053	0.0007510064171713528	-0.3199921125729575
0.022490546058357826	0.0007512293256097295	-0.3326822132473051
0.022698648518838235	0.0007514584444152605	-0.34605319272857166
0.022908676527677748	0.0007516939209835996	-0.36015178961463357
0.023120647901755963	0.0007519358957295679	-0.3750285596286335
0.023334580622810044	0.0007521844995213258	-0.3907382213601752
0.023550492838960112	0.0007524398505986428	-0.407340033548865
0.023768402866248785	0.0007527020508793276	-0.42489820612679485
0.023988329190194925	0.0007529711815403986	-0.4434823471230365
0.0242102904673618	0.0007532472977397195	-0.4631679472864171
0.02443430552693974	0.000753530422319865	-0.4840369038927788
0.024660393372343412	0.0007538205383069474	-0.5061780845375131
0.02488857318282393	0.0007541175799839518	-0.5296879307733999
0.025118864315095822	0.0007544214222795036	-0.5546711000885817
0.025351286304979098	0.0007547318681683437	-0.5812411428116312
0.02558585886905648	0.0007550486337270831	-0.6095212078066248
0.025822601906345985	0.0007553713304328999	-0.6396447673407066
0.026061535499988978	0.0007556994442250392	-0.6717563465174456
0.026302679918953843	0.0007560323107796414	-0.7060122363284612
0.026546055619755416	0.0007563690863703144	-0.7425811607589252
0.026791683248190343	0.0007567087136094038	-0.7816448572786684
0.027039583641088463	0.0007570498812891037	-0.8233985155597083
0.027289777828080432	0.0007573909774760626	-0.8680510005728815
0.02754228703338169	0.0007577300349730151	-0.91582476256528
0.02779713267759291	0.0007580646682595114	-0.9669553063834103
0.02805433637951716	0.0007583920010939322	-1.0216900554745094
0.028313919957993816	0.0007587085841335115	-1.080286400261301
0.028575905433749497	0.0007590103022645699	-1.1430086659525294
0.028840315031266085	0.0007592922719014134	-1.210123671068261
0.02910717118066608	0.0007595487294018675	-1.2818944762018862
0.029376496519615335	0.000759772913078491	-1.3585718463148866
0.029648313895243455	0.0007599569431944941	-1.4403828759609576
0.02992264636608192	0.0007600917069755033	-1.5275161674505617
0.030199517204020192	0.0007601667591852623	-1.62010292664341
0.03047894989627986	0.0007601702532996171	-1.7181933792864326
0.03076096814740711	0.0007600889237423123	-1.8217280543404526
0.031045595881283587	0.0007599081457606343	-1.930503784095115
0.03133285724315589	0.0007596121056825198	-2.044134799214624
0.031622776601683826	0.00075918411931155	-2.1620101171944137
0.03191537855100765	0.0007586071381540057	-2.283249584861146
0.03221068791283438	0.000757864479308328	-2.4066624404013073
0.03250872973854347	0.0007569408018420772	-2.5307140126467007
0.03280952931131194	0.0007558233270146715	-2.653507929261704
0.03311311214825914	0.0007545032597308047	-2.7727925204162065
0.03341950400261146	0.0007529773152407734	-2.8860003465644195
0.03372873086588692	0.000751249194714818	-2.9903282142418006
0.034040818970100126	0.0007493307989018157	-3.082861061899493
0.0343557947899875	0.0007472429393861762	-3.160736555904053
0.0346736850452532	0.0007450153220726048	-3.2213388215221417
0.034994516702835765	0.0007426856509463363	-3.262501145461813
0.035318316979195734	0.0007402978297042544	-3.2826912059706634
0.03564511334262446	0.0007378994013515	-3.281150931969121
0.03597493351557427	0.0007355385203411018	-3.2579679469338956
0.03630780547701017	0.0007332608526339401	-3.214066268619901
0.03664375746478335	0.00073110681396664	-3.1511179758127756
0.03698281797802665	0.0007291094809515349	-3.0713911104215663
0.037325015779572084	0.0007272933682815547	-2.9775585420404407
0.037670379898390914	0.0007256741015798007	-2.8724958194236465
0.038018939632056145	0.0007242588731437475	-2.7590932446158174
0.0383707245492279	0.000723047476130132	-2.640100358963723
0.038725764492161745	0.0007220336798762703	-2.518012319104464
0.03908408957924023	0.0007212067256703554	-2.3949995950427008
0.03944573020752787	0.0007205527696966683	-2.272876491723315
0.039810717055349755	0.0007200561586607759	-2.153100636820908
0.04017908108489402	0.0007197004790033579	-2.0367945031255648
0.040550853544838415	0.0007194693644060405	-1.9247805813225527
0.040926065973001115	0.0007193470759201539	-1.8176232696866184
0.041304750199016166	0.0007193188856982782	-1.7156723134522684
0.04168693834703357	0.0007193713019332797	-1.6191043200799138
0.04207266283844444	0.0007194921725284833	-1.527960292758948
0.04246195639463132	0.0007196707010995749	-1.442178196157492
0.042854852039743985	0.0007198974032751079	-1.3616203106361924
0.04325138310350091	0.0007201640253064485	-1.286095599294475
0.04365158322401663	0.0007204634415058699	-1.2153775731887926
0.044055486350655364	0.0007207895423716227	-1.1492182560260356
0.04446312674691091	0.000721137121526924	-1.0873588717667708
0.04487453899331325	0.0007215017667412967	-1.0295378451586008
0.04528975799036211	0.0007218797581992387	-0.9754966428719221
0.04570881896148754	0.0007222679756840691	-0.9249839093225539
0.04613175745603798	0.0007226638153223464	-0.8777582769267899
0.04655860935229591	0.0007230651158617012	-0.8335901615654436
0.04698941086052156	0.0007234700940394561	-0.7922627931212187
0.04742419852602448	0.0007238772883630274	-0.7535726790680748
0.04786300923226385	0.0007242855105088997	-0.717329656002662
0.04830588020397728	0.000724693803514695	-0.6833566488684412
0.048752849010338654	0.0007251014059566122	-0.651489229453942
0.04920395356814511	0.0007255077213526316	-0.6215750434191831
0.04965923214503363	0.0007259122920967128	-0.5934731575764
0.05011872336272725	0.0007263147772995433	-0.5670533655661024
0.05058246620031143	0.0007267149339827629	-0.5421954795932408
0.051050499997540646	0.0007271126011429107	-0.518788627865139
0.05152286445817567	0.0007275076862634559	-0.49673057134178766
0.05199959965335162	0.0007279001539119313	-0.47592704882623177
0.052480746024977286	0.0007282900161094576	-0.45629115605775356
0.05296634438916581	0.0007286773242052679	-0.4377427619708235
0.05345643593969719	0.0007290621620279122	-0.4202079634823697
0.05395106225151279	0.0007294446401188198	-0.4036185788802301
0.05445026528424215	0.0007298248908827229	-0.3879116789991297
0.05495408738576248	0.0007302030645148276	-0.37302915476011733
0.0554625712957911	0.0007305793255855697	-0.358917319273267
0.05597576014951104	0.0007309538501821705	-0.34552654247479586
0.05649369748123028	0.0007313268235214179	-0.3328109161649564
0.05701642722807478	0.0007316984379614726	-0.32072794728340764
0.05754399373371572	0.0007320688913512033	-0.3092382772967731
0.05807644175213124	0.0007324383856652993	-0.29830542563944007
0.05861381645140291	0.0007328071258812068	-0.28789555524808297
0.059156163417547425	0.0007331753190606169	-0.2779772583435838
0.05970352865838372	0.0007335431736039373	-0.2685213607333808
0.06025595860743581	0.0007339108986513208	-0.25950074302624365
0.060813500127871824	0.0007342787036072377	-0.2508901772823276
0.061376200516479455	0.0007346467977697235	-0.24266617772949872
0.06194410750767818	0.0007350153900479788	-0.23480686429532588
0.06251726927756862	0.0007353846887545415	-0.22729183780984727
0.06309573444801936	0.0007357549014603756	-0.2201020658329799
0.06367955209079162	0.0007361262349030497	-0.2132197781532017
0.064268771731702	0.0007364988949396866	-0.2066283710891437
0.06486344335482389	0.0007368730865374447	-0.20031231980734654
0.06546361740672754	0.0007372490137957409	-0.19425709793691925
0.06606934480075964	0.0007376268799950679	-0.18844910383120658
0.06668067692136226	0.0007380068876682428	-0.18287559288477853
0.06729766562843181	0.0007383892386903326	-0.17752461537088673
0.0679203632617185	0.0007387741343844231	-0.1723849593113203
0.0685488226452662	0.0007391617756406627	-0.1674460979371722
0.0691830970918937	0.0007395523630464247	-0.16269814134101393
0.06982324040771719	0.0007399460970259226	-0.15813179195534927
0.07046930689671474	0.0007403431779878035	-0.15373830352819187
0.07112135136533296	0.0007407438064795833	-0.14950944329522148
0.07177942912713622	0.0007411481833479405	-0.14543745707686892
0.07244359600749906	0.0007415565099041522	-0.14151503705224844
0.0731139083483418	0.000741968988094089	-0.13773529198527013
0.07379042301291015	0.0007423858206723456	-0.1340917196979992
0.07447319739059896	0.0007428072113802029	-0.13057818160531015
0.07516228940182061	0.0007432333651271755	-0.12718887914132357
0.07585775750291844	0.0007436644881762204	-0.12391833192257036
0.07655966069112569	0.000744100788332383	-0.1207613575081214
0.07726805850957029	0.0007445424751351597	-0.11771305262753029
0.07798301105232594	0.0007449897600546379	-0.11476877575972654
0.07870457896950993	0.0007454428566916368	-0.11192413095632052
0.07943282347242822	0.0007459019809821989	-0.10917495281112866
0.08016780633876798	0.0007463673514067315	-0.10651729248713884
0.0809095899178383	0.000746839189204275	-0.1039474047190136
0.0816582371358593	0.0007473177185922703	-0.10146173571716975
0.0824138115013003	0.0007478031669925196	-0.09905691190424419
0.08317637711026717	0.0007482957652638418	-0.09672972942201481
0.08394599865193982	0.0007487957479420707	-0.09447714435176228
0.08472274141405972	0.000749303353488282	-0.09229626359476364
0.08550667128846841	0.0007498188245459301	-0.09018433636563856
0.0862978547766971	0.0007503424082078404	-0.0881387462543534
0.08709635899560814	0.0007508743562941215	-0.0861570038159088
0.08790225168308852	0.0007514149256420247	-0.08423673965129087
0.08871560120379617	0.0007519643784089633	-0.08237569794561594
0.08953647655495947	0.0007525229823900975	-0.08057173043196558
0.09036494737223023	0.0007530910113518528	-0.07882279075300497
0.09120108393559107	0.0007536687453831035	-0.0771269291937801
0.09204495717531722	0.0007542564712657621	-0.07548228776222023
0.09289663867799372	0.000754854482866828	-0.07388709559534899
0.09375620069258811	0.0007554630815540647	-0.0723396646717062
0.09462371613657934	0.000756082576637849	-0.07083838581180188
0.09549925860214364	0.0007567132858419468	-0.06938172495037054
0.0963829023623971	0.0007573555358063039	-0.06796821966615059
0.09727472237769656	0.0007580096626253787	-0.06659647595580734
0.09817479430199849	0.00075867601242587	-0.06526516524097532
0.09908319448927681	0.0007593549419883458	-0.06397302159814658
0.10000000000000005	0.0007600468194176748	-0.06271883920318139
0.10092528860766849	0.0007607520248679841	-0.06150146998345894
0.10185913880541175	0.0007614709513285035	-0.060319821472281335
0.1028016298126474	0.000762204005477642	-0.05917285486177793
0.10375284158180131	0.0007629516086136177	-0.05805958325217587
0.10471285480509002	0.0007637141976711758	-0.056979070097226345
0.1056817509213659	0.0007644922263353284	-0.05593042784747252
0.10665961212302584	0.0007652861662647496	-0.05491281679523457
0.10764652136298355	0.000766096508439285	-0.05392544412775695
0.10864256236170661	0.0007669237646484458	-0.052967563197641905
0.10964781961431856	0.0007677684691403563	-0.05203847302307424
0.1106623783977667	0.0007686311804538891	-0.05113751803398616
0.11168632477805618	0.0007695124834604959	-0.05026408808496958
0.1127197456175511	0.0007704129916468231	-0.04941761876086506
0.11376272858234315	0.0007713333496746932	-0.048597592007449904
0.11481536214968835	0.0007722742362615154	-0.04780353712735866
0.11587773561551268	0.0007732363674322752	-0.047035032190725426
0.11694993910198717	0.000774220500203799	-0.04629170592144203
0.11803206356517304	0.000775227436773798	-0.0455732401344048
0.11912420080273756	0.0007762580293015849	-0.04487937281642366
0.12022644346174137	0.0007773131853851034	-0.04420990196562142
0.1213388850464978	0.0007783938743607325	-0.04356469033192401
0.12246161992650495	0.0007795011345796613	-0.04294367123597922
0.12359474334445113	0.0007806360818485093	-0.04234685568869054
0.12473835142429439	0.000781799919264692	-0.041774341090406515
0.1258925411794168	0.0007829939487309343	-0.04122632186271967
0.12705741052085426	0.0007842195845021418	-0.04070310246144994
0.12823305826560225	0.0007854783692057221	-0.04020511334486107
0.1294195841449987	0.0007867719928899265	-0.03973293063675516
0.13061708881318423	0.0007881023158022339	-0.03928730044428387
0.1318256738556408	0.0007894713957927387	-0.03886916908623716
0.13304544179780922	0.0007908815214925569	-0.03847972088819293
0.13427649611378642	0.0007923352527568807	-0.03812042574955442
0.13551894123510363	0.0007938354703193329	-0.03779309944614842
0.13677288255958495	0.0007953854372253514	-0.03749998069293136
0.13803842646028852	0.0007969888754656696	-0.03724383049373325
0.13931568029453034	0.0007986500624172146	-0.037028061458824445
0.14060475241299142	0.0008003739533690311	-0.03685690790380752
0.14190575216890927	0.0008021663387944785	-0.0367356521677017
0.1432187899273544	0.0008040340484840622	-0.03667092952732842
0.1445439770745928	0.0008059852197363184	-0.03667114468431044
0.1458814260275349	0.0008080296544197012	-0.03674704930742656
0.14723125024327194	0.0008101793013505838	-0.0369125563710857
0.14859356422870074	0.000812448918581132	-0.03718590979153216
0.1499684835502374	0.0008148569991821207	-0.03759139932711664
0.15135612484362088	0.0008174270916481627	-0.03816193364689286
0.15275660582380732	0.0008201897263455607	-0.038943002920443996
0.154170045294956	0.0008231852996097512	-0.03999896491256432
0.1555965631605075	0.000826468521306641	-0.04142336226642958
0.1570362804333553	0.0008301155131742927	-0.0433565384903885
0.15848931924611143	0.0008342356047654582	-0.04601714557918979
0.15995580286146696	0.0008389919038936655	-0.04976170915629018
0.1614358556826487	0.000844639334064552	-0.055205085361503564
0.16292960326397232	0.0008516002937382915	-0.06348536680748461
0.16443717232149324	0.0008606299111803701	-0.07691263614436887
0.16595869074375613	0.0008732250744083583	-0.10080362929361239
0.16749428760264382	0.0008928332831162318	-0.14984698479565
0.1690440931643265	0.0009295653304915311	-0.27853642460883055
0.17060823890031243	0.0010312494500361333	-0.850276079590415
0.1721868574986008	0.0028918250360053	-37.44283753300264
0.17378008287493762	0.0005966894787805413	-1.713124101426712
0.17538805018417622	0.0007182992893682939	-0.34228218831277823
0.1770108958317422	0.0007590285080317356	-0.15049760218573388
0.17864875748520517	0.0007802993136933264	-0.09008334033029344
0.180301774085957	0.0007939480954005576	-0.06383986479252796
0.18197008586099844	0.0008038512580436447	-0.050232403416119044
0.18365383433483473	0.0008116534149259953	-0.042335073755854706
0.18535316234148125	0.0008181718874199592	-0.037380829242303154
0.18706821403658017	0.0008238592330937945	-0.03409280631832114
0.18879913490962946	0.0008289867103563505	-0.031817647959431726
0.19054607179632482	0.0008337271564460087	-0.030193954413397672
0.19230917289101596	0.0008381962295772258	-0.029009286354813042
0.19408858775927793	0.0008424745330428659	-0.02813253995168121
0.19588446735059908	0.0008466202197634493	-0.027479538059823082
0.1976969640111862	0.0008506765370670054	-0.026994446279836513
0.19952623149688808	0.0008546765335613739	-0.026639225565540825
0.20137242498623895	0.0008586461008165669	-0.026387389942680153
0.2032357010936223	0.0008626059996864817	-0.026220177425727235
0.20511621788255668	0.0008665732466530057	-0.026124127500892755
0.20701413487910436	0.0008705620849917813	-0.026089506822669126
0.2089296130854041	0.0008745846796923563	-0.026109261980844584
0.2108628149933291	0.0008786516244213402	-0.0261783086421293
0.21281390459827135	0.0008827723180426208	-0.026293040585678443
0.21478304741305343	0.0008869552490044026	-0.026450985671554444
0.21677041048196952	0.0008912082136301822	-0.02665056200239366
0.2187761623949553	0.0008955384863377245	-0.026890903729407566
0.22080047330189004	0.0008999529544757764	-0.02717173617642684
0.22284351492703042	0.0009044582268543225	-0.027493286544202196
0.22490546058357816	0.0009090607225562122	-0.02785622078477557
0.22698648518838224	0.0009137667448804143	-0.02826160013038606
0.22908676527677735	0.000918582544037638	-0.028710852731379972
0.23120647901755953	0.0009235143713389665	-0.02920575722187564
0.23334580622810033	0.0009285685269817291	-0.02974843599425373
0.23550492838960102	0.0009337514030728787	-0.030341356655670976
0.23768402866248772	0.0009390695231896524	-0.03098734064946075
0.2398832919019491	0.0009445295795266041	-0.03168957840979615
0.2421029046736179	0.000950138468493564	-0.03245165071991584
0.24434305526939726	0.00095590332549393	-0.03327755619025592
0.246603933723434	0.0009618315595152323	-0.034171744983612716
0.24888573182823917	0.0009679308880956424	-0.03513915910464714
0.25118864315095807	0.0009742093731850053	-0.036185279752747865
0.2535128630497908	0.0009806754583929335	-0.037316182419594196
0.25585858869056466	0.000987338008106591	-0.03853860060483548
0.2582260190634597	0.0009942063489650791	-0.0398599992325538
0.26061535499988964	0.001001290314194892	-0.04128865908637586
0.2630267991895383	0.0010086002913411597	-0.04283377385055743
0.26546055619755404	0.0010161472739726226	-0.044505561658467474
0.2679168324819033	0.0010239429179952585	-0.0463153934202019
0.2703958364108845	0.0010319996032812704	-0.04827594064137366
0.2728977782808042	0.0010403305014088857	-0.050401345972905146
0.27542287033381674	0.001048949650416419	-0.05270742036755315
0.277971326775929	0.0010578720376045797	-0.05521187148939483
0.2805433637951715	0.0010671136915783872	-0.05793456896036052
0.28313919957993805	0.001076691784909272	-0.06089785317438297
0.2857590543374948	0.0010866247490259962	-0.06412689581798754
0.2884031503126607	0.0010969324032178084	-0.06765012197253127
0.29107171180666064	0.0011076360999657312	-0.07149970582452919
0.2937649651961532	0.0011187588892210176	-0.07571215468729192
0.2964831389524344	0.0011303257047407108	-0.08032899938305928
0.29922646366081906	0.001142363576190243	-0.08539761323803606
0.30199517204020176	0.0011549018714598332	-0.09097218724813942
0.30478949896279844	0.0011679725745504716	-0.09711489570589167
0.307609681474071	0.0011816106055125646	-0.1038972951681835
0.3104559588128357	0.0011958541903256857	-0.11140201066515948
0.3133285724315587	0.0012107452903701494	-0.11972477727551736
0.3162277660168381	0.001226330103363857	-0.12897692366853242
0.31915378551007634	0.0012426596504593267	-0.1392884083669746
0.3221068791283436	0.001259790467801098	-0.15081155128233414
0.32508729738543457	0.0012777854254825713	-0.16372564523836933
0.3280952931131192	0.0012967147028544374	-0.1782426885443995
0.3311311214825913	0.0013166569569917016	-0.19461455558976481
0.33419504002611444	0.0013377007314714522	-0.21314202558528134
0.3372873086588691	0.0013599461663562696	-0.2341862310415549
0.34040818970100106	0.0013835070887025882	-0.25818328347392755
0.34355794789987465	0.0014085135878529587	-0.2856631079283685
0.34673685045253166	0.0014351152138789296	-0.31727390571811415
0.3499451670283573	0.0014634849846946873	-0.35381421992437
0.353183169791957	0.0014938244533077983	-0.39627538311349936
0.3564511334262443	0.0015263701800348906	-0.44589830968629784
0.35974933515574237	0.0015614020884116694	-0.504250359534621
0.3630780547701014	0.001599254378233426	-0.5733306728213869
0.36643757464783333	0.001640329956438852	-0.6557164958343938
0.3698281797802663	0.0016851197769677199	-0.7547694872607286
0.3732501577957206	0.001734229136050626	-0.8749313596226362
0.37670379898390893	0.0017884139838624101	-1.022155188015264
0.38018939632056126	0.0018486319104725575	-1.2045472026892083
0.38370724549227886	0.0019161150190455665	-1.4333429480006723
0.3872576449216173	0.0019924760448824627	-1.7244286811672143
0.3908408957924021	0.002079865864948341	-2.1007780472777142
0.39445730207527846	0.0021812116120149285	-2.5964753961625284
0.3981071705534973	0.0023005820605691654	-3.2635887363667715
0.40179081084894	0.00244375121501837	-4.1843609970029325
0.40550853544838394	0.0026190489000605913	-5.493730428714276
0.40926065973001097	0.0028385137904184438	-7.422656957956249
0.41304750199016144	0.0031187690755686095	-10.38412068282105
0.41686938347033553	0.0034778751839378767	-15.14208565729186
0.4207266283844442	0.0039100119734757416	-23.08618164203312
0.424619563946313	0.004276987173792306	-36.211228812382146
0.4285485203974396	0.004140214020804853	-54.52431765445176
0.43251383103500884	0.0032786741141939153	-70.89864863800302
0.4365158322401661	0.002303545621028123	-77.15837223526712
0.44055486350655343	0.001646455360210661	-72.22624310110552
0.4446312674691088	0.0013231718419062088	-59.50654765649015
0.4487453899331323	0.0012376564255459658	-45.009562513903816
0.4528975799036209	0.0012857220899203212	-33.312279283118
0.4570881896148752	0.0013957221037924957	-25.19335943622299
0.46131757456037953	0.001532579688163124	-19.75019712996297
0.4655860935229591	0.0016824898378006133	-16.05126966777339
0.4698941086052156	0.0018413146846502583	-13.468356948277439
0.4742419852602448	0.0020091271604450738	-11.613811449928178
0.47863009232263853	0.0021880130642432665	-10.249277529221034
0.48305880203977286	0.00238129209291109	-9.224658367438082
0.4875284901033865	0.002593373175846915	-8.442188500674087
0.4920395356814511	0.0028299593459142056	-7.835613186119456
0.49659232145033627	0.003098544156315598	-7.357861846032499
0.5011872336272725	0.0034092790794484147	-6.973474860067892
0.5058246620031143	0.003776439643719339	-6.653765838444853
0.5105049999754064	0.004220971580362378	-6.373702922230933
0.5152286445817567	0.004775131498906778	-6.1101396923861175
0.5199959965335162	0.005491495218849627	-5.8415361225882725
0.5248074602497729	0.006461927076301625	-5.549791871711617
0.5296634438916581	0.007862145255986237	-5.225400567407509
0.5345643593969719	0.010073931770166904	-4.8787235801818545
0.5395106225151278	0.014108558763120624	-4.569086802601168
0.5445026528424215	0.023807502671910147	-4.535687556635043
0.5495408738576248	0.0787633055355844	-7.127066508482295
0.5546257129579107	0.058500672655533784	-178.45318501439849
0.5597576014951101	0.021230321767553434	179.96518173407372
0.5649369748123025	0.012920453108390286	-179.9644028834868
0.5701642722807475	0.009261677569671967	-179.6738437711996
0.5754399373371569	0.007200639305526349	-179.34106799983317
0.580764417521312	0.005876721449378586	-179.03152016598236
0.5861381645140288	0.004945977019191363	-178.62566603629253
0.591561634175474	0.004261642862395583	-178.3100465366389
0.5970352865838369	0.0037323054179668135	-177.9851263726789
0.6025595860743578	0.0033097580983312046	-177.66079278283897
0.6081350012787179	0.002963366659828172	-177.3417239331836
0.6137620051647943	0.0026727157850512107	-177.03378180611622
0.6194410750767815	0.0024234760133056946	-176.74191017610872
0.6251726927756859	0.0022051464809284423	-176.46658249960123
0.6309573444801934	0.002009780488124752	-176.2006089920009
0.6367955209079159	0.0018312046328774565	-175.9272128570734
0.6426877173170197	0.0016644622169548111	-175.61885193518083
0.6486344335482385	0.0015053495532263903	-175.23480122467913
0.654636174067275	0.0013499893917080534	-174.71418806140275
0.6606934480075961	0.0011944066266364693	-173.95848598900818
0.6668067692136223	0.0010340580796066136	-172.78870009040156
0.6729766562843179	0.0008632460750263674	-170.83134695479012
0.6792036326171846	0.0006743533073435891	-167.15978633770925
0.6854882264526617	0.0004563903751860483	-158.90724444053998
0.6918309709189366	0.0019890276248429456	75.31808927963117
0.6982324040771715	0.00042419709233711963	-56.31631585370809
0.704693068967147	0.00098367655259473	-31.91634960334641
0.7112135136533292	0.002146916983541368	-27.65464126108488
0.7177942912713619	0.00522315548507677	-35.89911662692219
0.7244359600749902	0.014615451140436454	-97.65480655062078
0.7311390834834176	0.007538809276699918	-160.06110992848312
0.7379042301291011	0.00465977072097709	-171.3196303037461
0.7447319739059892	0.0035343239096749866	-175.03933667365516
0.7516228940182057	0.0029391643410199573	-176.75144016696152
0.758577575029184	0.002568566310366952	-177.6851924433023
0.7655966069112565	0.0023137712616751816	-178.25035961215565
0.7726805850957026	0.002126760749303211	-178.61774378212093
0.7798301105232589	0.0019831174173967066	-178.86942132466174
0.7870457896950989	0.0018691302674507771	-179.04895059520362
0.7943282347242817	0.0017765162596846348	-179.18121952771997
0.8016780633876793	0.0016999861710777775	-179.28128976479454
0.8090958991783825	0.0016360161594205398	-179.35870995471228
0.8165823713585927	0.0015821827043719968	-179.4197739958278
0.8241381150130025	0.0015367820780506462	-179.4687735969526
0.8317637711026713	0.0014986031081093525	-179.50872767709197
0.8394599865193977	0.0014667873447231194	-179.54182580454344
0.8472274141405968	0.0014407418435502754	-179.56970910405366
0.8550667128846836	0.0014200855674432096	-179.59365626208069
0.8629785477669706	0.0014046189760932666	-179.61471370904798
0.870963589956081	0.0013943114349301863	-179.63379413480982
0.8790225168308847	0.0013893045064239584	-179.65175992910937
0.8871560120379608	0.001389932093662362	-179.66950509782583
0.8953647655495938	0.0013967616703956666	-179.6880497213873
0.9036494737223014	0.0014106655219879537	-179.7086655426552
0.9120108393559097	0.001432938834354293	-179.73306202769527
0.9204495717531712	0.0014654962099493565	-179.76368479479157
0.9289663867799363	0.0015112077710540165	-179.80422578881246
0.9375620069258802	0.0015744997313041225	-179.86054932072912
0.946237161365793	0.001662492893765148	-179.94248590911414
0.9549925860214359	0.0017873337270012894	179.93241164871276
0.9638290236239705	0.0019714765007654584	179.73017993712168
0.9727472237769651	0.0022614284220253285	179.37743452523776
0.9817479430199844	0.0027714940252383377	178.6870793573557
0.9908319448927676	0.0038770528267333976	177.02594801946438
1.	0.007911080202837494	170.33158594994362
1.0092528860766845	0.016242885646676378	33.37490402904714
1.0185913880541169	0.0033473340244166917	10.724755033657441
1.0280162981264735	0.001531444805565823	8.498902845834708
1.0375284158180127	0.0008207881909368166	8.724066056713264
1.0471285480508996	0.00044198893655815485	10.789812929035229
1.0568175092136585	0.00020710584711237424	17.22658303622196
1.066596121230258	0.000059655760924031796	54.9744809256132
1.076465213629835	0.00009653390412654877	154.8821849194676
1.0864256236170655	0.00018669001139503248	168.95331445604688
1.096478196143185	0.0002645517105812663	172.9955548661695
1.1066237839776665	0.00033269600861051096	174.84071232538278
1.1168632477805611	0.00039461988872658535	175.86654759106722
1.1271974561755105	0.0004531893385233806	176.49872218928215
1.137627285823431	0.0005108420773907937	176.90982327892007
1.1481536214968828	0.00056985627739161	177.18167379816597
1.1587773561551262	0.0006326084110375299	177.3566592565725
1.1694993910198712	0.000701860684517127	177.45724136825325
1.1803206356517297	0.0007811493471749439	177.49411704644749
1.1912420080273751	0.0008753966039729583	177.46941681120032
1.2022644346174132	0.000991991553856815	177.3769553230952
1.2133888504649775	0.0011428954612055476	177.19951222998407
1.2246161992650488	0.0013491862039787114	176.90090875716356
1.2359474334445106	0.0016521950634649652	176.40514096676998
1.2473835142429432	0.0021460005915730582	175.53426724216004
1.2589254117941675	0.0031012800941602682	173.76962208615427
1.270574105208542	0.005734550355910205	168.74644500921463
1.2823305826560218	0.027299530866639322	114.41246862775441
1.2941958414499863	0.0065966881195784165	12.551770349254202
1.3061708881318417	0.0031172172629540767	5.86515222943528
1.3182567385564075	0.00199910702672065	3.7668808972898327
1.3304544179780915	0.0014499328744535832	2.758514821859618
1.3427649611378643	0.0011237344150485825	2.1755315977870313
1.3551894123510364	0.000907665389748578	1.8024023388225665
1.3677288255958495	0.0007540211528727265	1.5485448558841497
1.3803842646028852	0.0006391674647884316	1.369507340088224
1.3931568029453036	0.0005500559035267415	1.2411787492654223
1.4060475241299144	0.00047888864802186464	1.1496370368742639
1.4190575216890926	0.0004207129870029632	1.086629781777291
1.432187899273544	0.0003722256480574817	1.0474073733871658
1.4454397707459279	0.00033113125655199604	1.0296796267319164
1.4588142602753489	0.00029577571977667323	1.0332082363480706
1.4723125024327193	0.0002649246351483292	1.0598744525231962
1.4859356422870074	0.00023762142715918062	1.1142722024841838
1.499684835502374	0.00021308955576717414	1.2051306237135313
1.5135612484362087	0.0001906566344171999	1.3483778519549896
1.5275660582380732	0.0001696825709844119	1.5739679376210547
1.54170045294956	0.00014946941160196497	1.9425723716934182
1.555965631605075	0.0001291099940421283	2.5926451358492657
1.5703628043335531	0.0001071672433008247	3.904629109540748
1.584893192461114	0.00008087628409224164	7.313243947307181
1.5995580286146696	0.00004476854255291264	23.545267467531108
1.6143585568264869	0.0000636430045000389	130.0379367836532
1.629296032639723	0.0005954608814684741	110.10710022052905
1.6443717232149324	0.0003473692553999133	10.779708640612348
1.6595869074375613	0.00021505407929576397	3.2006713304185768
1.6749428760264382	0.00016899174102328487	1.4401888388964021
1.690440931643265	0.0001437960360505995	0.7782279295640349
1.7060823890031243	0.00012693185138206537	0.467320569249185
1.7218685749860079	0.00011433604108202228	0.3007938270544011
1.7378008287493762	0.00010428697751436464	0.20342987475278826
1.753880501841762	0.00009592265409915858	0.14280447066848964
1.770108958317422	0.00008875834004357832	0.10321597490445013
1.7864875748520517	0.00008249687106000091	0.07638250017829515
1.803017740859568	0.00007694342580263844	0.05763934965258568
1.8197008586099825	0.00007196323675997468	0.044218613528809424
1.8365383433483455	0.00006745890875802854	0.03440669626778518
1.8535316234148105	0.00006335746490869018	0.02710466553351601
1.8706821403657996	0.00005960255256918693	0.02158648834025599
1.8879913490962925	0.00005614954263903779	0.01736012299178202
1.9054607179632463	0.00005296232911064821	0.014084672163005307
1.9230917289101574	0.000050011168836348276	0.011519356373180972
1.9408858775927773	0.00004727118042171368	0.009491193091781739
1.958844673505989	0.00004472127387613213	0.007874013829891243
1.97696964011186	0.000042343369618053264	0.006574541429109703
1.9952623149688788	0.0000401218166978859	0.005522970369685782
2.0137242498623875	0.000038042951264311834	0.004666481315087811
2.032357010936221	0.00003609475577079203	0.003964704855063474
2.0511621788255647	0.0000342665918902546	0.0033865028577745575
2.0701413487910414	0.000032548988275584436	0.0029076547130500534
2.0892961308540388	0.00003093346976637774	0.002509174076216111
2.108628149933289	0.000029412418364807335	0.0021760707856501227
2.1281390459827114	0.00002797895888433255	0.0018964309560643004
2.147830474130533	0.000026626863993430245	0.001660727051792584
2.167704104819694	0.000025350474677035982	0.0014612959317596018
2.1877616239495516	0.000024144633081511684	0.001291940768814195
2.208004733018899	0.000023004625401849518	0.0011476251489443013
2.228435149270303	0.000021926132985107538	0.0010242363439085217
2.2490546058357803	0.00002090519021166768	0.0009184009023385346
2.2698648518838214	0.000019938148010601698	0.0008273401038524402
2.2908676527677723	0.000019021642091757937	0.0007487559968918893
2.312064790175594	0.000018152565152666793	0.0006807410543338865
2.333458062281002	0.00001732804245564876	0.0006217061798720069
2.355049283896009	0.000016545410278823653	0.0005703230556846169
2.376840286624876	0.000015802196830864374	0.0005254777595976479
2.39883291901949	0.000015096105288366507	0.0004862332840486354
2.4210290467361775	0.000014424998670418292	0.00045179912136381284
2.4434305526939712	0.000013786886310222703	0.0004215064846648916
2.4660393372343385	0.000013179911720642308	0.0003947880434619895
2.4888573182823905	0.00001260234168099271	0.0003711612913338884
2.5118864315095797	0.000012052556397610989	0.0003502148474935736
2.535128630497907	0.000011529040611690842	0.000331597137430907
2.5585858869056453	0.000011030375545408643	0.0003150070098804116
2.582260190634596	0.000010555231592097672	0.0003001859353399199
2.6061535499988953	0.000010102361668665888	0.0002869115007490147
2.6302679918953813	9.670595158999768e-6	0.0002749919698898771
2.654605561975539	9.25883238607748e-6	0.0002642617227774556
2.6791683248190314	8.866039558192443e-6	0.00025457742220103035
2.703958364108843	8.491244141275893e-6	0.0002458147835468775
2.7289777828080406	8.133530614981193e-6	0.00023786584652944886
2.7542287033381663	7.792036575095128e-6	0.00023063666562054348
2.7797132677592886	7.465949149091339e-6	0.0002240453506789901
2.805433637951713	7.15450169533727e-6	0.00021802040124360922
2.831391995799379	6.856970759689482e-6	0.00021249928770894242
2.8575905433749464	6.572673266030947e-6	0.00020742724059225146
2.8840315031266055	6.30096391977617e-6	0.00020275621566983595
2.910717118066605	6.041232805542963e-6	0.0001984440081921006
2.9376496519615305	5.792903162103933e-6	0.00019445349391137727
2.9648313895243423	5.555429319421321e-6	0.0001907519784709948
2.992264636608189	5.328294784063319e-6	0.0001873106399862042
3.019951720402016	5.1110104606236035e-6	0.0001841040525755831
3.047894989627983	4.903112997937904e-6	0.00018110978138392506
3.076096814740708	4.704163249927517e-6	0.00017830804256570738
3.1045595881283554	4.513744841810937e-6	0.00017568142525024635
3.1332857243155856	4.331462833214472e-6	0.00017321467757176306
3.1622776601683795	4.156942470374436e-6	0.00017089456721376743
3.1915378551007616	3.989828020126685e-6	0.00016870984248904385
3.2210687912834346	3.8297816786479954e-6	0.00016665135183802253
3.250872973854344	3.6764825477540395e-6	0.0001647124505339509
3.2809529311311905	3.5296256704773024e-6	0.00016288999534308228
3.311311214825911	3.3889211142776362e-6	0.00016118668790555108
3.3419504002611427	3.254093080376315e-6	0.00015961691534679262
3.372873086588689	3.124878986447165e-6	0.00015822312715822452
3.404081897010009	3.001028353032092e-6	0.00015713112376756694
3.4355794789987466	2.8823007536247076e-6	0.00015680087829316334
3.4673685045253166	2.7684576434481567e-6	0.00015999325783340777
3.499451670283573	2.659115653755885e-6	0.00026309552395960316
3.53183169791957	2.554900051988615e-6	0.00017554778790084281
3.5645113342624426	2.4544625645073568e-6	0.00015307565948756538
3.5974933515574232	2.358188825188111e-6	0.00014941065562183804
3.630780547701014	2.2658508942144926e-6	0.00014751200812530239
3.664375746478333	2.177272442794507e-6	0.00014607651695410453
3.6982817978026628	2.092290130012096e-6	0.00014483130642350527
3.732501577957206	2.01074934425702e-6	0.0001436899412570637
3.767037989839089	1.932502985176679e-6	0.00014261737572260916
3.801893963205613	1.8574108493070487e-6	0.00014159668611810224
3.8370724549227884	1.7853391965381196e-6	0.0001406185035939402
3.8725764492161727	1.7161603905692176e-6	0.00013967702727006443
3.908408957924021	1.649752578964774e-6	0.00013876831760381586
3.944573020752785	1.5859993994812689e-6	0.00013788949062407536
3.981071705534973	1.524789706581609e-6	0.00013703830600995452
4.0179081084894	1.4660173148944883e-6	0.0001362129419225883
4.055085354483839	1.409580757620123e-6	0.0001354118645425856
4.09260659730011	1.355383058485336e-6	0.0001346337484508144
4.130475019901614	1.3033315161716066e-6	0.0001338774256902558
4.168693834703355	1.2533375003275834e-6	0.0001331418517339764
4.207266283844442	1.2053162583987967e-6	0.00013242608182274026
4.24619563946313	1.1591867325923346e-6	0.000131729253899935
4.285485203974396	1.1148713863587215e-6	0.0001310505758892224
4.325138310350088	1.0722960398250177e-6	0.00013038931592367935
4.365158322401661	1.0313897136566121e-6	0.00012974479464219305
4.405548635065534	9.920844808628568e-7	0.00012911637897533798
4.446312674691089	9.543153260951049e-7	0.00012850347703321143
4.487453899331323	9.180200120157724e-7	0.00012790553382875539
4.528975799036209	8.831389523443283e-7	0.00012732202764892582
4.570881896148752	8.496150912112399e-7	0.00012675246693854878
4.613175745603791	8.173937884738988e-7	0.0001261963875973704
4.655860935229586	7.86422710669917e-7	0.00012565335061554865
4.698941086052151	7.566517273030019e-7	0.00012512293999032914
4.742419852602444	7.280328121749087e-7	0.000124604760879247
4.7863009232263805	7.005199494941709e-7	0.00012409843795444344
4.830588020397723	6.740690445082131e-7	0.00012360361392958543
4.87528490103386	6.486378384203487e-7	0.00012311994823611407
4.920395356814506	6.241858273670664e-7	0.00012264711582958267
4.965923214503357	6.006741852440002e-7	0.00012218480611000997
5.01187233627272	5.780656901811486e-7	0.00012173272194267604
5.058246620031137	5.563246544792803e-7	0.00012129057876781278
5.105049999754059	5.354168578301331e-7	0.00012085810378927629
5.152286445817562	5.153094836529979e-7	0.00012043503523364377
5.1999599653351565	4.959710583896601e-7	0.00012002112167230004
5.248074602497723	4.773713936084491e-7	0.00011961612140001992
5.296634438916575	4.5948153077641483e-7	0.00011921980186435203
5.345643593969713	4.422736885663836e-7	0.00011883193914078696
5.395106225151273	4.2572121257293603e-7	0.00011845231744927724
5.445026528424209	4.097985273181936e-7	0.000118080728708178
5.495408738576242	3.9448109043472643e-7	0.0001177169721221141
5.5462571295791046	3.797453489189544e-7	0.00011736085380065945
5.597576014951099	3.655686973541146e-7	0.00011701218640504735
5.649369748123022	3.519294380072157e-7	0.00011667078882042267
5.701642722807472	3.38806742709465e-7	0.00011633648585140485
5.754399373371567	3.261806164344061e-7	0.00011600910793895955
5.807644175213118	3.1403186249248633e-7	0.00011568849089677743
5.861381645140285	3.023420492650063e-7	0.0001153744756655415
5.9156163417547365	2.9109347840439043e-7	0.0001150669080836233
5.970352865838366	2.8026915443147425e-7	0.00011476563867289336
6.025595860743575	2.698527556640651e-7	0.00011447052243846088
6.081350012787176	2.5982860641437184e-7	0.00011418141868127357
6.137620051647939	2.501816503960757e-7	0.0001138981908226151
6.194410750767812	2.408974252848028e-7	0.00011362070623963195
6.251726927756855	2.3196203837857778e-7	0.00011334883611111093
6.30957344480193	2.2336214330752018e-7	0.00011308245527280558
6.367955209079155	2.1508491774456574e-7	0.00011282144208168748
6.426877173170194	2.071180420713827e-7	0.00011256567828856302
6.486344335482381	1.9944967895591781e-7	0.00011231504891856455
6.546361740672747	1.9206845380014647e-7	0.00011206944215908232
6.6069344800759575	1.8496343601862274e-7	0.00011182874925476605
6.668067692136218	1.7812412111034796e-7	0.00011159286440927866
6.729766562843175	1.715404134882914e-7	0.00011136168469354464
6.792036326171843	1.652026100326167e-7	0.00011113510996029102
6.854882264526613	1.5910138433530372e-7	0.00011091304276473903
6.918309709189363	1.5322777160539622e-7	0.00011069538829136721
6.9823240407717115	1.4757315420557841e-7	0.00011048205428673433
7.046930689671467	1.4212924779216883e-7	0.0001102729509984233
7.112135136533288	1.3688808803194447e-7	0.0001100679911202536
7.177942912713615	1.3184201787045794e-7	0.00010986708974400212
7.244359600749899	1.2698367532769858e-7	0.0001096701643179854
7.311390834834173	1.2230598179808084e-7	0.00010947713461298822
7.379042301291007	1.178021308328072e-7	0.000109287922696179
7.447319739059888	1.1346557738368235e-7	0.00010910245291384625
7.516228940182053	1.0929002748841045e-7	0.00010892065188402344
7.585775750291836	1.0526942837833638e-7	0.00010874244850036002
7.655966069112561	1.0139795899045665e-7	0.0001085677739489609
7.726805850957021	9.767002086636548e-8	0.00010839656174037113
7.798301105232586	9.408022942158257e-8	0.00010822874775946604
7.870457896950985	9.062340556946715e-8	0.00010806427033674805
7.943282347242813	8.729456768463135e-8	0.00010790307034551346
8.01678063387679	8.408892389145234e-8	0.00010774509133059458
8.090958991783822	8.100186466392374e-8	0.00010759027967602311
8.165823713585922	7.802895572370654e-8	0.00010743858482111605
8.241381150130021	7.516593122382409e-8	0.0001072899595373673
8.317637711026709	7.240868720600588e-8	0.00010714436028240392
8.394599865193973	6.975327532021386e-8	0.00010700174765252526
8.472274141405963	6.719589679539267e-8	0.00010686208696256514
8.550667128846833	6.473289665096884e-8	0.00010672534899182717
8.629785477669701	6.236075813908006e-8	0.00010659151094888898
8.709635899560805	6.00760974079541e-8	0.0001064605577280105
8.790225168308842	5.787565837727585e-8	0.000106332483558579
8.871560120379607	5.5756307816770937e-8	0.00010620729419089697
8.953647655495937	5.371503061961698e-8	0.00010608500982367288
9.036494737223014	5.174892526264591e-8	0.0001059656690720767
9.120108393559097	4.9855199445640093e-8	0.0001058493344186634
9.204495717531712	4.803116590234101e-8	0.0001057360998139313
9.289663867799362	4.6274238376085644e-8	0.00010562610145221496
9.375620069258803	4.4581927753253134e-8	0.00010551953333646107
9.462371613657929	4.2951838347943176e-8	0.0001054166702340591
9.549925860214358	4.138166433149643e-8	0.00010531790233840218
9.638290236239705	3.98691863005921e-8	0.00010522378901738517
9.727472237769652	3.841226797765961e-8	0.00010513514473133366
9.817479430199844	3.7008853037136175e-8	0.00010505318126691712
9.908319448927676	3.56569620504809e-8	0.00010497975299290818
10.	3.435468954137837e-8	0.00010491780057387294
10.092528860766844	3.3100201139162715e-8	0.00010487220128629047
10.18591388054117	3.189173081043628e-8	0.0001048515171650306
10.280162981264736	3.072757812838251e-8	0.00010487191933048894
10.375284158180126	2.9606105481505078e-8	0.00010496705756380898
10.471285480508996	2.852573493499508e-8	0.00010521699885674245
10.568175092136585	2.7484943701120487e-8	0.00010585409943388949
10.665961212302578	2.6482252992587217e-8	0.00010781628047289209
10.76465213629835	2.5516162788345813e-8	0.00011873843193908575
10.864256236170656	2.459677357838098e-8	0.03461556040662654
10.964781961431852	2.3689907242302644e-8	0.00011693974174107926
11.066237839776663	2.2826079722813565e-8	0.00010691295950708023
11.168632477805613	2.1993978701356692e-8	0.00010500329103125482
11.271974561755105	2.1192351185638098e-8	0.00010429362307744039
11.37627285823431	2.042005897728247e-8	0.0001039293662974778
11.481536214968829	1.967601748577638e-8	0.0001037005913743182
11.587773561551263	1.8959185569011956e-8	0.0001035358271528878
11.694993910198711	1.8268561873492634e-8	0.00010340543012310566
11.803206356517286	1.7603182669705925e-8	0.00010329534016876037
11.912420080273739	1.6962120175083598e-8	0.00010319820272816624
12.022644346174118	1.6344481087412617e-8	0.00010310987094715789
12.133888504649763	1.574940523478766e-8	0.00010302786263478576
12.246161992650476	1.5176064304752363e-8	0.00010295061729082858
12.359474334445094	1.4623660635552542e-8	0.00010287711242709754
12.47383514242942	1.4091426060591392e-8	0.00010280665373437137
12.589254117941662	1.3578620800791261e-8	0.0001027387546918031
12.705741052085406	1.308453240130491e-8	0.00010267306462599342
12.823305826560205	1.2608474709921047e-8	0.00010260932419133684
12.94195841449985	1.2149786895012122e-8	0.00010254733696856207
13.061708881318404	1.1707832501176002e-8	0.00010248695085529227
13.182567385564061	1.1281998540920381e-8	0.00010242804558060167
13.304544179780901	1.0871694620876566e-8	0.00010237052414943212
13.427649611378628	1.0476352101133835e-8	0.0001023143068673949
13.551894123510351	1.0095423286368032e-8	0.00010225932709473812
13.67728825595848	9.72838064750817e-9	0.00010220552817980827
13.803842646028839	9.37471607274547e-9	0.00010215286123155801
13.931568029453022	9.033940146743782e-9	0.00010210128352423097
14.060475241299129	8.7055814569603e-9	0.00010205075703401054
14.190575216890911	8.389185926031507e-9	0.00010200124766511963
14.321878992735424	8.084316169222985e-9	0.00010195272452596074
14.454397707459265	7.79055087598219e-9	0.00010190515931887882
14.588142602753473	7.507484214672298e-9	0.00010185852590507863
14.723125024327178	7.234725259601849e-9	0.0001018127999595905
14.859356422870059	6.971897439500285e-9	0.00010176795869566683
14.996848355023726	6.718638006622717e-9	0.00010172398064352828
15.135612484362072	6.474597525699513e-9	0.00010168084547154969
15.275660582380716	6.2394393819770215e-9	0.00010163853384072653
15.417004529495584	6.012839307624954e-9	0.00010159702728540008
15.559656316050734	5.794484925814335e-9	0.00010155630811483065
15.703628043335515	5.584075311796899e-9	0.000101516359331431
15.848931924611126	5.381320570342659e-9	0.00010147716456239074
15.995580286146678	5.1859414289173644e-9	0.00010143870800212943
16.143585568264854	4.997668846005397e-9	0.00010140097436355407
16.292960326397214	4.816243634006535e-9	0.00010136394883651435
16.443717232149307	4.641416096157078e-9	0.00010132761705217235
16.595869074375596	4.472945676946957e-9	0.00010129196505225736
16.749428760264365	4.3106006255246585e-9	0.00010125697926237409
16.90440931643263	4.154157671601437e-9	0.00010122264646869177
17.060823890031227	4.003401713384807e-9	0.00010118895379746432
17.21868574986006	3.858125517089536e-9	0.00010115588869693348
17.378008287493746	3.718129427591364e-9	0.00010112343892124585
17.5388050184176	3.583221089805522e-9	0.0001010915925160792
17.701089583174202	3.4532151803878933e-9	0.00010106033780572625
17.864875748520497	3.3279331493720916e-9	0.00010102966338142604
18.03017740859568	3.2072029713703997e-9	0.00010099955809076814
18.197008586099827	3.0908589059806927e-9	0.00010097001102802244
18.365383433483455	2.9787412670550758e-9	0.00010094101152527178
18.535316234148105	2.870696200498999e-9	0.00010091254914424348
18.706821403657997	2.7665754702822556e-9	0.00010088461366875105
18.879913490962927	2.6662362523552662e-9	0.0001008571950976718
19.054607179632463	2.5695409361757065e-9	0.00010083028363839667
19.230917289101576	2.476356933561702e-9	0.00010080386970069772
19.408858775927772	2.386556494598541e-9	0.00010077794389096597
19.58844673505989	2.3000165303361295e-9	0.00010075249700678078
19.7696964011186	2.216618442024435e-9	0.0001007275200317748
19.952623149688787	2.1362479566435694e-9	0.00010070300413076539
20.137242498623873	2.0587949684944483e-9	0.00010067894064512572
20.32357010936221	1.984153386624744e-9	0.00010065532108837387
20.511621788255646	1.912220987873288e-9	0.00010063213714195957
20.701413487910415	1.84289927532429e-9	0.00010060938065123091
20.892961308540386	1.7760933419705777e-9	0.00010058704362156708
21.086281499332888	1.7117117393925804e-9	0.00010056511821466238
21.28139045982711	1.6496663512670416e-9	0.00010054359674495062
21.47830474130533	1.5898722715264412e-9	0.00010052247167615917
21.67704104819694	1.532247686996801e-9	0.00010050173561798313
21.87761623949552	1.476713764348024e-9	0.00010048138132287213
22.080047330188993	1.4231945411970992e-9	0.00010046140168292097
22.28435149270303	1.3716168212104998e-9	0.00010044178972685932
22.490546058357804	1.3219100730578615e-9	0.00010042253861713281
22.698648518838212	1.2740063330745222e-9	0.0001004036416470713
22.908676527677724	1.227840111495836e-9	0.00010038509223813906
23.12064790175594	1.1833483021313325e-9	0.00010036688393726234
23.33458062281002	1.140470095351645e-9	0.00010034901041423081
23.55049283896009	1.0991468942659258e-9	0.0001003314654591686
23.76840286624876	1.0593222339719987e-9	0.00010031424298007237
23.9883291901949	1.0209417037659053e-9	0.00010029733700041262
24.210290467361776	9.839528722016831e-10	0.00010028074165679595
24.434305526939713	9.483052148963196e-10	0.00010026445119668571
24.660393372343385	9.139500449787251e-10	0.00010024845997617823
24.888573182823905	8.808404460852876e-10	0.00010023276245783259
25.118864315095795	8.489312078082495e-10	0.00010021735320855269
25.35128630497907	8.181787635065963e-10	0.00010020222689751804
25.58585886905645	7.885411303925008e-10	0.00010018737829416315
25.82260190634596	7.599778518096092e-10	0.00010017280226620314
26.06153549998895	7.324499416225379e-10	0.00010015849377770355
26.302679918953814	7.059198306399596e-10	0.00010014444788719394
26.54605561975539	6.803513149965255e-10	0.00010013065974582311
26.791683248190314	6.557095064216282e-10	0.00010011712459555488
27.039583641088434	6.319607843257043e-10	0.00010010383776740313
27.289777828080403	6.090727496372996e-10	0.000100090794679705
27.542287033381662	5.870141803266314e-10	0.00010007799083643158
27.797132677592884	5.657549885537333e-10	0.00010006542182553385
28.05433637951713	5.452661793815611e-10	0.00010005308331732407
28.31391995799379	5.255198109966455e-10	0.00010004097106289142
28.575905433749465	5.064889563820005e-10	0.00010002908089255024
28.84031503126606	4.881476663890232e-10	0.00010001740871432081
29.10717118066605	4.704709341571093e-10	0.0001000059505124418
29.376496519615305	4.5343466083157897e-10	0.00009999470234591288
29.648313895243422	4.370156225323407e-10	0.00009998366034706736
29.92264636608189	4.2119143852747797e-10	0.00009997282072017423
30.19951720402016	4.0594054056761927e-10	0.00009996217974006825
30.4789498962798	3.912421433385942e-10	0.00009995173375080776
30.76096814740705	3.770762159914225e-10	0.0000999414791643599
31.045595881283525	3.6342345471022933e-10	0.0000999314124593119
31.332857243155825	3.502652562800716e-10	0.00009992153017960816
31.62277660168376	3.3758369261811906e-10	0.00009991182893331301
31.91537855100758	3.2536148623293834e-10	0.00009990230539139751
32.21068791283432	3.1358198657794485e-10	0.00009989295628655056
32.50872973854341	3.0222914726632393e-10	0.00009988377841201363
32.80952931131187	2.912875041159298e-10	0.0000998747686204385
33.11311214825908	2.80742153993829e-10	0.00009986592382276718
33.41950400261139	2.7057873443126505e-10	0.00009985724098713426
33.72873086588685	2.6078340398089485e-10	0.00009984871713779057
34.040818970100055	2.513428232891876e-10	0.00009984034935404772
34.35579478998743	2.422441368578586e-10	0.0000998321347692437
34.67368504525313	2.33474955469183e-10	0.00009982407056972804
34.994516702835696	2.2502333925095017e-10	0.0000998161539938674
35.318316979195664	2.1687778135770524e-10	0.00009980838233106965
35.64511334262439	2.0902719224579003e-10	0.00009980075292082765
35.9749335155742	2.0146088452051008e-10	0.00009979326315178113
36.3078054770101	1.9416855833455756e-10	0.00009978591046079643
36.64375746478329	1.8714028731757343e-10	0.00009977869233206465
36.98281797802659	1.8036650501748408e-10	0.00009977160629621662
37.32501577957203	1.738379918349406e-10	0.0000997646499294552
37.670379898390856	1.6754586243288634e-10	0.00009975782085270392
38.01893963205609	1.6148155360392548e-10	0.0000997511167307724
38.370724549227845	1.5563681257880822e-10	0.00009974453527153731
38.72576449216169	1.5000368575995195e-10	0.00009973807422513938
39.08408957924017	1.44574507864511e-10	0.00009973173138319536
39.44573020752781	1.3934189146206968e-10	0.00009972550457802541
39.81071705534969	1.3429871689258307e-10	0.00009971939168189509
40.17908108489396	1.2943812255071223e-10	0.00009971339060627131
40.55085354483835	1.247534955232095e-10	0.00009970749930109366
40.92606597300105	1.2023846256649606e-10	0.00009970171575405811
41.304750199016105	1.1588688141204262e-10	0.00009969603798991529
41.68693834703351	1.116928323876195e-10	0.00009969046406978182
42.07266283844437	1.0765061034291464e-10	0.00009968499209046459
42.46195639463126	1.0375471686844284e-10	0.00009967962018379807
42.85485203974392	9.999985279706856e-11	0.00009967434651599382
43.251383103500835	9.638091097785791e-11	0.00009966916928700283
43.65158322401656	9.289296931235125e-11	0.00009966408672988903
44.0554863506553	8.953128404370638e-11	0.00009965909711021588
44.46312674691084	8.629128328951367e-11	0.00009965419872544318
44.87453899331318	8.316856080941835e-11	0.00009964938990433635
45.28975799036204	8.01588699990096e-11	0.0000996446690063862
45.708818961487474	7.72581181017474e-11	0.00009964003442123977
46.13175745603791	7.446236063099705e-11	0.00009963548456814214
46.55860935229586	7.176779599453143e-11	0.00009963101789538821
46.98941086052151	6.917076031414022e-11	0.00009962663287978536
47.42419852602443	6.66677224332521e-11	0.0000996223280261257
47.863009232263806	6.42552791057355e-11	0.00009961810186666877
48.30588020397723	6.193015035929163e-11	0.00009961395296063325
48.7528490103386	5.968917502709462e-11	0.00009960987989369872
49.20395356814506	5.752930644156469e-11	0.00009960588127751673
49.65923214503358	5.5447608284380994e-11	0.00009960195574923081
50.118723362727195	5.3441250587058724e-11	0.00009959810197100543
50.58246620031137	5.150750587661813e-11	0.00009959431862956407
51.0504999975406	4.964374546107607e-11	0.00009959060443573566
51.52286445817562	4.784743584967895e-11	0.00009958695812400965
51.99959965335157	4.6116135302983886e-11	0.00009958337845209914
52.48074602497723	4.444749050807075e-11	0.00009957986420051276
52.966344389165755	4.283923337434153e-11	0.00009957641417213364
53.45643593969714	4.128917794552647e-11	0.0000995730271918069
53.95106225151273	3.979521742367792e-11	0.00009956970210593494
54.450265284242086	3.83553213010855e-11	0.00009956643778207951
54.95408738576243	3.6967532596193295e-11	0.00009956323310857207
55.462571295791044	3.562996518974433e-11	0.00009956008699413064
55.97576014951099	3.434080125751238e-11	0.00009955699836748452
56.49369748123023	3.309828879611631e-11	0.0000995539661770054
57.01642722807472	3.1900739238536847e-11	0.0000995509893903454
57.543993733715666	3.074652515608051e-11	0.0000995480669940825
58.07644175213118	2.9634078043653494e-11	0.00009954519799337142
58.61381645140285	2.856188618532114e-11	0.00009954238141160199
59.15616341754737	2.752849259724019e-11	0.00009953961629006343
59.70352865838366	2.6532493045155763e-11	0.00009953690168761499
60.255958607435744	2.5572534133757707e-11	0.00009953423668036236
60.81350012787176	2.4647311465288534e-11	0.00009953162036134059
61.37620051647939	2.3755567864891134e-11	0.00009952905184020283
61.94410750767812	2.289609167027424e-11	0.0000995265302429141
62.51726927756855	2.2067715083362833e-11	0.00009952405471145183
63.0957344480193	2.1269312581684766e-11	0.00009952162440351129
63.67955209079155	2.0499799387326893e-11	0.00009951923849221646
64.26877173170195	1.9758129991372346e-11	0.00009951689616583668
64.86344335482381	1.9043296731806962e-11	0.00009951459662750792
65.46361740672747	1.835432842295524e-11	0.00009951233909495988
66.06934480075958	1.7690289034577472e-11	0.00009951012280024765
66.68067692136219	1.7050276418826928e-11	0.00009950794698948853
67.29766562843174	1.6433421083331308e-11	0.00009950581092260384
67.92036326171844	1.5838885008726358e-11	0.00009950371387306507
68.54882264526613	1.5265860509029692e-11	0.00009950165512764531
69.18309709189363	1.4713569133301192e-11	0.00009949963398617484
69.82324040771711	1.4181260607093811e-11	0.00009949764976130128
70.46930689671467	1.366821181225127e-11	0.00009949570177825448
71.12135136533288	1.3173725803663341e-11	0.00009949378937461525
71.77942912713615	1.2697130861638218e-11	0.00009949191190008897
72.44359600749898	1.2237779578601389e-11	0.0000994900687162828
73.11390834834172	1.1795047978876285e-11	0.00009948825919648736
73.79042301291008	1.1368334670347949e-11	0.00009948648272546233
74.47319739059888	1.0957060026853785e-11	0.0000994847386992261
75.16228940182053	1.0560665400187893e-11	0.00009948302652484883
75.85775750291836	1.0178612360645633e-11	0.00009948134562025029
76.55966069112561	9.810381965074023e-12	0.00009947969541400034
77.26805850957021	9.455474051431223e-12	0.00009947807534512387
77.98301105232578	9.113406558894394e-12	0.00009947648486290895
78.70457896950977	8.783714872589945e-12	0.00009947492342671872
79.43282347242805	8.465951192054413e-12	0.00009947339050580639
80.16780633876782	8.159683922565446e-12	0.00009947188557913433
80.90958991783813	7.864497088514609e-12	0.00009947040813519561
81.65823713585914	7.579989768023282e-12	0.00009946895767183965
82.41381150130013	7.30577554803193e-12	0.0000994675336961005
83.176377110267	7.041481999120976e-12	0.0000994661357240285
83.94599865193965	6.786750169348395e-12	0.00009946476328052515
84.72274141405954	6.541234096415143e-12	0.00009946341589918088
85.50667128846823	6.304600337494302e-12	0.00009946209312211575
86.29785477669694	6.0765275160841945e-12	0.0000994607944998232
87.09635899560796	5.856705885268687e-12	0.00009945951959101659
87.90225168308834	5.6448369067902415e-12	0.00009945826796247871
88.71560120379598	5.440632845363172e-12	0.0000994570391889138
89.53647655495928	5.243816377674755e-12	0.0000994558328528026
90.36494737223005	5.0541202155424e-12	0.0000994546485442598
91.20108393559087	4.871286742714042e-12	0.00009945348586089423
92.04495717531702	4.695067664817565e-12	0.00009945234440767168
92.89663867799354	4.525223671983096e-12	0.00009945122379678004
93.75620069258792	4.36152411367913e-12	0.00009945012364749722
94.6237161365792	4.203746685320105e-12	0.00009944904358606111
95.4992586021435	4.05167712621916e-12	0.00009944798324554242
96.38290236239695	3.905108928475177e-12	0.00009944694226571915
97.2747223776964	3.763843056398117e-12	0.00009944592029295434
98.17479430199833	3.6276876760910235e-12	0.00009944491698007505
99.08319448927665	3.496457894820871e-12	0.0000994439319862542
99.9999999999999	3.369975509823819e-12	0.00009944296497689458