0.01000000000000001	1.00765112583	-0.03359832002261369
0.010092528860766855	1.00779424657	-0.03425048118569895
0.01018591388054118	1.00794006158	-0.034915573510693305
0.010280162981264745	1.00808862224	-0.03559386143305543
0.010375284158180138	1.00823998092	-0.03628561503061739
0.010471285480509006	1.00839419101	-0.03699111016475697
0.010568175092136596	1.00855130697	-0.0377106286403193
0.01066596121230259	1.0087113843	-0.038444458230314095
0.010764652136298361	1.00887447959	-0.039192892933645924
0.010864256236170667	1.00904065057	-0.03995623307918924
0.010964781961431863	1.00920995607	-0.0407347854370743
0.011066237839776675	1.0093824561	-0.04152886338781469
0.011168632477805623	1.00955821185	-0.0423387871076596
0.011271974561755117	1.00973728569	-0.04316488364945983
0.011376272858234322	1.00991974126	-0.04400748716636709
0.01148153621496884	1.01010564344	-0.04486693908219748
0.011587773561551273	1.01029505838	-0.04574358818012499
0.011694993910198723	1.01048805356	-0.04663779084752686
0.01180320635651731	1.01068469779	-0.04754991125450424
0.011912420080273762	1.01088506126	-0.04848032150413521
0.012022644346174144	1.01108921552	-0.049429401745826274
0.012133888504649786	1.01129723357	-0.05039754053183349
0.012246161992650502	1.01150918986	-0.05138513492184034
0.01235947433444512	1.01172516033	-0.05239259060254548
0.012473835142429446	1.01194522241	-0.053420322252418155
0.012589254117941687	1.01216945513	-0.054468753638949624
0.012705741052085433	1.01239793904	-0.0555383178583095
0.012823305826560232	1.01263075635	-0.05662945757179758
0.01294195841449987	1.01286799089	-0.05774262521621159
0.013061708881318424	1.01310972821	-0.05887828328637462
0.013182567385564082	1.01335605555	-0.06003690448059485
0.01330454417978092	1.01360706192	-0.061218972003196516
0.013427649611378649	1.01386283813	-0.062424979823654754
0.01355189412351037	1.01412347681	-0.06365543290416535
0.013677288255958502	1.0143890725	-0.06491084749949368
0.013803842646028859	1.01465972162	-0.06619175138163709
0.013931568029453043	1.01493552257	-0.06749868416823107
0.01406047524129915	1.01521657573	-0.06883219753133141
0.014190575216890933	1.01550298355	-0.07019285561890927
0.014321878992735446	1.01579485056	-0.0715812352278349
0.014454397707459288	1.01609228341	-0.07299792616261998
0.014588142602753497	1.01639539097	-0.07444353156501299
0.014723125024327202	1.0167042843	-0.07591866825460963
0.014859356422870082	1.01701907677	-0.07742396700791812
0.014996848355023748	1.01733988408	-0.07896007293587634
0.015135612484362095	1.0176668243	-0.08052764584078799
0.015275660582380739	1.01800001795	-0.08212736057660831
0.015417004529495607	1.01833958803	-0.08375990739731096
0.015559656316050758	1.01868566011	-0.08542599238171696
0.01570362804333554	1.01903836236	-0.08712633781661813
0.015848931924611148	1.01939782559	-0.08886168253869907
0.015995580286146702	1.01976418339	-0.09063278246468273
0.016143585568264878	1.02013757209	-0.09244041090279913
0.016292960326397238	1.0205181309	-0.09428535906240111
0.01644371723214933	1.02090600194	-0.09616843650340406
0.016595869074375623	1.02130133032	-0.09809047154938863
0.01674942876026439	1.0217042642	-0.10005231181304794
0.016904409316432657	1.02211495488	-0.10205482467913427
0.017060823890031253	1.02253355683	-0.1040988977955801
0.017218685749860088	1.02296022784	-0.10618543959416066
0.017378008287493772	1.02339512901	-0.10831537982410436
0.01753880501841763	1.0238384249	-0.11048967012352946
0.017701089583174227	1.02429028356	-0.11270928454441492
0.017864875748520526	1.02475087665	-0.11497522016911968
0.018030177408595707	1.02522037949	-0.11728849764083883
0.018197008586099853	1.02569897121	-0.11965016193009578
0.018365383433483484	1.02618683475	-0.12206128277402684
0.018535316234148135	1.02668415704	-0.12452295544271129
0.018706821403658026	1.02719112903	-0.1270363014405442
0.018879913490962956	1.02770794585	-0.12960246910412074
0.019054607179632494	1.02823480683	-0.13222263431440515
0.019230917289101594	1.0287719157	-0.13489800135044427
0.019408858775927792	1.02931948061	-0.13762980349590395
0.01958844673505991	1.0298777143	-0.14041930392403393
0.01976969640111862	1.03044683419	-0.14326779641140125
0.01995262314968881	1.03102706249	-0.1461766062569657
0.020137242498623895	1.03161862633	-0.14914709103058
0.02032357010936223	1.03222175789	-0.15218064153307884
0.020511621788255666	1.0328366945	-0.1552786826251722
0.020701413487910436	1.03346367881	-0.15844267422047392
0.02089296130854041	1.03410295889	-0.16167411224259307
0.021086281499332907	1.03475478838	-0.16497452949155522
0.021281390459827135	1.03541942665	-0.16834549690949346
0.021478304741305354	1.03609713892	-0.17178862429943428
0.02167704104819696	1.03678819643	-0.1753055617518097
0.02187761623949554	1.03749287659	-0.17889800050175295
0.022080047330189013	1.03821146314	-0.18256767422893483
0.022284351492703053	1.03894424632	-0.18631636016861192
0.022490546058357826	1.03969152305	-0.19014588039879554
0.022698648518838235	1.04045359708	-0.19405810307412497
0.022908676527677748	1.04123077919	-0.19805494370141702
0.023120647901755963	1.04202338739	-0.2021383665837352
0.023334580622810044	1.04283174709	-0.2063103861441474
0.023550492838960112	1.04365619131	-0.2105730683645145
0.023768402866248785	1.0444970609	-0.2149285322844124
0.023988329190194925	1.04535470473	-0.21937895161946067
0.0242102904673618	1.04622947993	-0.2239265561812994
0.02443430552693974	1.0471217521	-0.2285736336705324
0.024660393372343412	1.04803189556	-0.23332253129482824
0.02488857318282393	1.0489602936	-0.23817565756921996
0.025118864315095822	1.04990733868	-0.243135484035005
0.025351286304979098	1.05087343278	-0.24820454732473995
0.02558585886905648	1.05185898757	-0.2533854508746341
0.025822601906345985	1.05286442477	-0.25868086706320054
0.026061535499988978	1.05389017638	-0.26409353927737556
0.026302679918953843	1.05493668499	-0.26962628401301775
0.026546055619755416	1.05600440411	-0.27528199316626906
0.026791683248190343	1.05709379848	-0.28106363625666514
0.027039583641088463	1.05820534436	-0.2869742628447371
0.027289777828080432	1.05933952992	-0.29301700503124034
0.02754228703338169	1.06049685557	-0.29919507993592936
0.02779713267759291	1.06167783433	-0.30551179241374005
0.02805433637951716	1.0628829922	-0.3119705377736635
0.028313919957993816	1.06411286856	-0.31857480459393156
0.028575905433749497	1.06536801656	-0.3253281776809291
0.028840315031266085	1.0666490036	-0.33223434117879996
0.02910717118066608	1.06795641166	-0.33929708166355677
0.029376496519615335	1.06929083784	-0.34652029140784885
0.029648313895243455	1.07065289481	-0.3539079718885636
0.02992264636608192	1.07204321128	-0.3614642372365479
0.030199517204020192	1.07346243251	-0.36919331794139515
0.03047894989627986	1.07491122083	-0.3770995646424876
0.03076096814740711	1.07639025622	-0.3851874520844679
0.031045595881283587	1.07790023683	-0.39346158323811964
0.03133285724315589	1.07944187958	-0.40192669356424066
0.031622776601683826	1.08101592079	-0.4105876554384025
0.03191537855100765	1.08262311679	-0.41944948272258314
0.03221068791283438	1.0842642446	-0.4285173356444674
0.03250872973854347	1.08594010259	-0.43779652569134786
0.03280952931131194	1.08765151122	-0.44729252080861664
0.03311311214825914	1.08939931378	-0.4570109507870743
0.03341950400261146	1.09118437714	-0.4669576129177979
0.03372873086588692	1.09300759255	-0.4771384777110986
0.034040818970100126	1.09486987654	-0.4875596950872675
0.0343557947899875	1.0967721717	-0.4982276006538117
0.0346736850452532	1.09871544766	-0.5091487222768982
0.034994516702835765	1.10070070201	-0.5203297869452365
0.035318316979195734	1.10272896128	-0.5317777279740326
0.03564511334262446	1.10480128198	-0.5434996924109049
0.03597493351557427	1.10691875166	-0.5555030488048144
0.03630780547701017	1.10908249005	-0.5677953953695954
0.03664375746478335	1.11129365023	-0.5803845684233326
0.03698281797802665	1.11355341981	-0.5932786511802723
0.037325015779572084	1.11586302225	-0.6064859830899718
0.037670379898390914	1.11822371817	-0.6200151692949659
0.038018939632056145	1.12063680676	-0.63387509091186
0.0383707245492279	1.12310362718	-0.6480749153019084
0.038725764492161745	1.12562556016	-0.6626241073270333
0.03908408957924023	1.12820402952	-0.677532440622687
0.03944573020752787	1.13084050387	-0.6928100097083197
0.039810717055349755	1.13353649838	-0.7084672427312073
0.04017908108489402	1.13629357652	-0.7245149142834324
0.040550853544838415	1.13911335205	-0.7409641595567472
0.040926065973001115	1.14199749099	-0.7578264886062489
0.041304750199016166	1.14494771372	-0.7751138015540899
0.04168693834703357	1.14796579717	-0.7928384043975422
0.04207266283844444	1.15105357717	-0.8110130257531
0.04246195639463132	1.15421295081	-0.8296508342532132
0.042854852039743985	1.15744587906	-0.8487654569531151
0.04325138310350091	1.16075438936	-0.8683709984624151
0.04365158322401663	1.16414057849	-0.8884820612543387
0.044055486350655364	1.1676066155	-0.9091137669690702
0.04446312674691091	1.1711547448	-0.9302817785713919
0.04487453899331325	1.17478728942	-0.9520023238786565
0.04528975799036211	1.1785066545	-0.9742922204831511
0.04570881896148754	1.18231533082	-0.9971689014641908
0.04613175745603798	1.18621589867	-1.0206504429622043
0.04655860935229591	1.19021103185	-1.0447555929387786
0.04698941086052156	1.19430350189	-1.0695038016815592
0.04742419852602448	1.19849618253	-1.0949152537957847
0.04786300923226385	1.20279205441	-1.1210109020396082
0.04830588020397728	1.20719421005	-1.1478125031343531
0.048752849010338654	1.21170585913	-1.1753426553441024
0.04920395356814511	1.21633033397	-1.203624838387419
0.04965923214503363	1.22107109549	-1.2326834556079516
0.05011872336272725	1.22593173933	-1.2625438784310643
0.05058246620031143	1.23091600248	-1.2932324936045212
0.051050499997540646	1.23602777021	-1.3247767530621626
0.05152286445817567	1.24127108345	-1.3572052268325934
0.05199959965335162	1.24665014659	-1.3905476590771015
0.052480746024977286	1.25216933577	-1.4248350276012756
0.05296634438916581	1.25783320771	-1.460099606939902
0.05345643593969719	1.263646509	-1.4963750353456633
0.05395106225151279	1.26961418605	-1.5336963859160138
0.05445026528424215	1.27574139562	-1.5721002424822186
0.05495408738576248	1.28203351608	-1.6116247799133174
0.0554625712957911	1.28849615932	-1.6523098500328328
0.05597576014951104	1.29513518347	-1.6941970727578355
0.05649369748123028	1.30195670649	-1.7373299336015793
0.05701642722807478	1.30896712062	-1.7817538874405972
0.05754399373371572	1.3161731078	-1.8275164694173702
0.05807644175213124	1.32358165618	-1.874667413224303
0.05861381645140291	1.33120007771	-1.9232587778091736
0.059156163417547425	1.33903602697	-1.9733450827471157
0.05970352865838372	1.3470975214	-2.02498345331003
0.06025595860743581	1.35539296278	-2.078233775642391
0.060813500127871824	1.36393116049	-2.1331588634564564
0.061376200516479455	1.37272135626	-2.189824636927682
0.06194410750767818	1.38177325085	-2.2483003145574636
0.06251726927756862	1.39109703268	-2.3086586196097536
0.06309573444801936	1.40070340865	-2.3709760025419264
0.06367955209079162	1.41060363719	-2.4353328798447844
0.064268771731702	1.42080956404	-2.50181389220325
0.06486344335482389	1.43133366069	-2.570508182623848
0.06546361740672754	1.44218906586	-2.6415096969006244
0.06606934480075964	1.45338963042	-2.7149175086099215
0.06668067692136226	1.46494996576	-2.790836170532641
0.06729766562843181	1.47688549628	-2.8693760954306864
0.0679203632617185	1.48921251624	-2.9506539692288416
0.0685488226452662	1.50194825126	-3.0347931991296675
0.0691830970918937	1.51511092524	-3.1219244009269222
0.06982324040771719	1.52871983294	-3.212185929209871
0.07046930689671474	1.542795419	-3.305724454798283
0.07112135136533296	1.55735936391	-3.402695594697589
0.07177942912713622	1.57243467783	-3.503264599913322
0.07244359600749906	1.58804580284	-3.6076071074188807
0.0731139083483418	1.60421872483	-3.715909963800111
0.07379042301291015	1.62098109568	-3.828372127577192
0.07447319739059896	1.63836236735	-3.9452056604640315
0.07516228940182061	1.65639393872	-4.066636816685693
0.07585775750291844	1.67510931696	-4.192907242376928
0.07655966069112569	1.69454429492	-4.324275298226177
0.07726805850957029	1.71473714649	-4.461017519707167
0.07798301105232594	1.73572884197	-4.603430232853179
0.07870457896950993	1.75756328594	-4.751831343622294
0.07943282347242822	1.78028758022	-4.906562324153626
0.08016780633876798	1.80395231518	-5.067990420662854
0.0809095899178383	1.82861189278	-5.236511112301665
0.0816582371358593	1.85432488545	-5.412550854548173
0.0824138115013003	1.88115443543	-5.5965701458494115
0.08317637711026717	1.90916869973	-5.789066962266211
0.08394599865193982	1.93844134688	-5.990580612041602
0.08472274141405972	1.96905211238	-6.201696070729423
0.08550667128846841	2.00108742082	-6.423048866692868
0.0862978547766971	2.03464108373	-6.655330599115969
0.08709635899560814	2.06981508417	-6.899295185471059
0.08790225168308852	2.10672045975	-7.155765949818139
0.08871560120379617	2.14547829877	-7.425643686542299
0.08953647655495947	2.18622086541	-7.709915854567308
0.09036494737223023	2.22909287332	-8.009667089717036
0.09120108393559107	2.27425292922	-8.326091253233871
0.09204495717531722	2.32187517209	-8.660505281117453
0.09289663867799372	2.37215113721	-9.01436514570811
0.09375620069258811	2.42529187909	-9.38928430568714
0.09462371613657934	2.48153039204	-9.787055093447414
0.09549925860214364	2.54112437324	-10.209673582526344
0.0963829023623971	2.60435937937	-10.659368588858014
0.09727472237769656	2.6715524338	-11.138635595772215
0.09817479430199849	2.74305614899	-11.650276563201055
0.09908319448927681	2.81926343345	-12.197446785014645
0.10000000000000005	2.90061285741	-12.783710209768913
0.10092528860766849	2.98759475172	-13.413104951162305
0.10185913880541175	3.08075810789	-14.09022108269471
0.1028016298126474	3.1807183293	-14.820293264493058
0.10375284158180131	3.28816584596	-15.60931128524874
0.10471285480509002	3.40387553536	-16.464152228951807
0.1056817509213659	3.52871676869	-17.3927386802836
0.10665961212302584	3.66366369685	-18.40422814864929
0.10764652136298355	3.80980504957	-19.509239610756296
0.10864256236170661	3.9683521724	-20.720123614439018
0.10964781961431856	4.14064314897	-22.051282409443157
0.1106623783977667	4.32813947267	-23.519545493490984
0.11168632477805618	4.5324095817	-25.144602732719047
0.1127197456175511	4.75509028739	-26.94949000919365
0.11376272858234315	4.99781223012	-28.96110806385479
0.11481536214968835	5.26206848531	-31.210728865667893
0.11587773561551268	5.54899602771	-33.73439775174063
0.11694993910198717	5.8590286009	-36.57306306773118
0.11803206356517304	6.19136982043	-39.77214590497118
0.11912420080273756	6.54323585486	-43.38009381748496
0.12022644346174137	6.90884688136	-47.44526126896817
0.1213388850464978	7.27823889355	-52.01030660271782
0.12246161992650495	7.63616253184	-57.10339435757231
0.12359474334445113	7.96164026209	-62.72620437866415
0.12473835142429439	8.22904661089	-68.84045777512732
0.1258925411794168	8.41151258025	-75.35725550798958
0.12705741052085426	8.48658877922	-82.13556863678123
0.12823305826560225	8.44247640931	-88.99503538215328
0.1294195841449987	8.28189859239	-95.7422625700386
0.13061708881318423	8.02139406275	-102.20206248875218
0.1318256738556408	7.68640535974	-108.24185777198001
0.13304544179780922	7.30481540462	-113.78186805365013
0.13427649611378642	6.90172162507	-118.79157487349167
0.13551894123510363	6.49670887857	-123.27816118411162
0.13677288255958495	6.10334653496	-127.27306339806896
0.13803842646028852	5.72998747864	-130.82046733161562
0.13931568029453034	5.38103085092	-133.96908795095587
0.14060475241299142	5.05814936048	-136.76705008431347
0.14190575216890927	4.76127679479	-139.25911026534052
0.1432187899273544	4.48932286126	-141.48542543618953
0.1445439770745928	4.24065560402	-143.48124571699296
0.1458814260275349	4.01340987142	-145.2771072943643
0.14723125024327194	3.80567498046	-146.8992618996646
0.14859356422870074	3.61560252813	-148.3701903976841
0.1499684835502374	3.44146334201	-149.70911844834168
0.15135612484362088	3.28167308246	-150.9324942274286
0.15275660582380732	3.13479919111	-152.05441201125092
0.154170045294956	2.99955723817	-153.08697820788416
0.1555965631605075	2.87480166519	-154.04062276615602
0.1570362804333553	2.75951395361	-154.9243616563308
0.15848931924611143	2.65279000616	-155.7460169399949
0.15995580286146696	2.55382775277	-156.512400807553
0.1614358556826487	2.4619155176	-157.22946937312324
0.16292960326397232	2.37642139689	-157.90245127270487
0.16443717232149324	2.29678372877	-158.5359553620642
0.16595869074375613	2.22250264085	-159.13406111173498
0.16749428760264382	2.15313261072	-159.7003946903058
0.1690440931643265	2.08827595075	-160.23819320256402
0.17060823890031243	2.02757712032	-160.75035911851634
0.1721868574986008	1.97071777019	-161.23950656387908
0.17378008287493762	1.9174124288	-161.70800084965788
0.17538805018417622	1.86740474889	-162.15799237537573
0.1770108958317422	1.82046424145	-162.59144584139776
0.17864875748520517	1.77638343253	-163.01016554674706
0.180301774085957	1.73497538703	-163.4158174165002
0.18197008586099844	1.69607155092	-163.80994829603003
0.18365383433483473	1.65951986979	-164.1940029632316
0.18535316234148125	1.62518314803	-164.56933923928497
0.18706821403658017	1.59293761757	-164.93724151872917
0.18879913490962946	1.56267168987	-165.29893299847504
0.19054607179632482	1.53428486859	-165.65558684138287
0.19230917289101596	1.50768680389	-166.00833648569662
0.19408858775927793	1.48279647181	-166.35828528415627
0.19588446735059908	1.45954146524	-166.70651564145408
0.1976969640111862	1.43785738471	-167.05409780267615
0.19952623149688808	1.41768731925	-167.40209843784908
0.20137242498623895	1.39898140954	-167.751589162208
0.2032357010936223	1.38169648671	-168.10365512886617
0.20511621788255668	1.36579578165	-168.4594038344899
0.20701413487910436	1.35124870102	-168.81997428275042
0.2089296130854041	1.33803066725	-169.18654666018895
0.2108628149933291	1.32612302081	-169.5603526936217
0.21281390459827135	1.31551298431	-169.94268687607257
0.21478304741305343	1.30619368888	-170.33491877316726
0.21677041048196952	1.29816426445	-170.73850665181777
0.2187761623949553	1.29142999656	-171.15501271206776
0.22080047330189004	1.28600255349	-171.5861202511164
0.22284351492703042	1.28190028863	-172.0336531456112
0.22490546058357816	1.27914862446	-172.49959811442324
0.22698648518838224	1.27778052527	-172.98613030996583
0.22908676527677735	1.27783706751	-173.49564289987282
0.23120647901755953	1.27936811762	-174.0307814353946
0.23334580622810033	1.28243312797	-174.59448397043045
0.23550492838960102	1.28710206251	-175.19002810266173
0.23768402866248772	1.29345646318	-175.82108636112935
0.2398832919019491	1.30159066694	-176.49179167852708
0.2421029046736179	1.31161317933	-177.20681506616015
0.24434305526939726	1.3236482036	-177.97145807590442
0.246603933723434	1.33783731132	-178.79176319137042
0.24888573182823917	1.35434121851	-179.67464595438886
0.25118864315095807	1.37334159507	179.37194660347794
0.2535128630497908	1.39504277647	178.33884580497505
0.25585858869056466	1.41967315289	177.21543316312344
0.2582260190634597	1.44748586295	175.98936717596948
0.26061535499988964	1.47875818674	174.64625770342457
0.2630267991895383	1.51378867375	173.16928114258155
0.26546055619755404	1.55289048953	171.53873213018855
0.2679168324819033	1.59637863443	169.73151367776984
0.2703958364108845	1.64454746518	167.720580483464
0.2728977782808042	1.69763322263	165.4743746560605
0.27542287033381674	1.75575398866	162.95633711487784
0.277971326775929	1.81881686761	160.12465298295805
0.2805433637951715	1.88638007836	156.93250966718475
0.28313919957993805	1.95745837585	153.32932344445257
0.2857590543374948	2.03026878024	149.2636152402237
0.2884031503126607	2.10193863312	144.68841908886407
0.29107171180666064	2.16825000389	139.5700889116255
0.2937649651961532	2.22357504881	133.90074421318502
0.2964831389524344	2.26123313194	127.71288751739178
0.29922646366081906	2.27447708281	121.09189466273541
0.30199517204020176	2.25806812254	114.17947258252676
0.30478949896279844	2.20994027357	107.16180859625459
0.307609681474071	2.13211955661	100.24226165931026
0.3104559588128357	2.0303046779	93.60737783505262
0.3133285724315587	1.91229581429	87.39943573132679
0.3162277660168381	1.78610186458	81.70439742434966
0.31915378551007634	1.65852989551	76.55521568168447
0.3221068791283436	1.53455971732	71.94426059264158
0.32508729738543457	1.41735461004	67.83794203846769
0.3280952931131192	1.30860259125	64.18919261475378
0.3311311214825913	1.20894042625	60.94631616951387
0.33419504002611444	1.11832844352	58.05842957039802
0.3372873086588691	1.0363328703	55.4783604245389
0.34040818970100106	0.962318542245	53.16388584178535
0.34355794789987465	0.89557124698	51.077995621290256
0.34673685045253166	0.835370517331	49.18863805223877
0.3499451670283573	0.781029835356	47.46822869573123
0.353183169791957	0.731916447869	45.893081515392275
0.3564511334262443	0.687458973199	44.44284620694508
0.35974933515574237	0.647148038051	43.09999124357617
0.3630780547701014	0.610533187459	41.84934746750081
0.36643757464783333	0.577218016088	40.67771409248186
0.3698281797802663	0.546854654385	39.57352272174222
0.3732501577957206	0.51913824213	38.52655241031505
0.37670379898390893	0.493801720128	37.52768815270992
0.38018939632056126	0.470611093038	36.56871546881599
0.38370724549227886	0.449361214515	35.6421444495086
0.3872576449216173	0.429872089901	34.74105742152304
0.3908408957924021	0.411985663033	33.85897515814514
0.39445730207527846	0.395563040948	32.98973722842976
0.3981071705534973	0.380482106445	32.127392621353955
0.40179081084894	0.36663546942	31.26609719431167
0.40550853544838394	0.353928711255	30.40001478293203
0.40926065973001097	0.342278880662	29.523218975960503
0.41304750199016144	0.331613203623	28.629592611618992
0.41686938347033553	0.321867973645	27.71272199495882
0.4207266283844442	0.312987591294	26.7657826729138
0.424619563946313	0.30492372344	25.781413340966406
0.4285485203974396	0.297634552525	24.751574101812707
0.43251383103500884	0.291084083926	23.667384873951708
0.4365158322401661	0.285241474517	22.518939300893738
0.44055486350655343	0.280080336686	21.29508912666339
0.4446312674691088	0.275577958026	19.98319384475885
0.4487453899331323	0.271714355561	18.568830791987008
0.4528975799036209	0.268471052048	17.035462269512532
0.4570881896148752	0.265829417325	15.364059630454856
0.46131757456037953	0.2637683563	13.53269108430033
0.4655860935229591	0.262261045053	11.516092690231849
0.4698941086052156	0.261270320484	9.285264487197352
0.4742419852602448	0.260742233431	6.807171604907007
0.47863009232263853	0.260597226058	4.044691037009312
0.48305880203977286	0.26071849585	0.9570364921402083
0.4875284901033865	0.260937565054	-2.498980423284984
0.4920395356814511	0.261018226448	-6.366349166836001
0.49659232145033627	0.260642320005	-10.683309710372592
0.5011872336272725	0.259404449213	-15.47631585497546
0.5058246620031143	0.256827012042	-20.750470311064717
0.5105049999754064	0.252408761899	-26.478568331053356
0.5152286445817567	0.245713743977	-32.591721341747075
0.5199959965335162	0.23648792287	-38.97619416517196
0.5248074602497729	0.224763351258	-45.480832170613795
0.5296634438916581	0.210895904594	-51.93586196954209
0.5345643593969719	0.195505357964	-58.178109749565465
0.5395106225151278	0.179338662317	-64.0738831835414
0.5445026528424215	0.16311755387	-69.5321850846765
0.5495408738576248	0.147428335189	-74.50630300084079
0.5546257129579107	0.132676176125	-78.98682770171183
0.5597576014951101	0.119092409437	-82.9909702857807
0.5649369748123025	0.106769926845	-86.55207322722876
0.5701642722807475	0.0957053676495	-89.71129085046798
0.5754399373371569	0.0858361477117	-92.51187529810679
0.580764417521312	0.0770681999727	-94.99570158038269
0.5861381645140288	0.0692946640037	-97.20142245820038
0.591561634175474	0.06240743055	-99.16368669085271
0.5970352865838369	0.0563036572481	-100.91299180448607
0.6025595860743578	0.0508890069413	-102.47588159924793
0.6081350012787179	0.0460788777339	-103.87530722169822
0.6137620051647943	0.0417984753745	-105.13104561699365
0.6194410750767815	0.0379822681414	-106.26011720432918
0.6251726927756859	0.0345731526094	-107.27717375781324
0.6309573444801934	0.0315215215395	-108.19484434218907
0.6367955209079159	0.0287843395976	-109.02403643556991
0.6426877173170197	0.0263242808912	-109.77419414167665
0.6486344335482385	0.0241089519924	-110.4535175714665
0.654636174067275	0.0221102069842	-111.06914821772682
0.6606934480075961	0.0203035518891	-111.62732513805521
0.6668067692136223	0.0186676313492	-112.13351639170982
0.6729766562843179	0.0171837886194	-112.59252966116644
0.6792036326171846	0.0158356896247	-113.00860544526199
0.6854882264526617	0.0146090022829	-113.38549569527655
0.6918309709189366	0.0134911231127	-113.72653030336778
0.6982324040771715	0.0124709440872	-114.03467345229339
0.704693068967147	0.0115386536334	-114.3125714950866
0.7112135136533292	0.0106855665538	-114.56259374800564
0.7177942912713619	0.00990397843236	-114.78686734277814
0.7244359600749902	0.00918704076945	-114.98730708781106
0.7311390834834176	0.00852865368185	-115.16564112609335
0.7379042301291011	0.00792337350325	-115.32343304414738
0.7447319739059892	0.00736633304401	-115.46210097657617
0.7516228940182057	0.00685317262457	-115.58293416033567
0.758577575029184	0.00637998029503	-115.6871073183199
0.7655966069112565	0.00594323990323	-115.77569319030096
0.7726805850957026	0.00553978588191	-115.84967347837926
0.7798301105232589	0.00516676380084	-115.90994843192895
0.7870457896950989	0.00482159587555	-115.95734526199801
0.7943282347242817	0.00450195074703	-115.99262554597206
0.8016780633876793	0.00420571694953	-116.01649175899053
0.8090958991783825	0.00393097956993	-116.02959304825708
0.8165823713585927	0.00367599967479	-116.03253034932888
0.8241381150130025	0.0034391961427	-116.02586092912954
0.8317637711026713	0.00321912959093	-116.01010242834742
0.8394599865193977	0.00301448812968	-115.98573646567277
0.8472274141405968	0.00282407471402	-115.95321185768024
0.8550667128846836	0.00264679589533	-115.91294750082646
0.8629785477669706	0.00248165180097	-115.86533495578482
0.870963589956081	0.00232772719388	-115.81074076901082
0.8790225168308847	0.00218418348323	-115.74950856187884
0.8871560120379608	0.00205025157446	-115.68196091382333
0.8953647655495938	0.00192522546087	-115.60840106256805
0.9036494737223014	0.00180845647209	-115.52911444163684
0.9120108393559097	0.00169934810467	-115.44437007285273
0.9204495717531712	0.00159735136992	-115.3544218293779
0.9289663867799363	0.00150196060177	-115.25950958298036
0.9375620069258802	0.00141270967432	-115.15986024760015
0.946237161365793	0.00132916858506	-115.05568872987264
0.9549925860214359	0.00125094036462	-114.94719879604563
0.9638290236239705	0.00117765827868	-114.83458386365274
0.9727472237769651	0.00110898329164	-114.7180277253687
0.9817479430199844	0.00104460176498	-114.59770521165228
0.9908319448927676	0.000984223366513	-114.47378279806084
1.	0.00092757916916	-114.34641916248638
1.0092528860766845	0.000874419920403	-114.2157656970061
1.0185913880541169	0.000824514465575	-114.08196697854555
1.0280162981264735	0.000777648309955	-113.94516120211932
1.0375284158180127	0.000733622306243	-113.80548058002731
1.0471285480508996	0.000692251455431	-113.66305171004363
1.0568175092136585	0.00065336381033	-113.51799591533162
1.066596121230258	0.000616799472106	-113.3704295585491
1.076465213629835	0.000582409671203	-113.2204643323668
1.0864256236170655	0.000550055924875	-113.06820752841027
1.096478196143185	0.00051960926435	-112.91376228644255
1.1066237839776665	0.000490949525328	-112.75722782543514
1.1168632477805611	0.000463964696149	-112.59869965802119
1.1271974561755105	0.000438550318522	-112.43826978968703
1.137627285823431	0.000414608936171	-112.27602690393587
1.1481536214968828	0.000392049587247	-112.11205653454566
1.1587773561551262	0.000370787336701	-111.946441225944
1.1694993910198712	0.00035074284521	-111.77926068263275
1.1803206356517297	0.000331841971533	-111.6105919085141
1.1912420080273751	0.000314015405492	-111.44050933689651
1.2022644346174132	0.000297198329008	-111.26908495189275
1.2133888504649775	0.000281330102865	-111.09638840186193
1.2246161992650488	0.000266353977088	-110.92248710549373
1.2359474334445106	0.000252216823	-110.74744635108317
1.2473835142429432	0.000238868885203	-110.57132938949948
1.2589254117941675	0.000226263551879	-110.39419752131218
1.270574105208542	0.000214357141945	-110.21611017850019
1.2823305826560218	0.000203108707732	-110.03712500113576
1.2941958414499863	0.000192479851949	-109.85729790940518
1.3061708881318417	0.00018243455784	-109.67668317129815
1.3182567385564075	0.000172939031482	-109.49533346627445
1.3304544179780915	0.000163961555305	-109.31329994519069
1.3427649611378643	0.000155472351972	-109.13063228675028
1.3551894123510364	0.000147443457823	-108.94737875071802
1.3677288255958495	0.000139848605164	-108.76358622812512
1.3803842646028852	0.000132663112737	-108.57930028867095
1.3931568029453036	0.000125863783762	-108.3945652255153
1.4060475241299144	0.000119428810978	-108.20942409763826
1.4190575216890926	0.000113337688186	-108.02391876993434
1.432187899273544	0.000107571127796	-107.83808995119344
1.4454397707459279	0.000102110983955	-107.65197723011173
1.4588142602753489	9.69401808496e-05	-107.46561910946446
1.4723125024327193	9.20426458022e-05	-107.27905303856393
1.4859356422870074	8.74032468271e-05	-107.0923154441167
1.499684835502374	8.30077343245e-05	-106.9054417595865
1.5135612484362087	7.88426866187e-05	-106.71846645316153
1.5275660582380732	7.48954590716e-05	-106.53142305441847
1.54170045294956	7.11541365199e-05	-106.34434417976836
1.555965631605075	6.76074888049e-05	-106.15726155676457
1.5703628043335531	6.42449291793e-05	-105.97020604734665
1.584893192461114	6.10564753951e-05	-105.78320767008964
1.5995580286146696	5.80327132856e-05	-105.59629562152278
1.6143585568264869	5.51647626734e-05	-105.40949829657825
1.629296032639723	5.24442454455e-05	-105.22284330822514
1.6443717232149324	4.98632556492e-05	-105.03635750634153
1.6595869074375613	4.74143314727e-05	-104.85006699587277
1.6749428760264382	4.50904289842e-05	-104.66399715432138
1.690440931643265	4.28848975129e-05	-104.47817264861104
1.7060823890031243	4.07914565623e-05	-104.29261745136355
1.7218685749860079	3.88041741543e-05	-104.10735485662606
1.7378008287493762	3.69174465116e-05	-103.92240749508217
1.753880501841762	3.51259789893e-05	-103.73779734877932
1.770108958317422	3.34247681747e-05	-103.55354576540184
1.7864875748520517	3.18090850799e-05	-103.36967347211761
1.803017740859568	3.02744593567e-05	-103.18620058902383
1.8197008586099825	2.88166644672e-05	-103.00314664221638
1.8365383433483455	2.74317037498e-05	-102.82053057650502
1.8535316234148105	2.61157973233e-05	-102.63837076779507
1.8706821403657996	2.48653697753e-05	-102.45668503515542
1.8879913490962925	2.36770385859e-05	-102.27549065259086
1.9054607179632463	2.25476032404e-05	-102.0948043605355
1.9230917289101574	2.14740349872e-05	-101.91464237708324
1.9408858775927773	2.04534672011e-05	-101.73502040896962
1.958844673505989	1.94831863143e-05	-101.55595366231906
1.97696964011186	1.85606232788e-05	-101.3774568531699
1.9952623149688788	1.76833455296e-05	-101.19954421778915
2.0137242498623875	1.68490494154e-05	-101.02222952278798
2.032357010936221	1.60555530697e-05	-100.84552607504817
2.0511621788255647	1.53007896946e-05	-100.66944673146914
2.0701413487910414	1.4582801233e-05	-100.49400390854429
2.0892961308540388	1.38997324046e-05	-100.31920959177498
2.108628149933289	1.32498250844e-05	-100.14507534493005
2.1281390459827114	1.26314130024e-05	-99.97161231915779
2.147830474130533	1.20429167467e-05	-99.7988312619572
2.167704104819694	1.14828390497e-05	-99.62674252601491
2.1877616239495516	1.0949760342e-05	-99.45535607791327
2.208004733018899	1.04423345578e-05	-99.28468150671546
2.228435149270303	9.95928517694e-06	-99.11472803243268
2.2490546058357803	9.49940148857e-06	-98.9455045143777
2.2698648518838214	9.06153506538e-06	-98.77701945941017
2.2908676527677723	8.64459643418e-06	-98.60928103007703
2.312064790175594	8.24755193234e-06	-98.44229705265275
2.333458062281002	7.8694207389e-06	-98.27607502508258
2.355049283896009	7.50927207033e-06	-98.11062212483279
2.376840286624876	7.1662225313e-06	-97.94594521665114
2.39883291901949	6.83943361156e-06	-97.78205086024084
2.4210290467361775	6.52810932046e-06	-97.6189453178511
2.4434305526939712	6.23149395126e-06	-97.45663456178711
2.4660393372343385	5.94886996773e-06	-97.29512428184283
2.4888573182823905	5.67955600613e-06	-97.13441989265857
2.5118864315095797	5.4229049859e-06	-96.97452654100687
2.535128630497907	5.17830232298e-06	-96.81544911300877
2.5585858869056453	4.9451642399e-06	-96.65719224128344
2.582260190634596	4.72293616713e-06	-96.4997603120335
2.6061535499988953	4.51109123071e-06	-96.34315747206882
2.6302679918953813	4.30912882107e-06	-96.18738763577109
2.654605561975539	4.11657323872e-06	-96.0324544920021
2.6791683248190314	3.93297241236e-06	-95.87836151095796
2.703958364108843	3.75789668549e-06	-95.725111950972
2.7289777828080406	3.59093766759e-06	-95.5727088652692
2.7542287033381663	3.43170714641e-06	-95.42115510867457
2.7797132677592886	3.27983605791e-06	-95.2704533442786
2.805433637951713	3.13497351072e-06	-95.1206060500622
2.831391995799379	2.99678586204e-06	-94.97161552548468
2.8575905433749464	2.86495584231e-06	-94.82348389803737
2.8840315031266055	2.73918172579e-06	-94.67621312976617
2.910717118066605	2.61917654473e-06	-94.5298050237665
2.9376496519615305	2.50466734457e-06	-94.38426123065398
2.9648313895243423	2.39539447812e-06	-94.23958325501437
2.992264636608189	2.29111093648e-06	-94.09577246183679
3.019951720402016	2.19158171473e-06	-93.95283008293391
3.047894989627983	2.09658321064e-06	-93.81075722335339
3.076096814740708	2.00590265437e-06	-93.66955486778505
3.1045595881283554	1.9193375678e-06	-93.52922388696815
3.1332857243155856	1.83669525164e-06	-93.38976504410385
3.1622776601683795	1.75779229902e-06	-93.25117900127769
3.1915378551007616	1.682454134e-06	-93.11346632589787
3.2210687912834346	1.61051457381e-06	-92.97662749715484
3.250872973854344	1.54181541348e-06	-92.84066291250795
3.2809529311311905	1.47620603166e-06	-92.70557289420644
3.311311214825911	1.41354301659e-06	-92.57135769585037
3.3419504002611427	1.35368981104e-06	-92.43801750899985
3.372873086588689	1.29651637536e-06	-92.3055524698393
3.404081897010009	1.24189886757e-06	-92.1739626659055
3.4355794789987466	1.18971933968e-06	-92.04324814288769
3.4673685045253166	1.13986544927e-06	-91.91340891150908
3.499451670283573	1.09223018577e-06	-91.78444495449942
3.53183169791957	1.04671161034e-06	-91.65635623366927
3.5645113342624426	1.00321260899e-06	-91.52914269709693
3.5974933515574232	9.61640657963e-07	-91.40280428643966
3.630780547701014	9.21907600952e-07	-91.27734094438252
3.664375746478333	8.8392943742e-07	-91.15275262223751
3.6982817978026628	8.47626121501e-07	-91.02903928770826
3.732501577957206	8.1292137092e-07	-90.90620093283508
3.767037989839089	7.79742485428e-07	-90.7842375821375
3.801893963205613	7.48020174255e-07	-90.66314930097177
3.8370724549227884	7.17688392131e-07	-90.54293620412237
3.8725764492161727	6.8868418342e-07	-90.4235984646483
3.908408957924021	6.60947533969e-07	-90.30513632300564
3.944573020752785	6.34421230279e-07	-90.18755009647062
3.981071705534973	6.09050725612e-07	-90.07084018888807
4.0179081084894	5.847840127e-07	-89.95500710077316
4.055085354483839	5.61571502713e-07	-89.84005143979559
4.09260659730011	5.39365910166e-07	-89.7259739316783
4.130475019901614	5.18122143484e-07	-89.61277543154517
4.168693834703355	4.97797200915e-07	-89.5004569357547
4.207266283844442	4.78350071544e-07	-89.38901959426003
4.24619563946313	4.59741641145e-07	-89.27846472353906
4.285485203974396	4.41934602625e-07	-89.16879382014139
4.325138310350088	4.2489337084e-07	-89.06000857490388
4.365158322401661	4.08584001559e-07	-88.95211088788992
4.405548635065534	3.92974114376e-07	-88.84510288411326
4.446312674691089	3.78032819365e-07	-88.73898693011174
4.487453899331323	3.63730647305e-07	-88.6337656514429
4.528975799036209	3.50039483295e-07	-88.52944195117902
4.570881896148752	3.36932503588e-07	-88.42601902948726
4.613175745603791	3.24384115491e-07	-88.32350040438723
4.655860935229586	3.12369900188e-07	-88.22188993378839
4.698941086052151	3.00866558323e-07	-88.12119183891767
4.742419852602444	2.8985185824e-07	-88.02141072926011
4.7863009232263805	2.79304586725e-07	-87.92255162914554
4.830588020397723	2.69204502141e-07	-87.82462000612858
4.87528490103386	2.59532289851e-07	-87.72762180132317
4.920395356814506	2.50269519799e-07	-87.6315634618697
4.965923214503357	2.41398606168e-07	-87.53645197573026
5.01187233627272	2.32902769008e-07	-87.44229490902849
5.058246620031137	2.24765997741e-07	-87.34910044617259
5.105049999754059	2.16973016467e-07	-87.25687743302605
5.152286445817562	2.09509250976e-07	-87.16563542341838
5.1999599653351565	2.02360797397e-07	-87.07538472932092
5.248074602497723	1.9551439242e-07	-86.98613647504806
5.296634438916575	1.88957385e-07	-86.89790265588518
5.345643593969713	1.82677709503e-07	-86.8106962015903
5.395106225151273	1.76663860227e-07	-86.72453104526778
5.445026528424209	1.70904867234e-07	-86.63942219817147
5.495408738576242	1.65390273454e-07	-86.55538583106068
5.5462571295791046	1.60110113008e-07	-86.47243936280769
5.597576014951099	1.55054890709e-07	-86.39060155704216
5.649369748123022	1.50215562694e-07	-86.3098926277143
5.701642722807472	1.45583518171e-07	-86.23033435457198
5.754399373371567	1.41150562221e-07	-86.15195020967408
5.807644175213118	1.36908899662e-07	-86.07476549620982
5.861381645140285	1.32851119926e-07	-85.99880750106243
5.9156163417547365	1.28970182939e-07	-85.92410566275059
5.970352865838366	1.2525940601e-07	-85.8506917566057
6.025595860743575	1.21712451687e-07	-85.77860009930336
6.081350012787176	1.18323316618e-07	-85.7078677751697
6.137620051647939	1.15086321398e-07	-85.63853488703438
6.194410750767812	1.11996101421e-07	-85.57064483481243
6.251726927756855	1.09047598766e-07	-85.50424462547582
6.30957344480193	1.06236055144e-07	-85.43938521863873
6.367955209079155	1.03557005949e-07	-85.37612191264103
6.426877173170194	1.01006275466e-07	-85.31451477679498
6.486344335482381	9.85799733144e-08	-85.25462913638339
6.546361740672747	9.62744922041e-08	-85.19653611809277
6.6069344800759575	9.40865071186e-08	-85.14031326487098
6.668067692136218	9.20129760542e-08	-85.08604523075891
6.729766562843175	9.00511424752e-08	-85.03382456811683
6.792036326171843	8.81985396811e-08	-84.98375262192063
6.854882264526613	8.64529973192e-08	-84.93594054852664
6.918309709189363	8.48126503307e-08	-84.89051047961108
6.9823240407717115	8.32759506744e-08	-84.8475968560213
7.046930689671467	8.18416822507e-08	-84.80734796121143
7.112135136533288	8.05089795375e-08	-84.76992769000833
7.177942912713615	7.92773505638e-08	-84.73551759595966
7.244359600749899	7.81467049885e-08	-84.70431926984463
7.311390834834173	7.71173882262e-08	-84.67655711358196
7.379042301291007	7.61902227854e-08	-84.65248158841106
7.447319739059888	7.53665582656e-08	-84.63237303472987
7.516228940182053	7.46483318139e-08	-84.61654618451024
7.585775750291836	7.40381413062e-08	-84.60535551734822
7.655966069112561	7.35393341054e-08	-84.59920165006247
7.726805850957021	7.31561150224e-08	-84.59853900022303
7.798301105232586	7.28936781176e-08	-84.60388503006408
7.870457896950985	7.2758368315e-08	-84.61583146445393
7.943282347242813	7.27578805861e-08	-84.63505799275931
8.01678063387679	7.2901506862e-08	-84.66234912062176
8.090958991783822	7.32004440957e-08	-84.69861504977824
8.165823713585922	7.36681813869e-08	-84.7449177552697
8.241381150130021	7.43209903197e-08	-84.80250383384481
8.317637711026709	7.51785514455e-08	-84.87284626618651
8.394599865193973	7.62647623691e-08	-84.95769804639102
8.472274141405963	7.7608791011e-08	-85.05916180482049
8.550667128846833	7.92464642434e-08	-85.17978127359966
8.629785477669701	8.12221218694e-08	-85.3226630200269
8.709635899560805	8.35911264543e-08	-85.49164079740667
8.790225168308842	8.6423313528e-08	-85.69150096594934
8.871560120379607	8.98078159439e-08	-85.92829714749033
8.953647655495937	9.38599390592e-08	-86.20979812596192
9.036494737223014	9.87311695191e-08	-86.54613960963948
9.120108393559097	1.0462410043e-07	-86.95079656754481
9.204495717531712	1.11815304097e-07	-87.4420756295321
9.289663867799362	1.20691497092e-07	-88.04548185551624
9.375620069258803	1.31808820773e-07	-88.79761755139674
9.462371613657929	1.45994167933e-07	-89.75289824313265
9.549925860214358	1.645270748e-07	-90.9957529359812
9.638290236239705	1.89485550105e-07	-92.66425405232684
9.727472237769652	2.24448988388e-07	-94.99961011136766
9.817479430199844	2.76036060579e-07	-98.46029218946096
9.908319448927676	3.57486345875e-07	-104.01749834168928
10.	4.96495113912e-07	-114.01571622755274
10.092528860766844	7.33361458487e-07	-134.55881135062072
10.18591388054117	9.15499435692e-07	-173.5530732830401
10.280162981264736	7.21200396055e-07	150.08324409787855
10.375284158180126	5.12705237437e-07	131.85766772404494
10.471285480508996	3.92867495517e-07	122.80673469801907
10.568175092136585	3.24865088765e-07	117.64895236940679
10.665961212302578	2.85977194929e-07	114.35907020164973
10.76465213629835	2.66134208001e-07	112.07433979136299
10.864256236170656	2.6206040091e-07	110.36867382095248
10.964781961431852	2.75999185847e-07	108.99085182260372
11.066237839776663	3.20080993614e-07	107.73238831891749
11.168632477805613	4.43253910896e-07	106.22388873108397
11.271974561755105	1.05464584785e-06	102.02820032370114
11.37627285823431	1.11122666608e-06	-65.91411809249631
11.481536214968829	2.98018700092e-07	-71.07658108522732
11.587773561551263	1.52683810612e-07	-72.28299738510702
11.694993910198711	9.42585369391e-08	-72.92843493145658
11.803206356517286	6.37522038452e-08	-73.36560133555533
11.912420080273739	4.55448802852e-08	-73.69315627199886
12.022644346174118	3.37510739071e-08	-73.95153210883926
12.133888504649763	2.56756700658e-08	-74.16134447030421
12.246161992650476	1.9919414003e-08	-74.3347010049405
12.359474334445094	1.56889926247e-08	-74.47943354502434
12.47383514242942	1.25042989478e-08	-74.6009643033529
12.589254117941662	1.00597628012e-08	-74.7032344622295
12.705741052085406	8.1529442139e-09	-74.78921087677334
12.823305826560205	6.64527029263e-09	-74.86118284327534
12.94195841449985	5.43927191106e-09	-74.92094516311518
13.061708881318404	4.46479683995e-09	-74.969914597003
13.182567385564061	3.67034742911e-09	-75.00920380739453
13.304544179780901	3.01746508789e-09	-75.0396648546738
13.427649611378628	2.47699015083e-09	-75.06190676160031
13.551894123510351	2.02651113674e-09	-75.07628506470742
13.67728825595848	1.64858817601e-09	-75.08285239575758
13.803842646028839	1.32949182885e-09	-75.08124239386262
13.931568029453022	1.05829172361e-09	-75.07042070861499
14.060475241299129	8.26186453471e-10	-75.04813463511333
14.190575216890911	6.26001798604e-10	-75.00957924064375
14.321878992735424	4.51806936709e-10	-74.94363702728023
14.454397707459265	2.98612697425e-10	-74.81940327530124
14.588142602753473	1.62125345446e-10	-74.51185635849542
14.723125024327178	3.85541956564e-11	-72.37545734393294
14.859356422870059	7.57811976505e-11	103.41297423255581
14.996848355023726	1.84193005939e-10	104.25655829389972
15.135612484362072	2.90509833629e-10	104.47700893806848
15.275660582380716	3.99107340524e-10	104.58320520168843
15.417004529495584	5.15700974771e-10	104.64724156014475
15.559656316050734	6.48609621733e-10	104.68898669979211
15.703628043335515	8.11388326235e-10	104.71421570356794
15.848931924611126	1.02901838508e-09	104.72169702539695
15.995580286146678	1.35503702453e-09	104.7020662828706
16.143585568264854	1.93181086342e-09	104.62570349633823
16.292960326397214	3.31296832041e-09	104.37302430808423
16.443717232149307	1.18846417703e-08	102.55468124602865
16.595869074375596	7.10480223525e-09	-73.26717892835111
16.749428760264365	2.65491469957e-09	-74.18880039394789
16.90440931643263	1.59366992672e-09	-74.37309125230077
17.060823890031227	1.11528968755e-09	-74.43036618967525
17.21868574986006	8.42173467257e-10	-74.4426531406688
17.378008287493746	6.65289875638e-10	-74.43358376251291
17.5388050184176	5.41392791896e-10	-74.41249897929598
17.701089583174202	4.49875044632e-10	-74.38382949132702
17.864875748520497	3.79647489426e-10	-74.34994633854738
18.03017740859568	3.24199131559e-10	-74.31223284754755
18.197008586099827	2.79446821451e-10	-74.27155045065142
18.365383433483455	2.42694408566e-10	-74.22846364779457
18.535316234148105	2.12086143518e-10	-74.18335780219587
18.706821403657997	1.86300419839e-10	-74.13650490975432
18.879913490962927	1.64368857698e-10	-74.08810229259521
19.054607179632463	1.45564613954e-10	-74.03829637710912
19.230917289101576	1.29330803815e-10	-73.98719785600831
19.408858775927772	1.15233131086e-10	-73.93489166883755
19.58844673505989	1.029276513e-10	-73.88144375652351
19.7696964011186	9.21382885307e-11	-73.82690574597616
19.952623149688787	8.26408105593e-11	-73.77131827077619
20.137242498623873	7.42511839344e-11	-73.71471337172056
20.32357010936221	6.68169636257e-11	-73.65711626335413
20.511621788255646	6.02108260737e-11	-73.59854665521955
20.701413487910415	5.4325642785e-11	-73.53901975488864
20.892961308540386	4.90706788781e-11	-73.47854703991564
21.086281499332888	4.43686250831e-11	-73.41713685948282
21.28139045982711	4.01532554833e-11	-73.35479490876865
21.47830474130533	3.63675608237e-11	-73.29152460692791
21.67704104819694	3.29622473466e-11	-73.22732740113433
21.87761623949552	2.9894519514e-11	-73.16220301318134
22.080047330188993	2.71270853509e-11	-73.09614964087238
22.28435149270303	2.46273379332e-11	-73.02916412333673
22.490546058357804	2.23666774125e-11	-72.96124207712256
22.698648518838212	2.03199460407e-11	-72.89237800820786
22.908676527677724	1.84649547135e-11	-72.82256540375872
23.12064790175594	1.67820841332e-11	-72.75179680643794
23.33458062281002	1.52539472014e-11	-72.68006387323183
23.55049283896009	1.38651019488e-11	-72.60735742005593
23.76840286624876	1.26018064077e-11	-72.53366745276386
23.9883291901949	1.14518084763e-11	-72.45898318457192
24.210290467361776	1.04041651165e-11	-72.38329303927527
24.434305526939713	9.44908625434e-12	-72.30658463892189
24.660393372343385	8.57779957293e-12	-72.22884477376165
24.888573182823905	7.78243304465e-12	-72.15005935122392
25.118864315095795	7.05591258453e-12	-72.07021331928023
25.35128630497907	6.39187263674e-12	-71.9892905576639
25.58585886905645	5.78457786063e-12	-71.9072737278037
25.82260190634596	5.2288543719e-12	-71.82414406862628
26.06153549998895	4.72002923372e-12	-71.73988112003413
26.302679918953814	4.25387708988e-12	-71.65446234799015
26.54605561975539	3.82657299683e-12	-71.56786263331739
26.791683248190314	3.43465064832e-12	-71.48005356819937
27.039583641088434	3.0749653013e-12	-71.39100247596704
27.289777828080403	2.74466080794e-12	-71.30067102414985
27.542287033381662	2.44114024017e-12	-71.2090132255211
27.797132677592884	2.16203966132e-12	-71.1159724938985
28.05433637951713	1.90520465755e-12	-71.0214771962547
28.31391995799379	1.66866929061e-12	-70.9254337305791
28.575905433749465	1.45063717496e-12	-70.82771537004209
28.84031503126606	1.24946441691e-12	-70.72814352233713
29.10717118066605	1.06364418291e-12	-70.62645463521919
29.376496519615305	8.9179268791e-13	-70.52223806708174
29.648313895243422	7.32636414704e-13	-70.4148101450001
29.92264636608189	5.85000390515e-13	-70.30293220103937
30.19951720402016	4.47797359211e-13	-70.1840884961329
30.4789498962798	3.20017698318e-13	-70.05224093541105
30.76096814740705	2.00719955094e-13	-69.8882797360824
31.045595881283525	8.90221396547e-14	-69.58262475386007
31.332857243155825	1.59212503551e-14	108.15766343399117
31.62277660168376	1.14868646158e-13	109.99566199793355
31.91537855100758	2.08606094881e-13	110.23038081840828
32.21068791283432	2.97861147458e-13	110.38727071166578
32.50872973854341	3.83355146886e-13	110.52347186573236
32.80952931131187	4.65807350322e-13	110.65179532101695
33.11311214825908	5.45947432825e-13	110.77672903535807
33.41950400261139	6.2453047627e-13	110.90025239471893
33.72873086588685	7.02355306032e-13	111.02337271266288
34.040818970100055	7.80287558977e-13	111.14665441368393
34.35579478998743	8.59289502925e-13	111.27043508136768
34.67368504525313	9.40459596751e-13	111.39492467324692
34.994516702835696	1.0250863108e-12	111.5202549225733
35.318316979195664	1.11472320924e-12	111.64650505891669
35.64511334262439	1.21129643458e-12	111.77371500530818
35.9749335155742	1.31726285689e-12	111.9018909892633
36.3078054770101	1.43584985046e-12	112.0310055069749
36.64375746478329	1.57143125792e-12	112.16099170791048
36.98281797802659	1.73014007188e-12	112.29173045600538
37.32501577957203	1.92091305522e-12	112.42302557414463
37.670379898390856	2.15737095888e-12	112.55455728651752
38.01893963205609	2.46143538137e-12	112.68579110875515
38.370724549227845	2.87089574197e-12	112.81578597532214
38.72576449216169	3.45708160249e-12	112.94274505156481
39.08408957924017	4.37289553223e-12	113.06279386229406
39.44573020752781	6.01647741988e-12	113.1658159415954
39.81071705534969	9.85287883784e-12	113.21454437485058
40.17908108489396	2.92482328781e-11	112.86885710715434
40.55085354483835	2.7746042657e-11	-65.53142963913471
40.92606597300105	9.1312457418e-12	-65.8541851116475
41.304750199016105	5.36007702169e-12	-65.79766488903371
41.68693834703351	3.73804848129e-12	-65.68490137133749
42.07266283844437	2.83519070982e-12	-65.55227443788998
42.46195639463126	2.26002127572e-12	-65.40973897595687
42.85485203974392	1.86165988551e-12	-65.26112812711828
43.251383103500835	1.56959392711e-12	-65.10823061286109
43.65158322401656	1.34644788436e-12	-64.95199254220779
44.0554863506553	1.17055825359e-12	-64.79296078824203
44.46312674691084	1.02849823029e-12	-64.63147318531277
44.87453899331318	9.11499852387e-13	-64.46774955427578
45.28975799036204	8.13592377636e-13	-64.30193905888086
45.708818961487474	7.3056751054e-13	-64.13414652424889
46.13175745603791	6.59372527699e-13	-63.964447868832245
46.55860935229586	5.9773815799e-13	-63.792899564320386
46.98941086052151	5.43941675209e-13	-63.61954465621648
47.42419852602443	4.96651145515e-13	-63.44441672044351
47.863009232263806	4.54820138243e-13	-63.26754253679086
48.30588020397723	4.17614794806e-13	-63.08894393977163
48.7528490103386	3.84362212969e-13	-62.90863912776655
49.20395356814506	3.54513211047e-13	-62.726643606835076
49.65923214503358	3.27615001501e-13	-62.54297088286577
50.118723362727195	3.03290824626e-13	-62.3576329770406
50.58246620031137	2.81224555645e-13	-62.17064081510361
51.0504999975406	2.611489215e-13	-61.9820045250802
51.52286445817562	2.42836375081e-13	-61.791733667630034
51.99959965335157	2.26091951513e-13	-61.59983741617762
52.48074602497723	2.1074762055e-13	-61.40632469914901
52.966344389165755	1.96657780844e-13	-61.21120431329583
53.45643593969714	1.83695634644e-13	-61.014485014729935
53.95106225151273	1.71750247847e-13	-60.816175592606555
54.450265284242086	1.60724148272e-13	-60.61628492917663
54.95408738576243	1.50531350117e-13	-60.41482204903749
55.462571295791044	1.4109571849e-13	-60.21179615975412
55.97576014951099	1.32349607296e-13	-60.00721668553055
56.49369748123023	1.24232718334e-13	-59.80109329524283
57.01642722807472	1.16691140556e-13	-59.593435925861904
57.543993733715666	1.09676536975e-13	-59.38425480208092
58.07644175213118	1.0314545323e-13	-59.17356045279489
58.61381645140285	9.7058726965e-14	-58.96136372495064
59.15616341754737	9.1380981175e-14	-58.74767579518516
59.70352865838366	8.6080187812e-14	-58.532508179589335
60.255958607435744	8.11272904795e-14	-58.31587274187221
60.81350012787176	7.64958770188e-14	-58.09778170014938
61.37620051647939	7.21618944089e-14	-57.8782476325396
61.94410750767812	6.8103399696e-14	-57.65728348172065
62.51726927756855	6.43003417152e-14	-57.43490255856938
63.0957344480193	6.07343692291e-14	-57.21111854498946
63.67955209079155	5.73886618054e-14	-56.98594549601265
64.26877173170195	5.42477803346e-14	-56.75939784124534
64.86344335482381	5.12975345655e-14	-56.53149038572015
65.46361740672747	4.85248654301e-14	-56.30223831020264
66.06934480075958	4.5917740261e-14	-56.07165717099507
66.68067692136219	4.34650592769e-14	-55.83976289927283
67.29766562843174	4.11565719465e-14	-55.60657179998281
67.92036326171844	3.89828020303e-14	-55.372100550329336
68.54882264526613	3.6934980269e-14	-55.136366197868476
69.18309709189363	3.50049838233e-14	-54.8993861582292
69.82324040771711	3.31852816892e-14	-54.66117821247643
70.46930689671467	3.14688854141e-14	-54.42176050412898
71.12135136533288	2.98493045234e-14	-54.18115153584417
71.77942912713615	2.83205061453e-14	-53.939370165778286
72.44359600749898	2.68768783792e-14	-53.696435603631656
73.11390834834172	2.55131970148e-14	-53.4523674063857
73.79042301291008	2.42245952498e-14	-53.20718547373835
74.47319739059888	2.30065361e-14	-52.9609100432443
75.16228940182053	2.18547872301e-14	-52.713561685164755
75.85775750291836	2.07653979618e-14	-52.46516129703231
76.55966069112561	1.97346782478e-14	-52.215730097935555
77.26805850957021	1.87591794193e-14	-51.96528962252762
77.98301105232578	1.78356765386e-14	-51.713861714763596
78.70457896950977	1.6961152206e-14	-51.461468521370776
79.43282347242805	1.61327816835e-14	-51.20813248505657
80.16780633876782	1.53479192174e-14	-50.95387633745836
80.90958991783813	1.46040854485e-14	-50.69872309183985
81.65823713585914	1.3898955814e-14	-50.44269603553885
82.41381150130013	1.32303498529e-14	-50.1858187221716
83.176377110267	1.25962213356e-14	-49.92811496359857
83.94599865193965	1.19946491469e-14	-49.66960882165724
84.72274141405954	1.14238288584e-14	-49.41032459966821
85.50667128846823	1.08820649307e-14	-49.15028683371942
86.29785477669694	1.03677634944e-14	-48.88952028373627
87.09635899560796	9.87942566093e-15	-48.62804992434321
87.90225168308834	9.41564132009e-15	-48.36590093552415
88.71560120379598	8.97508338548e-15	-48.10309869308905
89.53647655495928	8.55650245108e-15	-47.83966875895436
90.36494737223005	8.15872182692e-15	-47.5756368712446
91.20108393559087	7.78063292383e-15	-47.31102893422454
92.04495717531702	7.42119096013e-15	-47.04587100806915
92.89663867799354	7.07941096544e-15	-46.780189298481424
93.75620069258792	6.75436405886e-15	-46.5140101461665
94.6237161365792	6.4451739808e-15	-46.24736001617173
95.4992586021435	6.1510138594e-15	-45.98026548710277
96.38290236239695	5.87110319397e-15	-45.71275324022511
97.2747223776964	5.60470503964e-15	-45.444850048462044
98.17479430199833	5.35112337827e-15	-45.1765827652988
99.08319448927665	5.10970066225e-15	-44.90797831360431
99.9999999999999	4.87981551865e-15	-44.63906367438099
