0.01000000000000001	1.0830246479897172	-1.568645068659167
0.010092528860766855	1.0846892446667613	-1.6002492588267458
0.01018591388054118	1.0863896661627328	-1.6325400964378025
0.010280162981264745	1.088126781851996	-1.6655345241485184
0.010375284158180138	1.0899014861581033	-1.6992499851702325
0.010471285480509006	1.0917146994330131	-1.733704441414394
0.010568175092136596	1.0935673688732146	-1.7689163924291575
0.01066596121230259	1.095460469474366	-1.804904895164515
0.010764652136298361	1.0973950050271009	-1.8416895846225674
0.010864256236170667	1.0993720091558423	-1.8792906954358635
0.010964781961431863	1.1013925464018994	-1.9177290844049624
0.011066237839776675	1.103457713354578	-1.957026254075172
0.011168632477805623	1.1055686398317917	-1.997204377389174
0.011271974561755117	1.10772649011224	-2.0382863234648503
0.011376272858234322	1.1099324642237218	-2.0802956845953076
0.01148153621496884	1.1121877992877522	-2.1232568044859814
0.011587773561551273	1.1144937709259766	-2.1671948078449303
0.011694993910198723	1.1168516947297908	-2.212135631366552
0.01180320635651731	1.119262927797953	-2.258106056213978
0.011912420080273762	1.1217288703440285	-2.3051337420504114
0.012022644346174144	1.124250967379445	-2.35324726274591
0.012133888504649786	1.1268307104746444	-2.4024761438247957
0.012246161992650502	1.1294696396030937	-2.4528509017641986
0.01235947433444512	1.1321693450729833	-2.50440308525628
0.012473835142429446	1.1349314695509012	-2.5571653185388805
0.012589254117941687	1.1377577101826375	-2.6111713469174243
0.012705741052085433	1.1406498208169462	-2.666456084616272
0.012823305826560232	1.1436096143374146	-2.7230556650865796
0.01294195841449987	1.1466389651089461	-2.7810074939264986
0.013061708881318424	1.1497398115452337	-2.840350304570116
0.013182567385564082	1.1529141588038037	-2.901124216907944
0.01330454417978092	1.1561640816165273	-2.9633707990305753
0.013427649611378649	1.1594917272627479	-3.0271331322768718
0.01355189412351037	1.1628993186941006	-3.0924558798079755
0.013677288255958502	1.1663891578183954	-3.1593853589018805
0.013803842646028859	1.169963628954628	-3.22796961725604
0.013931568029453043	1.173625202465608	-3.2982585134863234
0.01406047524129915	1.1773764385816605	-3.370303802148268
0.014190575216890933	1.1812199914260526	-3.4441592235602365
0.014321878992735446	1.1851586132535503	-3.5198805987302295
0.014454397707459288	1.1891951589154555	-3.5975259297325435
0.014588142602753497	1.193332590565339	-3.6771555059065535
0.014723125024327202	1.1975739826199607	-3.7588320162649715
0.014859356422870082	1.2019225269904632	-3.84262066852152
0.014996848355023748	1.2063815386011112	-3.928589315201566
0.015135612484362095	1.2109544612148004	-4.016808587350471
0.015275660582380739	1.2156448735806826	-4.107352036295733
0.015417004529495607	1.2204564959292707	-4.200296284126563
0.015559656316050758	1.2253931968332825	-4.295721183438169
0.01570362804333554	1.2304590004581826	-4.393709987017482
0.015848931924611148	1.235658094228738	-4.4943495282160155
0.015995580286146702	1.2409948369367567	-4.5977304127583345
0.016143585568264878	1.2464737673190127	-4.7039472228397345
0.016292960326397238	1.2520996131359037	-4.813098734425152
0.01644371723214933	1.257877300782953	-4.925288148732038
0.016595869074375623	1.263811965469572	-5.040623338960933
0.01674942876026439	1.2699089620037476	-5.159217113468231
0.016904409316432657	1.2761738762197856	-5.281187496596173
0.017060823890031253	1.2826125370932595	-5.406658028567791
0.017218685749860088	1.2892310295877036	-5.535758085928602
0.017378008287493772	1.2960357082802185	-5.668623224140333
0.01753880501841763	1.303033211818682	-5.805395544121729
0.017701089583174227	1.3102304782640843	-5.94622408464181
0.017864875748520526	1.3176347613753685	-6.091265242651981
0.018030177408595707	1.3252536479006722	-6.240683223889235
0.018197008586099853	1.3330950759375397	-6.394650526195486
0.018365383433483484	1.3411673544329772	-6.553348458312173
0.018535316234148135	1.3494791838959577	-6.716967697122192
0.018706821403658026	1.3580396783999025	-6.885708886606284
0.018879913490962956	1.3668583889559547	-7.059783282076184
0.019054607179632494	1.375945328341286	-7.239413443575456
0.019230917289101594	1.3853109974725284	-7.424833982752504
0.019408858775927792	1.394966413416047	-7.61629236788852
0.01958844673505991	1.4049231391299717	-7.814049792217063
0.01976969640111862	1.415193315034018	-8.01838211114915
0.01995262314968881	1.4257896925090028	-8.229580854654252
0.020137242498623895	1.4367256694232589	-8.447954321555185
0.02032357010936223	1.4480153277838548	-8.673828763202852
0.020511621788255666	1.4596734736080346	-8.907549664748558
0.020701413487910436	1.471715679102944	-9.149483133013234
0.02089296130854041	1.4841583272334542	-9.400017400865096
0.021086281499332907	1.497018658744351	-9.659564458995412
0.021281390459827135	1.5103148216821718	-9.928561827015715
0.021478304741305354	1.5240659234409333	-10.207474477069397
0.02167704104819696	1.5382920853148674	-10.496796924298458
0.02187761623949554	1.553014499505131	-10.797055500082214
0.022080047330189013	1.5682554884588549	-11.108810825277045
0.022284351492703053	1.5840385663566572	-11.432660502583435
0.022490546058357826	1.6003885024558264	-11.769242048661695
0.022698648518838235	1.6173313858885878	-12.11923608877276
0.022908676527677748	1.6348946913523907	-12.483369838520126
0.023120647901755963	1.653107344945933	-12.862420899538371
0.023334580622810044	1.6719997891563025	-13.257221397968923
0.023550492838960112	1.6916040457126351	-13.668662496951933
0.023768402866248785	1.7119537746416902	-14.09769931638195
0.023988329190194925	1.73308432739915	-14.545356295249919
0.0242102904673618	1.755032791377714	-15.012733033727196
0.02443430552693974	1.777838022377758	-15.50101065344227
0.024660393372343412	1.8015406607502096	-16.011458715180805
0.02488857318282393	1.8261831258341497	-16.545442732923973
0.025118864315095822	1.8518095819813867	-17.104432321578376
0.025351286304979098	1.8784658678225299	-17.690010012150424
0.02558585886905648	1.9061993784234357	-18.303880761813446
0.025822601906345985	1.9350588875463421	-18.947882176615092
0.026061535499988978	1.965094294256766	-19.623995449707216
0.026302679918953843	1.99635627453504	-20.334356996864102
0.026546055619755416	2.028895814242849	-21.081270741347303
0.026791683248190343	2.062763594652488	-21.86722095921868
0.027039583641088463	2.0980091956826565	-22.69488554104072
0.027289777828080432	2.134680074888021	-23.567149451732302
0.02754228703338169	2.172820272122579	-24.48711807301449
0.02779713267759291	2.2124687806380994	-25.458129985201687
0.02805433637951716	2.2536575154138796	-26.48376858083976
0.028313919957993816	2.29640879911288	-27.567871692795197
0.028575905433749497	2.3407322759828753	-28.714538155315307
0.028840315031266085	2.3866211555129158	-29.928129889304344
0.02910717118066608	2.434047682660081	-31.213267704607727
0.029376496519615335	2.4829577329199024	-32.57481853832999
0.029648313895243455	2.5332644426491884	-34.01787130199083
0.02992264636608192	2.584840813641369	-35.54769790568017
0.030199517204020192	2.6375112836698795	-37.169695399982444
0.03047894989627986	2.691042340912963	-38.88930458853279
0.03076096814740711	2.7451323905935463	-40.71190002247802
0.031045595881283587	2.7994012673133524	-42.64264615185156
0.03133285724315589	2.853380033963003	-44.686314801978504
0.031622776601683826	2.9065020175534535	-46.84706035706141
0.03191537855100765	2.958096388795464	-49.12815140633956
0.03221068791283438	3.0073859571470516	-51.531661480414726
0.03250872973854347	3.0534911552530977	-54.058127117994005
0.03280952931131194	3.095442317973923	-56.70618885230911
0.03311311214825914	3.132202182068358	-59.472239345997636
0.03341950400261146	3.162699897034131	-62.35011175627497
0.03372873086588692	3.185876641785254	-65.33084867197606
0.034040818970100126	3.2007411934702623	-68.40259522177499
0.0343557947899875	3.206431682851678	-71.55065666735872
0.0346736850452532	3.2022776979650063	-74.75774912142374
0.034994516702835765	3.187855431301748	-78.00445182816472
0.035318316979195734	3.1630282835568053	-81.2698430508168
0.03564511334262446	3.127966601819992	-84.53227386219967
0.03597493351557427	3.083142983756214	-87.77021132379386
0.03630780547701017	3.029303275848789	-90.9630704860481
0.03664375746478335	2.9674171411410657	-94.09195660837878
0.03698281797802665	2.8986149407437263	-97.14025444492005
0.037325015779572084	2.824119030441969	-100.09402623273354
0.037670379898390914	2.7451772786113513	-102.94220799126964
0.038018939632056145	2.663004997584157	-105.67661883272514
0.0383707245492279	2.57873915985987	-108.29181598198127
0.038725764492161745	2.4934063837111813	-110.7848374905913
0.03908408957924023	2.407904196770064	-113.1548759032404
0.03944573020752787	2.3229937564255407	-115.40292152895917
0.039810717055349755	2.239301539613638	-117.53140605672853
0.04017908108489402	2.157327388919131	-119.54386831214258
0.040550853544838415	2.0774565381978034	-121.44465558661834
0.040926065973001115	1.999973667083079	-123.23866707220814
0.041304750199016166	1.925077516701737	-124.93114080999612
0.04168693834703357	1.852895053222889	-126.52748212607727
0.04207266283844444	1.7834945473397363	-128.03312950661368
0.04246195639463132	1.716897232187268	-129.45345290507407
0.042854852039743985	1.653087413325364	-130.79367925194714
0.04325138310350091	1.5920210450665622	-132.05884017601466
0.04365158322401663	1.5336328731600972	-133.253737440993
0.044055486350655364	1.4778422895336718	-134.38292220857554
0.04446312674691091	1.4245580630659882	-135.4506848648187
0.04487453899331325	1.3736821109468849	-136.46105273814604
0.04528975799036211	1.3251124653270185	-137.41779356440196
0.04570881896148754	1.2787455745990608	-138.32442300776668
0.04613175745603798	1.2344780611394046	-139.18421492450176
0.04655860935229591	1.1922080396776855	-140.00021336596387
0.04698941086052156	1.1518360838723145	-140.77524556562602
0.04742419852602448	1.1132659137394372	-141.51193535142386
0.04786300923226385	1.07640486354425	-142.21271657835845
0.04830588020397728	1.04116417862393	-142.87984629490595
0.048752849010338654	1.0074591802467905	-143.5154174473928
0.04920395356814511	0.9752093298420262	-144.12137099486657
0.04965923214503363	0.9443382175457932	-144.69950735806526
0.05011872336272725	0.9147734948075897	-145.2514971635712
0.05058246620031143	0.886446766585293	-145.77889127144246
0.051050499997540646	0.8592934552682939	-146.28313009381887
0.05152286445817567	0.833252645750937	-146.76555222528356
0.05199959965335162	0.8082669189151027	-147.22740241449443
0.052480746024977286	0.7842821790616008	-147.66983891203645
0.05296634438916581	0.7612474794710122	-148.09394023243325
0.05345643593969719	0.7391148492059296	-148.50071136944655
0.05395106225151279	0.7178391234279787	-148.89108950374893
0.05445026528424215	0.6973777788485551	-149.26594924114482
0.05495408738576248	0.6776907754259778	-149.62610741799358
0.0554625712957911	0.658740405029282	-149.97232750864583
0.05597576014951104	0.6404911474913766	-150.3053236675932
0.05649369748123028	0.622909534246313	-150.62576443687814
0.05701642722807478	0.605964019576192	-150.93427614710413
0.05754399373371572	0.5896248593686583	-151.2314460382224
0.05807644175213124	0.5738639971940482	-151.51782512421912
0.05861381645140291	0.5586549574500608	-151.7939308238117
0.059156163417547425	0.5439727452771889	-152.06024937744058
0.05970352865838372	0.529793752923447	-152.31723806907286
0.06025595860743581	0.5160956722213272	-152.56532726974575
0.060813500127871824	0.5028574128359244	-152.80492231826685
0.061376200516479455	0.49005902594393136	-153.0364052531375
0.06194410750767818	0.4776816330102055	-153.26013640850172
0.06251726927756862	0.4657073593393371	-153.47645588576793
0.06309573444801936	0.45411927209130315	-153.6856849115193
0.06367955209079162	0.44290132246542385	-153.8881270913585
0.064268771731702	0.4320382917712788	-154.0840695684764
0.06486344335482389	0.42151574112151213	-154.2737840949327
0.06546361740672754	0.41131996449637387	-154.45752802293345
0.06606934480075964	0.40143794494584745	-154.63554522272707
0.06668067692136226	0.391857313710006	-154.80806693315728
0.06729766562843181	0.3825663120527365	-154.9753125503725
0.0679203632617185	0.3735537556178921	-155.1374903597069
0.0685488226452662	0.36480900113001635	-155.2947982153063
0.0691830970918937	0.35632191527443363	-155.44742417167055
0.06982324040771719	0.3480828456029491	-155.59554707092553
0.07046930689671474	0.34008259332258045	-155.73933708930335
0.07112135136533296	0.33231238783510225	-155.8789562460125
0.07177942912713622	0.32476386290449816	-156.01455887740954
0.07244359600749906	0.3174290343386889	-156.1462920791334
0.0731139083483418	0.3103002790800414	-156.27429611864184
0.07379042301291015	0.30337031560685573	-156.39870482038526
0.07447319739059896	0.2966321855553843	-156.51964592566463
0.07516228940182061	0.2900792364783121	-156.6372414290564
0.07585775750291844	0.2837051056620626	-156.75160789312645
0.07655966069112569	0.2775037049306941	-156.86285674302263
0.07726805850957029	0.2714692063697267	-156.97109454239896
0.07798301105232594	0.26559602890774575	-157.0764232520167
0.07870457896950993	0.25987882569853626	-157.17894047225246
0.07943282347242822	0.2543124722503238	-157.27873967065216
0.08016780633876798	0.24889205525268765	-157.3759103955782
0.0809095899178383	0.24361286205531796	-157.4705384769156
0.0816582371358593	0.23847037075597	-157.5627062147287
0.0824138115013003	0.2334602408580022	-157.65249255669286
0.08317637711026717	0.2285783044608681	-157.73997326506014
0.08394599865193982	0.22382055794922667	-157.82522107386484
0.08472274141405972	0.2191831541490566	-157.90830583701774
0.08550667128846841	0.21466239492112954	-157.9892946678926
0.0862978547766971	0.2102547241644188	-158.0682520709631
0.08709635899560814	0.2059567212037951	-158.14524006600726
0.08790225168308852	0.20176509453824273	-158.2203183053595
0.08871560120379617	0.19767667592733654	-158.29354418465599
0.08953647655495947	0.19368841479535295	-158.36497294748548
0.09036494737223023	0.18979737293366225	-158.43465778433207
0.09120108393559107	0.18600071948346908	-158.502649926165
0.09204495717531722	0.18229572618206594	-158.56899873300904
0.09289663867799372	0.17867976285694873	-158.63375177780466
0.09375620069258811	0.17515029315315547	-158.69695492584538
0.09462371613657934	0.17170487048015512	-158.75865241006133
0.09549925860214364	0.16834113416547541	-158.81888690239947
0.0963829023623971	0.16505680580316975	-158.8776995815334
0.09727472237769656	0.16184968578588296	-158.93513019712086
0.09817479430199849	0.15871765001010543	-158.99121713081294
0.09908319448927681	0.15565864674478355	-159.04599745420484
0.10000000000000005	0.15267069365413682	-159.09950698390594
0.10092528860766849	0.1497518749660718	-159.15178033389628
0.10185913880541175	0.14690033877816966	-159.20285096532433
0.1028016298126474	0.14411429449365318	-159.25275123389315
0.10375284158180131	0.1413920103803072	-159.3015124349707
0.10471285480509002	0.13873181124567996	-159.3491648465532
0.1056817509213659	0.1361320762223445	-159.39573777020232
0.10665961212302584	0.13359123665740597	-159.44125957006807
0.10764652136298355	0.1311077741007277	-159.48575771010587
0.10864256236170661	0.12868021838677918	-159.5292587895855
0.10964781961431856	0.12630714580525448	-159.5717885769881
0.1106623783977667	0.1239871773559512	-159.6133720423791
0.11168632477805618	0.12171897708366304	-159.65403338834105
0.1127197456175511	0.11950125048911986	-159.69379607954613
0.11376272858234315	0.11733274301225062	-159.73268287104275
0.11481536214968835	0.11521223858430742	-159.7707158353283
0.11587773561551268	0.1131385582456067	-159.80791638827475
0.11694993910198717	0.11111055882587033	-159.84430531397297
0.11803206356517304	0.10912713168439526	-159.87990278855673
0.11912420080273756	0.10718720150746458	-159.91472840306642
0.12022644346174137	0.10528972516066097	-159.94880118541016
0.1213388850464978	0.103433690593956	-159.98213962147835
0.12246161992650495	0.10161811579767925	-160.01476167546707
0.12359474334445113	0.09984204780772744	-160.04668480946557
0.12473835142429439	0.09810456175863241	-160.07792600236328
0.1258925411794168	0.09640475998340946	-160.10850176813332
0.12705741052085426	0.09474177115944098	-160.1384281735529
0.12823305826560225	0.09311474950006811	-160.16772085542382
0.1294195841449987	0.09152287399200178	-160.19639503736485
0.13061708881318423	0.08996534767929248	-160.22446554625458
0.1318256738556408	0.0884413969952882	-160.2519468284186
0.13304544179780922	0.08695027114497184	-160.2788529656719
0.13427649611378642	0.0854912415412558	-160.30519769135392
0.13551894123510363	0.08406360130041624	-160.33099440653007
0.13677288255958495	0.08266666480398344	-160.3562561965846
0.13803842646028852	0.08129976733730453	-160.38099584850534
0.13931568029453034	0.07996226481900871	-160.40522586926477
0.14060475241299142	0.0786535336412083	-160.4289585058617
0.14190575216890927	0.07737297064826179	-160.45220576781605
0.1432187899273544	0.07611999329345732	-160.4749794532622
0.1445439770745928	0.07489404002991158	-160.4972911803194
0.1458814260275349	0.07369457101737589	-160.51915242625904
0.14723125024327194	0.07252106926532932	-160.5405745783262
0.14859356422870074	0.0713730423931448	-160.56156900226603
0.1499684835502374	0.07025002528453271	-160.58214713828443
0.15135612484362088	0.06915158407155718	-160.60232064053713
0.15275660582380732	0.06807732215052083	-160.62210158761098
0.154170045294956	0.06702688939808296	-160.64150281255056
0.1555965631605075	0.06599999660114249	-160.66053844178265
0.1570362804333553	0.06499643871479135	-160.67922481519014
0.15848931924611143	0.06401613375246303	-160.69758213787756
0.15995580286146696	0.0630591908611591	-160.7156376243668
0.1614358556826487	0.06212603647804358	-160.73343191943317
0.16292960326397232	0.06121766556700859	-160.75103340162116
0.16443717232149324	0.0603361906967395	-160.76857380550928
0.16595869074375613	0.059486201405215655	-160.7863512536841
0.16749428760264382	0.05867878161949578	-160.80519940487318
0.1690440931643265	0.057947166379959156	-160.8283464600704
0.17060823890031243	0.05744974398103425	-160.87977134383
0.1721868574986008	0.06111908165840988	-166.33168934013997
0.17378008287493762	0.05438835808420475	-160.9220918596578
0.17538805018417622	0.054011891864919205	-160.88942743317378
0.1770108958317422	0.053382969269720436	-160.89586915867997
0.17864875748520517	0.052706244468488796	-160.90740334407457
0.180301774085957	0.05202079777959736	-160.92017725370437
0.18197008586099844	0.051339234223863286	-160.9332807611056
0.18365383433483473	0.05066674589433022	-160.94641457081042
0.18535316234148125	0.05000578312332123	-160.95946048360446
0.18706821403658017	0.04935759244893086	-160.9723669891267
0.18879913490962946	0.04872282656761885	-160.98511106811446
0.19054607179632482	0.04810181983086857	-160.99768328581283
0.19230917289101596	0.04749472531559725	-161.01008126787832
0.19408858775927793	0.04690158834272895	-161.02230658348188
0.19588446735059908	0.04632238835927253	-161.03436315091972
0.1976969640111862	0.04575706401288345	-161.04625637749797
0.19952623149688808	0.04520552880696301	-161.05799267667012
0.20137242498623895	0.04466768123615614	-161.06957918974825
0.2032357010936223	0.04414341156366974	-161.08102362395488
0.20511621788255668	0.04363260648946422	-161.0923341595929
0.20701413487910436	0.04313515245783269	-161.10351940005043
0.2089296130854041	0.04265093806752644	-161.11458834952782
0.2108628149933291	0.04217985587935883	-161.12555040956852
0.21281390459827135	0.04172180381406958	-161.1364153890325
0.21478304741305343	0.041276686269565536	-161.14719352426476
0.21677041048196952	0.040844415046063905	-161.15789550750475
0.2187761623949553	0.04042491014125009	-161.1685325224043
0.22080047330189004	0.040018100460096157	-161.1791162860619
0.22284351492703042	0.03962392447225699	-161.18965909735093
0.22490546058357816	0.039242330842026246	-161.20017389158826
0.22698648518838224	0.03887327905042761	-161.21067430179724
0.22908676527677735	0.03851674002535165	-161.22117472698704
0.23120647901755953	0.03817269679320086	-161.2316904080256
0.23334580622810033	0.03784114516392957	-161.24223751182276
0.23550492838960102	0.03752209446044292	-161.2528332246893
0.23768402866248772	0.03721556830288349	-161.26349585588588
0.2398832919019491	0.03692160545830698	-161.27424495254306
0.2421029046736179	0.036640260766548215	-161.28510142731585
0.24434305526939726	0.03637160615368058	-161.2960877003429
0.246603933723434	0.03611573174535492	-161.30722785731493
0.24888573182823917	0.035872747093466335	-161.31854782572802
0.25118864315095807	0.0356427825310502	-161.33007557170896
0.2535128630497908	0.035425990672077905	-161.34184132016185
0.25585858869056466	0.03522254807493912	-161.35387780140704
0.2582260190634597	0.03503265709091184	-161.36622052797676
0.26061535499988964	0.034856547921893855	-161.37890810580905
0.2630267991895383	0.0346944809151724	-161.39198258476202
0.26546055619755404	0.03454674912714209	-161.40548985417118
0.2679168324819033	0.034413681192756236	-161.41948009012037
0.2703958364108845	0.03429564454325894	-161.43400826222168
0.2728977782808042	0.03419304902156703	-161.44913470903586
0.27542287033381674	0.03410635095277083	-161.46492579286226
0.277971326775929	0.034036057736865154	-161.4814546465364
0.2805433637951715	0.033982733042332944	-161.49880202716966
0.28313919957993805	0.033947002693000605	-161.51705729453
0.2857590543374948	0.03392956135716593	-161.53631953511032
0.2884031503126607	0.033931180168011346	-161.55669885698944
0.29107171180666064	0.03395271542855962	-161.57831788554358
0.2937649651961532	0.03399511858391635	-161.6013134961203
0.2964831389524344	0.03405944767956618	-161.62583882723015
0.29922646366081906	0.034146880568693	-161.65206562699592
0.30199517204020176	0.03425873018598508	-161.68018699698658
0.30478949896279844	0.03439646227289716	-161.71042061175172
0.307609681474071	0.034561716023409315	-161.74301251013708
0.3104559588128357	0.03475632822457349	-161.77824157682673
0.3133285724315587	0.034982361598663206	-161.8164248608677
0.3162277660168381	0.035242138221598995	-161.85792391398502
0.31915378551007634	0.03553827910626731	-161.90315237768783
0.3221068791283436	0.03587375131384357	-161.95258510774553
0.32508729738543457	0.03625192431086385	-162.00676920198944
0.3280952931131192	0.03667663775133393	-162.06633739863088
0.3311311214825913	0.03715228346853771	-162.13202444577087
0.33419504002611444	0.03768390526177787	-162.20468722025552
0.3372873086588691	0.03827732113126071	-162.28532961209214
0.34040818970100106	0.038939274052296274	-162.3751335129906
0.34355794789987465	0.039677619335239285	-162.4754976884954
0.34673685045253166	0.04050155930427983	-162.58808692276156
0.3499451670283573	0.04142193976143011	-162.7148946776682
0.353183169791957	0.042451627951888005	-162.85832371549975
0.3564511334262443	0.043605999224489246	-163.02129086771006
0.35974933515574237	0.04490357037834641	-163.2073646565888
0.3630780547701014	0.04636683350862786	-163.42094821124084
0.36643757464783333	0.04802336771704031	-163.6675255396279
0.3698281797802663	0.04990734171097539	-163.9539978354998
0.3732501577957206	0.052061575288323975	-164.28914998175748
0.37670379898390893	0.054540414109798666	-164.68430898165397
0.38018939632056126	0.057413810785156054	-165.15429140856983
0.38370724549227886	0.06077323253919038	-165.71879650234044
0.3872576449216173	0.064740396510123	-166.4045047802697
0.3908408957924021	0.0694804856108925	-167.24832692167922
0.39445730207527846	0.07522263448756598	-168.3025906392007
0.3981071705534973	0.08229247608013707	-169.64361379810993
0.40179081084894	0.09116501493093866	-171.3864346404599
0.40550853544838394	0.10255165315839601	-173.71121551994938
0.40926065973001097	0.11754116600591409	-176.91266512540395
0.41304750199016144	0.13780277432215282	178.50412624002823
0.41686938347033553	0.16571776855280426	171.63840114141914
0.4207266283844442	0.20345096057899167	160.89129926846923
0.424619563946313	0.24657243354625802	143.9385776374543
0.4285485203974396	0.2686190357989867	120.24358807181248
0.43251383103500884	0.24257709771925084	96.08977330317934
0.4365158322401661	0.1943591715199719	78.44744784840202
0.44055486350655343	0.15264963118172017	67.3522756646427
0.4446312674691088	0.12223276326698057	60.47295933435431
0.4487453899331323	0.10045943288187809	56.11702202264688
0.4528975799036209	0.0845527318473031	53.32606527371236
0.4570881896148752	0.07261268560303716	51.56678975932737
0.46131757456037953	0.06342353190558102	50.53195165528513
0.4655860935229591	0.05620438975712637	50.036381480324124
0.4698941086052156	0.050442814965285854	49.96291359401802
0.4742419852602448	0.04579443247818466	50.23281346593558
0.47863009232263853	0.04202298438290006	50.78827231557912
0.48305880203977286	0.03896386126536937	51.58091339148495
0.4875284901033865	0.03650123703040155	52.56333158258439
0.4920395356814511	0.03455312851673696	53.68230577923469
0.49659232145033627	0.03306105241725373	54.87333340983876
0.5011872336272725	0.03198228137952434	56.05688775528874
0.5058246620031143	0.03128351891074928	57.13735024266382
0.5105049999754064	0.030935435367711026	58.00579327266197
0.5152286445817567	0.03090816823764411	58.547482979116296
0.5199959965335162	0.031168836213637818	58.65402392319702
0.5248074602497729	0.03168378191776536	58.238572915194574
0.5296634438916581	0.03243191897803003	57.250725577088005
0.5345643593969719	0.03344680469119677	55.685414865095
0.5395106225151278	0.034956669630797486	53.574485901424126
0.5445026528424215	0.03807393958159479	50.90580955559259
0.5495408738576248	0.05489354598143291	46.163055232717
0.5546257129579107	0.012490847230233304	42.58814058689143
0.5597576014951101	0.023533909085473467	43.03640461349478
0.5649369748123025	0.025560574653143688	40.38728320425786
0.5701642722807475	0.026067881000097857	37.79474741602833
0.5754399373371569	0.02604026870260635	35.35100899565065
0.580764417521312	0.0257870451706159	33.02000273704003
0.5861381645140288	0.02537511167692302	31.02632146698575
0.591561634175474	0.024971012007191262	28.999129419928412
0.5970352865838369	0.02454678415561703	27.099751489374167
0.6025595860743578	0.02412713055341358	25.2977907090981
0.6081350012787179	0.02372176266387729	23.59134246343039
0.6137620051647943	0.023338235692060828	21.993782710762545
0.6194410750767815	0.022987008514859693	20.528426735784215
0.6251726927756859	0.02268391325890902	19.22022427969876
0.6309573444801934	0.022450162891877897	18.08650998394143
0.6367955209079159	0.02231066234778347	17.130443845895062
0.6426877173170197	0.02229208865894695	16.339380734501006
0.6486344335482385	0.022422055954017875	15.687651216413915
0.654636174067275	0.022729821358904785	15.141321225278972
0.6606934480075961	0.02324791514358898	14.662374010411076
0.6668067692136223	0.02401234965343245	14.210715638633607
0.6729766562843179	0.0250522988775892	13.743261435460282
0.6792036326171846	0.026318864000431336	13.20933292205063
0.6854882264526617	0.027071573375688458	12.539843443805726
0.6918309709189366	0.2886511774387719	-169.1376494480794
0.6982324040771715	0.045488195054196094	10.288470807758024
0.704693068967147	0.05386606708455838	8.038379918084381
0.7112135136533292	0.07373448130467039	3.6032834946235828
0.7177942912713619	0.12780403909195379	-8.668789995314647
0.7244359600749902	0.2739275976155267	-72.69718149467128
0.7311390834834176	0.11325463200680462	-136.54306887759807
0.7379042301291011	0.05786261807294811	-148.78428756939996
0.7447319739059892	0.03708270385530281	-153.2107888426298
0.7516228940182057	0.02648676136973698	-155.45126617231202
0.758577575029184	0.02013162634083286	-156.79198133854464
0.7655966069112565	0.015927366654039002	-157.67819165609146
0.7726805850957026	0.012958158323687826	-158.3039063911199
0.7798301105232589	0.010761056634889446	-158.76699179395814
0.7870457896950989	0.009077395625952292	-159.12210969639182
0.7943282347242817	0.007751518608149289	-159.4021782378683
0.8016780633876793	0.006684238056630596	-159.62821061307372
0.8090958991783825	0.005809400479246703	-159.81426437309716
0.8165823713585927	0.00508120694150186	-159.97011936556152
0.8241381150130025	0.004466942579553424	-160.1028150250134
0.8317637711026713	0.00394260203451179	-160.21757778292456
0.8394599865193977	0.00349014753827504	-160.31840532776278
0.8472274141405968	0.0030957279061865134	-160.4084496793318
0.8550667128846836	0.0027484835657657363	-160.4902785090844
0.8629785477669706	0.0024397192066077573	-160.566061200796
0.870963589956081	0.002162311405530791	-160.63770799004809
0.8790225168308847	0.0019102668801079519	-160.70697987986392
0.8871560120379608	0.0016783742705858014	-160.77557970049605
0.8953647655495938	0.001461906669615219	-160.84522674561143
0.9036494737223014	0.0012563370195114892	-160.91770109067744
0.9120108393559097	0.0010570241108280507	-160.9947939297641
0.9204495717531712	0.0008588093810919414	-161.07791423555642
0.9289663867799363	0.0006554227364515431	-161.1662427393094
0.9375620069258802	0.0004385002362470713	-161.24671544342624
0.946237161365793	0.0001957910852091311	-161.19030909429893
0.9549925860214359	0.00009248230019481574	17.22527440094134
0.9638290236239705	0.00046166623551228194	17.61568591706492
0.9727472237769651	0.0009839550274776839	17.195613516154175
0.9817479430199844	0.0018355089387591286	16.343828213685946
0.9908319448927676	0.003594001770750529	14.45314029494211
1.	0.009861254635153664	7.449289677421217
1.0092528860766845	0.02678245761631102	-129.92851921897721
1.0185913880541169	0.0073073586257946166	-153.17170650939673
1.0280162981264735	0.0045072582588766945	-156.28109882157923
1.0375284158180127	0.0033950050820604487	-157.49336476335372
1.0471285480508996	0.002794389433112946	-158.13754766805926
1.0568175092136585	0.0024173932251465038	-158.53728420885525
1.066596121230258	0.0021592041596661827	-158.8103240221131
1.076465213629835	0.0019726198744177198	-159.00995049866407
1.0864256236170655	0.0018333386614694212	-159.16397810233573
1.096478196143185	0.001727683640386243	-159.2885546600759
1.1066237839776665	0.001647503372588906	-159.3939305469359
1.1168632477805611	0.0015878050144192456	-159.48719092681804
1.1271974561755105	0.0015455729861836136	-159.57369774203875
1.137627285823431	0.0015191632865634618	-159.6579442254129
1.1481536214968828	0.0015080142281071389	-159.74414464066408
1.1587773561551262	0.0015125654287650983	-159.83673620584048
1.1694993910198712	0.0015343573064240433	-159.94092444310093
1.1803206356517297	0.0015763472364838918	-160.06341973272689
1.1912420080273751	0.0016435645246332612	-160.21360236597167
1.2022644346174132	0.0017443942850785263	-160.4055862002482
1.2133888504649775	0.0018931794268793186	-160.66224435295553
1.2246161992650488	0.0021159202375866785	-161.02390925312062
1.2359474334445106	0.002464312346248693	-161.56972161890755
1.2473835142429432	0.0030567657312839712	-162.48005402612586
1.2589254117941675	0.004234779558063199	-164.27550480273646
1.270574105208542	0.007533722112444549	-169.32241249061366
1.2823305826560218	0.03462428281618734	136.32562988189397
1.2941958414499863	0.008104359865494987	34.45155054771621
1.3061708881318417	0.0037218404045729907	27.75511991020751
1.3182567385564075	0.0023273137784184245	25.64964205143004
1.3304544179780915	0.0016513719685819594	24.635739370641527
1.3427649611378643	0.0012564018869289518	24.047939176238554
1.3551894123510364	0.0009997920078490296	23.66970574527854
1.3677288255958495	0.0008213389582911912	23.409345684468974
1.3803842646028852	0.0006912838266147094	23.221133590026675
1.3931568029453036	0.000593256783816964	23.07944776871446
1.4060475241299144	0.0005175326183415702	22.968517722107553
1.4190575216890926	0.00045799339762109416	22.877763360221184
1.432187899273544	0.0004106230146193984	22.79942254112065
1.4454397707459279	0.0003727051309084293	22.72719823061734
1.4588142602753489	0.00034237289687446073	22.65536839746322
1.4723125024327193	0.00031834877163686295	22.578071081025733
1.4859356422870074	0.00029979651813191434	22.488569824029064
1.499684835502374	0.00028624895517379603	22.378300369793614
1.5135612484362087	0.0002776005262984454	22.23539740607436
1.5275660582380732	0.00027417799133902	22.04212037701322
1.54170045294956	0.0002769428080106126	21.769882713931118
1.555965631605075	0.00028797654541377107	21.368620314464877
1.5703628043335531	0.00031169850407942345	20.741044894853594
1.584893192461114	0.00035838408737731394	19.668798244591553
1.5995580286146696	0.0004571347484018441	17.538779908266335
1.6143585568264869	0.0007300656857636077	11.740003552077756
1.629296032639723	0.002392234908080093	-32.24454796424476
1.6443717232149324	0.0007885393941307941	-136.67630520385106
1.6595869074375613	0.00032772139200319976	-146.3518578385487
1.6749428760264382	0.00018838112873215747	-149.20472355509872
1.690440931643265	0.00012342599143560782	-150.50211092157514
1.7060823890031243	0.00008679912161837076	-151.20095971919878
1.7218685749860079	0.00006381951783275176	-151.60519402837244
1.7378008287493762	0.00004838527500708975	-151.84124344595685
1.753880501841762	0.000037517868338235104	-151.97100453585423
1.770108958317422	0.00002959688412469612	-152.02829137749436
1.7864875748520517	0.0000236691268301049	-152.03308754725353
1.803017740859568	0.000019139857270577823	-151.99791521156695
1.8197008586099825	0.000015620545743043448	-151.93097778257658
1.8365383433483455	0.000012847870103089267	-151.83783407944307
1.8535316234148105	0.000010637926186050023	-151.72234642106113
1.8706821403657996	8.859030877300861e-6	-151.58724501021175
1.8879913490962925	7.414890300565931e-6	-151.43447810342926
1.9054607179632463	6.233815021884669e-6	-151.26543695088375
1.9230917289101574	5.261601843037563e-6	-151.08110458727413
1.9408858775927773	4.456713765115337e-6	-150.88215671039427
1.958844673505989	3.786942483470601e-6	-150.6690314940088
1.97696964011186	3.2270516730395347e-6	-150.44197870981978
1.9952623149688788	2.7570837319538127e-6	-150.20109472779708
2.0137242498623875	2.3611242861499307e-6	-149.94634765757368
2.032357010936221	2.0263881633651463e-6	-149.67759545717215
2.0511621788255647	1.7425347374771616e-6	-149.39459891868572
2.0701413487910414	1.5011492932257393e-6	-149.0970308424775
2.0892961308540388	1.2953461303344914e-6	-148.7844823132454
2.108628149933289	1.1194619992833604e-6	-148.45646672110843
2.1281390459827114	9.688172924208917e-7	-148.11242198428639
2.147830474130533	8.395285625968426e-7	-147.7517112989398
2.167704104819694	7.283602803819737e-7	-147.3736226482964
2.1877616239495516	6.326068412064666e-7	-146.97736723555667
2.208004733018899	5.499980746292206e-7	-146.56207695545166
2.228435149270303	4.786231450322912e-7	-146.1268009825315
2.2490546058357803	4.1686894091282323e-7	-145.6705015267896
2.2698648518838214	3.6336994939961985e-7	-145.1920487867623
2.2908676527677723	3.1696728818990767e-7	-144.69021511526847
2.312064790175594	2.766750786060597e-7	-144.16366840256467
2.333458062281002	2.4165273368020415e-7	-143.61096467544613
2.355049283896009	2.1118203495832332e-7	-143.03053990866735
2.376840286624876	1.846481035611136e-7	-142.42070104731127
2.39883291901949	1.6152355146461898e-7	-141.779616246066
2.4210290467361775	1.4135524020157646e-7	-141.1053043448562
2.4434305526939712	1.237531853607202e-7	-140.39562362142715
2.4660393372343385	1.0838123323433633e-7	-139.648259892341
2.4888573182823905	9.494920592269807e-8	-138.8607140770713
2.5118864315095797	8.32062670984606e-8	-138.0302893988645
2.535128630497907	7.293530549116462e-8	-137.15407847501942
2.5585858869056453	6.394816930365051e-8	-136.2289506534186
2.582260190634596	5.608161402502694e-8	-135.251540087783
2.6061535499988953	4.919384986589801e-8	-134.21823521849836
2.6302679918953813	4.316159441205441e-8	-133.12517054716363
2.654605561975539	3.787755193882306e-8	-131.968221869891
2.6791683248190314	3.324825383393418e-8	-130.7430064751258
2.703958364108843	2.9192205285004157e-8	-129.44489022275158
2.7289777828080406	2.5638292231213745e-8	-128.06900390452134
2.7542287033381663	2.2524409903674952e-8	-126.61027183517423
2.7797132677592886	1.979628036356562e-8	-125.06345621878705
2.805433637951713	1.7406431515887212e-8	-123.42322143398724
2.831391995799379	1.5313314311637335e-8	-121.68422291064407
2.8575905433749464	1.3480538400423393e-8	-119.84122561172026
2.8840315031266055	1.1876209480183875e-8	-117.88925711363454
2.910717118066605	1.047235411005654e-8	-115.82379966002784
2.9376496519615305	9.244419888071589e-9	-113.64102405075873
2.9648313895243423	8.17084071387499e-9	-111.33806548936077
2.992264636608189	7.232658411695089e-9	-108.91333724308127
3.019951720402016	6.413193321923575e-9	-106.36687199871068
3.047894989627983	5.6977576112491936e-9	-103.700673245342
3.076096814740708	5.073406020555521e-9	-100.91905048381935
3.1045595881283554	4.5287195761624765e-9	-98.02890379894926
3.1332857243155856	4.05361843550182e-9	-95.03991726540481
3.1622776601683795	3.6392005224940888e-9	-91.96461919465317
3.1915378551007616	3.2776029348141225e-9	-88.81827268869355
3.2210687912834346	2.9618832915020757e-9	-85.61857371989402
3.250872973854344	2.6859182698574893e-9	-82.38515549425391
3.2809529311311905	2.4443166074557427e-9	-79.13892421321239
3.311311214825911	2.232343875654792e-9	-75.9012773622347
3.3419504002611427	2.0458563966293187e-9	-72.69327522449026
3.372873086588689	1.881241705226952e-9	-69.53484434798851
3.404081897010009	1.7353624748289168e-9	-66.44408580786416
3.4355794789987466	1.6054970644516977e-9	-63.436741528002116
3.4673685045253166	1.489237345450063e-9	-60.52582715161152
3.499451670283573	1.3833605173223253e-9	-57.72017553876715
3.53183169791957	1.292354138141413e-9	-55.031359740202305
3.5645113342624426	1.2062452578006304e-9	-52.460501663014846
3.5974933515574232	1.1280884736667758e-9	-50.01066181060351
3.630780547701014	1.0565118955653705e-9	-47.68245949704396
3.664375746478333	9.906288439669158e-10	-45.47460048476154
3.6982817978026628	9.297284016975534e-10	-43.384434441354514
3.732501577957206	8.732241356820553e-10	-41.408287024146226
3.767037989839089	8.20628325713117e-10	-39.54174525563698
3.801893963205613	7.715333920315869e-10	-37.779899858223075
3.8370724549227884	7.255971177479027e-10	-36.117545143066806
3.8725764492161727	6.825305864424773e-10	-34.54933913801156
3.908408957924021	6.420882911983711e-10	-33.069928185200695
3.944573020752785	6.040600398021253e-10	-31.674040958920262
3.981071705534973	5.682643558835445e-10	-30.356556954178817
4.0179081084894	5.345431230993035e-10	-29.11255420387427
4.055085354483839	5.02757256831478e-10	-27.937340476427405
4.09260659730011	4.727832202029832e-10	-26.826471612212284
4.130475019901614	4.4451022981190605e-10	-25.77576005668396
4.168693834703355	4.1783802178413557e-10	-24.78127608771966
4.207266283844442	3.926750706828921e-10	-23.83934373787049
4.24619563946313	3.6893717266975756e-10	-22.9465329872663
4.285485203974396	3.465463203251698e-10	-22.09964944900048
4.325138310350088	3.2542980999429024e-10	-21.295722480114964
4.365158322401661	3.0551953373412657e-10	-20.531992419724027
4.405548635065534	2.8675141720477673e-10	-19.805897472671326
4.446312674691089	2.6906497245910447e-10	-19.115060614072103
4.487453899331323	2.5240294080213166e-10	-18.457276779643614
4.528975799036209	2.3671100594474416e-10	-17.830500522385176
4.570881896148752	2.2193756176617363e-10	-17.232834252491497
4.613175745603791	2.0803352229669514e-10	-16.662517129886254
4.655860935229586	1.949521641801736e-10	-16.117914643829067
4.698941086052151	1.8264899399564876e-10	-15.597508888783109
4.742419852602444	1.7108163450761424e-10	-15.099889527841215
4.7863009232263805	1.602097252582425e-10	-14.623745422708843
4.830588020397723	1.49994833978595e-10	-14.16785690113101
4.87528490103386	1.4040037613480972e-10	-13.731088627653607
4.920395356814506	1.3139154058393077e-10	-13.312383040897403
4.965923214503357	1.2293521982862867e-10	-12.910754319464298
5.01187233627272	1.1499994375977278e-10	-12.525282838711115
5.058246620031137	1.0755581608424569e-10	-12.155110081554396
5.105049999754059	1.0057445287150499e-10	-11.79943396794106
5.152286445817562	9.402892283143743e-11	-11.457504569433835
5.1999599653351565	8.789368907022744e-11	-11.128620177370186
5.248074602497723	8.21445521700263e-11	-10.812123695152025
5.296634438916575	7.675859450996498e-11	-10.507399327336806
5.345643593969713	7.17141257966778e-11	-10.213869540272885
5.395106225151273	6.699062980693296e-11	-9.930992271020868
5.445026528424209	6.256871236707466e-11	-9.658258363202796
5.495408738576242	5.843005060684379e-11	-9.395189210210056
5.5462571295791046	5.4557343531163524e-11	-9.141334587871984
5.597576014951099	5.093426395453719e-11	-8.896270660238235
5.649369748123022	4.754541184025863e-11	-8.659598143560475
5.701642722807472	4.437626908181955e-11	-8.430940614877123
5.754399373371567	4.1413155757565675e-11	-8.209942952813842
5.807644175213118	3.8643187882452724e-11	-7.99626989931795
5.861381645140285	3.6054236673185616e-11	-7.789604732054774
5.9156163417547365	3.3634889335424016e-11	-7.5896480381140705
5.970352865838366	3.137441137437976e-11	-7.396116580512017
6.025595860743575	2.9262710423181076e-11	-7.208742249736421
6.081350012787176	2.7290301576952383e-11	-7.027271093274538
6.137620051647939	2.5448274214732664e-11	-6.851462416691888
6.194410750767812	2.3728260286156553e-11	-6.681087950401044
6.251726927756855	2.21224040352616e-11	-6.515931076777509
6.30957344480193	2.0623333129858022e-11	-6.3557861127498505
6.367955209079155	1.9224131161569815e-11	-6.20045764341818
6.426877173170194	1.7918311478903433e-11	-6.04975990264221
6.486344335482381	1.6699792313480996e-11	-5.903516196891825
6.546361740672747	1.556287315784539e-11	-5.761558368972484
6.6069344800759575	1.4502212351963577e-11	-5.623726298527632
6.668067692136218	1.3512805834676135e-11	-5.489867436483948
6.729766562843175	1.258996701582402e-11	-5.359836370844866
6.792036326171843	1.1729307724585243e-11	-5.233494421455533
6.854882264526613	1.0926720189637755e-11	-5.110709261560678
6.918309709189363	1.0178360007090556e-11	-4.991354564157404
6.9823240407717115	9.480630052662771e-12	-4.875309671309077
7.046930689671467	8.830165295305422e-12	-4.762459284736484
7.112135136533288	8.223818470327817e-12	-4.652693176138888
7.177942912713615	7.658646571081079e-12	-4.5459059158223365
7.244359600749899	7.131898119344408e-12	-4.441996618326349
7.311390834834173	6.641001175733476e-12	-4.340868703844105
7.379042301291007	6.18355205268588e-12	-4.242429674326294
7.447319739059888	5.757304693861746e-12	-4.146590903246002
7.516228940182053	5.360160685110316e-12	-4.053267438081469
7.585775750291836	4.99015986348723e-12	-3.9623778146468833
7.655966069112561	4.645471492147795e-12	-3.87384388246837
7.726805850957021	4.3243859702823406e-12	-3.787590640464153
7.798301105232586	4.02530704859011e-12	-3.703546082244646
7.870457896950985	3.746744522103706e-12	-3.6216410504008762
7.943282347242813	3.4873073734693565e-12	-3.5418090991981344
8.01678063387679	3.2456973410556983e-12	-3.4639863651372944
8.090958991783822	3.020702887501084e-12	-3.3881114448883354
8.165823713585922	2.8111935455138957e-12	-3.314125280140978
8.241381150130021	2.6161146189097903e-12	-3.2419710489553095
8.317637711026709	2.4344822180029757e-12	-3.1715940632326243
8.394599865193973	2.26537860956415e-12	-3.102941671963523
8.472274141405963	2.1079478626164674e-12	-3.0359631699480016
8.550667128846833	1.9613917723628276e-12	-2.970609711722474
8.629785477669701	1.8249660455245484e-12	-2.906834230473096
8.709635899560805	1.6979767313258865e-12	-2.8445913617670477
8.790225168308842	1.5797768832850505e-12	-2.783837371997829
8.871560120379607	1.4697634378755763e-12	-2.7245300915245347
8.953647655495937	1.367374297012599e-12	-2.666628852599865
9.036494737223014	1.2720856022092287e-12	-2.610094432345162
9.120108393559097	1.1834091891613105e-12	-2.554889001273335
9.204495717531712	1.1008902124880001e-12	-2.500976078231728
9.289663867799362	1.0241049314365564e-12	-2.4483204932239313
9.375620069258803	9.526586486454624e-13	-2.3968883605244917
9.462371613657929	8.861837957112737e-13	-2.346647066103509
9.549925860214358	8.243381616068479e-13	-2.2975652761547134
9.638290236239705	7.66803263479245e-13	-2.2496129785003403
9.727472237769652	7.132828650232135e-13	-2.2027615779253593
9.817479430199844	6.635016574992865e-13	-2.1569840845499004
9.908319448927676	6.172041367830062e-13	-2.1122554712722357
10.	5.741537460192414e-13	-2.0685533563094824
10.092528860766844	5.341324299152602e-13	-2.025859352426209
10.18591388054117	4.96940921100485e-13	-1.9841618918196946
10.280162981264736	4.624005148864078e-13	-1.9434626385752947
10.375284158180126	4.303583104449597e-13	-1.9037927329172835
10.471285480508996	4.0070187400693673e-13	-1.865260658374994
10.568175092136585	3.734052344092058e-13	-1.8282279333567975
10.665961212302578	3.487162771189809e-13	-1.7942279693672527
10.76465213629835	3.284859951107767e-13	-1.7758462585888084
10.864256236170656	3.2029424617355773e-13	-78.85875939329469
10.964781961431852	2.695665384722229e-13	-1.7053119737914304
11.066237839776663	2.5392593759747886e-13	-1.652836580448803
11.168632477805613	2.3711666142494687e-13	-1.616009602815825
11.271974561755105	2.2093548476236318e-13	-1.5821107848036677
11.37627285823431	2.0567616275757547e-13	-1.5495596524051254
11.481536214968829	1.913843755692976e-13	-1.5179540340521898
11.587773561551263	1.7803856319876147e-13	-1.487145894995852
11.694993910198711	1.6559505409958031e-13	-1.4570647726463826
11.803206356517286	1.5400291357961316e-13	-1.4276696933759179
11.912420080273739	1.4320969935035538e-13	-1.3989328738026767
12.022644346174118	1.3316391844596127e-13	-1.3708333192999649
12.133888504649763	1.2381611979755743e-13	-1.3433540580894239
12.246161992650476	1.1511936664930363e-13	-1.3164809062670833
12.359474334445094	1.0702940736078643e-13	-1.2902019775767601
12.47383514242942	9.95046927187335e-14	-1.2645076378739069
12.589254117941662	9.250631327173077e-14	-1.2393908199231563
12.705741052085406	8.599789505589715e-14	-1.2148477473554304
12.823305826560205	7.994547442747996e-14	-1.1908792511257462
12.94195841449985	7.431736321603056e-14	-1.1674930616271262
13.061708881318404	6.90840096130993e-14	-1.1447077983428344
13.182567385564061	6.421785526892708e-14	-1.1225598798301677
13.304544179780901	5.969318108942006e-14	-1.1011145184836064
13.427649611378628	5.5485912032763075e-14	-1.0804740761833962
13.551894123510351	5.1573276947274997e-14	-1.0606957150995808
13.67728825595848	4.7933128950456035e-14	-1.0407642707844071
13.803842646028839	4.4546799127135e-14	-1.0126854977354292
13.931568029453022	4.141022692240932e-14	-0.9804910928462618
14.060475241299129	3.8494879739879655e-14	-0.9613929158165997
14.190575216890911	3.5781274112692666e-14	-0.9444229493219822
14.321878992735424	3.325752743052564e-14	-0.9271997236285949
14.454397707459265	3.091108801314811e-14	-0.909829300100291
14.588142602753473	2.872974535435071e-14	-0.892501581483857
14.723125024327178	2.6701989281875104e-14	-0.8753313462914732
14.859356422870059	2.4817064420975998e-14	-0.8583827159434763
14.996848355023726	2.3064949063955652e-14	-0.8416914286487605
15.135612484362072	2.1436315108129346e-14	-0.8252772773013147
15.275660582380716	1.9922484103249766e-14	-0.8091507899509529
15.417004529495584	1.851538387898705e-14	-0.7933169096682486
15.559656316050734	1.7207507167512462e-14	-0.7777771002360709
15.703628043335515	1.5991872643105042e-14	-0.762530598383979
15.848931924611126	1.486198844718294e-14	-0.747575185402825
15.995580286146678	1.3811818133906159e-14	-0.7329076779165012
16.143585568264854	1.2835748920966578e-14	-0.7185242488567954
16.292960326397214	1.1928562112961849e-14	-0.7044206425630104
16.443717232149307	1.1085405561656187e-14	-0.6905923220085507
16.595869074375596	1.0301768030506149e-14	-0.6770345714214052
16.749428760264365	9.57345533658295e-15	-0.663742568928712
16.90440931643263	8.896568149854556e-15	-0.6507114386499251
17.060823890031227	8.26748133693651e-15	-0.6379362884442569
17.21868574986006	7.682824743513829e-15	-0.6254122374809156
17.378008287493746	7.13946531649238e-15	-0.6131344364835378
17.5388050184176	6.6344904734778836e-15	-0.6010980826319405
17.701089583174202	6.1651926333636065e-15	-0.5892984305215142
17.864875748520497	5.729054827628334e-15	-0.5777308001829525
18.03017740859568	5.323737317406549e-15	-0.5663905828895293
18.197008586099827	4.9470651465056036e-15	-0.5552732452856105
18.365383433483455	4.597016565325383e-15	-0.5443743322323134
18.535316234148105	4.2717122651014425e-15	-0.5336894686669919
18.706821403657997	3.969405366061032e-15	-0.5232143607009188
18.879913490962927	3.688472106970075e-15	-0.512944796126289
19.054607179632463	3.42740318717571e-15	-0.5028766444640984
19.230917289101576	3.1847957156296502e-15	-0.4930058566547353
19.408858775927772	2.9593457245283734e-15	-0.4833284644706709
19.58844673505989	2.7498412081419173e-15	-0.47384057971345944
19.7696964011186	2.555155650138278e-15	-0.4645383932441074
19.952623149688787	2.3742420052576326e-15	-0.45541817388565353
20.137242498623873	2.206127103563515e-15	-0.44647626722885614
20.32357010936221	2.049906447707371e-15	-0.4377090943656669
20.511621788255646	1.9047393756999933e-15	-0.4291131505702369
20.701413487910415	1.7698445635988041e-15	-0.4206850039433217
20.892961308540386	1.6444958443028672e-15	-0.41242129403284544
21.086281499332888	1.5280183203072852e-15	-0.4043187304408942
21.28139045982711	1.4197847498134436e-15	-0.3963740914254181
21.47830474130533	1.3192121870294652e-15	-0.38858422250330776
21.67704104819694	1.2257588588334065e-15	-0.3809460350602019
21.87761623949552	1.1389212612170003e-15	-0.37345650497132526
22.080047330188993	1.0582314600865506e-15	-0.36611267123678226
22.28435149270303	9.832545820759684e-16	-0.3589116346340361
22.490546058357804	9.135864820302163e-16	-0.3518505563897104
22.698648518838212	8.488515747509219e-16	-0.3449266568723823
22.908676527677724	7.887008194644641e-16	-0.3381372143076361
23.12064790175594	7.328098462808886e-16	-0.3314795635163368
23.33458062281002	6.808772146636341e-16	-0.3249510946767997
23.55049283896009	6.326227946293992e-16	-0.31854925211132623
23.76840286624876	5.877862620479447e-16	-0.31227153309738953
23.9883291901949	5.461257000167442e-16	-0.3061154867036069
24.210290467361776	5.074162988481811e-16	-0.30007871265050773
24.434305526939713	4.714491477305563e-16	-0.29415886019601517
24.660393372343385	4.3803011161109395e-16	-0.2883536270454653
24.888573182823905	4.0697878730195965e-16	-0.2826607582859347
25.118864315095795	3.7812753323158053e-16	-0.27707804534457464
25.35128630497907	3.513205676552365e-16	-0.2716033249706282
25.58585886905645	3.264131305032274e-16	-0.2662344782407508
25.82260190634596	3.032707043837133e-16	-0.2609694295872455
26.06153549998895	2.817682905723947e-16	-0.2558061458487875
26.302679918953814	2.6178973611419824e-16	-0.25074263534321056
26.54605561975539	2.432271084345886e-16	-0.24577694696190772
26.791683248190314	2.259801141114763e-16	-0.24090716928539244
27.039583641088434	2.0995555869429424e-16	-0.23613142971956666
27.289777828080403	1.950668446758538e-16	-0.23144789365223387
27.542287033381662	1.8123350492630126e-16	-0.22685476362939913
27.797132677592884	1.6838076908787255e-16	-0.22235027855090114
28.05433637951713	1.5643916060524348e-16	-0.21793271288491975
28.31391995799379	1.4534412222999844e-16	-0.21360037590091419
28.575905433749465	1.3503566798997266e-16	-0.20935161092054494
28.84031503126606	1.254580597557438e-16	-0.2051847945861465
29.10717118066605	1.1655950666814633e-16	-0.20109833614632058
29.376496519615305	1.0829188581300317e-16	-0.19709067675822683
29.648313895243422	1.0061048264301404e-16	-0.1931602888061587
29.92264636608189	9.347374975246871e-17	-0.18930567523600092
30.19951720402016	8.684308270875218e-17	-0.18552536890516771
30.4789498962798	8.068261173599264e-17	-0.1818179319476392
30.76096814740705	7.495900813114908e-17	-0.17818195515371058
31.045595881283525	6.964130437182288e-17	-0.17461605736409236
31.332857243155825	6.470072694846357e-17	-0.17111888487799146
31.62277660168376	6.011054102191385e-17	-0.16768911087482635
31.91537855100758	5.584590607065418e-17	-0.1643254348492307
32.21068791283432	5.1883741751089164e-17	-0.1610265820590106
32.50872973854341	4.82026032490288e-17	-0.15779130298572885
32.80952931131187	4.4782565451471503e-17	-0.15461837280759771
33.11311214825908	4.1605115315161066e-17	-0.1515065908843708
33.41950400261139	3.865305185241043e-17	-0.14845478025393358
33.72873086588685	3.59103931956085e-17	-0.14546178714029512
34.040818970100055	3.3362290239862035e-17	-0.14252648047270017
34.35579478998743	3.099494639857696e-17	-0.13964775141557875
34.67368504525313	2.879554303964536e-17	-0.1368245129090651
34.994516702835696	2.675217020044678e-17	-0.13405569921982224
35.318316979195664	2.485376220825928e-17	-0.13134026550191413
35.64511334262439	2.3090037859062e-17	-0.12867718736747774
35.9749335155742	2.1451444832233815e-17	-0.1260654604669516
36.3078054770101	1.992910804144503e-17	-0.12350410007862432
36.64375746478329	1.851478164322186e-17	-0.12099214070727367
36.98281797802659	1.720080444435417e-17	-0.11852863569167338
37.32501577957203	1.5980058467612258e-17	-0.116112656820748
37.670379898390856	1.484593045224686e-17	-0.11374329395816779
38.01893963205609	1.3792276081550949e-17	-0.11141965467517405
38.370724549227845	1.2813386744451018e-17	-0.1091408638914373
38.72576449216169	1.1903958651747202e-17	-0.10690606352375238
39.08408957924017	1.1059064140308632e-17	-0.1047144121423811
39.44573020752781	1.0274125010321068e-17	-0.10256508463485808
39.81071705534969	9.544887751641732e-18	-0.10045727187707962
40.17908108489396	8.867400525499431e-18	-0.09839018041150227
40.55085354483835	8.237991777241958e-18	-0.09636303213227992
40.92606597300105	7.65325036462738e-18	-0.09437506397717452
41.304750199016105	7.110007094328982e-18	-0.09242552762607902
41.68693834703351	6.605317566919097e-18	-0.09051368920599653
42.07266283844437	6.1364462376552375e-18	-0.0886388290023223
42.46195639463126	5.700851606951537e-18	-0.08680024117628062
42.85485203974392	5.296172460513739e-18	-0.08499723348837186
43.251383103500835	4.920215084780365e-18	-0.08322912702768852
43.65158322401656	4.5709413885768775e-18	-0.08149525594696393
44.0554863506553	4.246457866780718e-18	-0.07979496720321982
44.46312674691084	3.945005346340843e-18	-0.07812762030388197
44.87453899331318	3.664949459219241e-18	-0.07649258705823904
45.28975799036204	3.4047717907471025e-18	-0.07488925133411962
45.708818961487474	3.163061655535663e-18	-0.07331700881966824
46.13175745603791	2.9385084564709687e-18	-0.07177526679010351
46.55860935229586	2.7298945854714216e-18	-0.07026344387934359
46.98941086052151	2.5360888276135285e-18	-0.06878096985638839
47.42419852602443	2.356040232950693e-18	-0.06732728540635081
47.863009232263806	2.188772422876877e-18	-0.0659018419160307
48.30588020397723	2.033378300235119e-18	-0.06450410126392885
48.7528490103386	1.8890151345527472e-18	-0.06313353561460126
49.20395356814506	1.7548999958126464e-18	-0.06178962721725648
49.65923214503358	1.6303055120536855e-18	-0.06047186820849913
50.118723362727195	1.5145559278440778e-18	-0.05917976041912882
50.58246620031137	1.4070234422978876e-18	-0.0579128151849026
51.0504999975406	1.3071248068164271e-18	-0.056670553161173434
51.52286445817562	1.214318164140461e-18	-0.05545250414131859
51.99959965335157	1.1281001116042194e-18	-0.054258206878873526
52.48074602497723	1.0480029726945807e-18	-0.05308720891329029
52.966344389165755	9.735922621454636e-19	-0.05193906639924022
53.45643593969714	9.044643308442401e-19	-0.050813343939382784
53.95106225151273	8.402441777996559e-19	-0.04970961442052509
54.450265284242086	7.805834173245191e-19	-0.048627458853098326
54.95408738576243	7.251583904260955e-19	-0.047566466213877355
55.462571295791044	6.736684101774747e-19	-0.04652623329187511
55.97576014951099	6.25834131568035e-19	-0.04550636453734085
56.49369748123023	5.813960370048334e-19	-0.04450647191379663
57.01642722807472	5.401130292625201e-19	-0.043526174753045724
57.543993733715666	5.017611242609585e-19	-0.0425650996130888
58.07644175213118	4.661322365900314e-19	-0.04162288013888632
58.61381645140285	4.3303305120310394e-19	-0.04069915692590523
59.15616341754737	4.022839751670942e-19	-0.03979357738639059
59.70352865838366	3.737181637904707e-19	-0.03890579561830462
60.255958607435744	3.4718061585316343e-19	-0.038035472276875745
60.81350012787176	3.2252733303650393e-19	-0.03718227444870229
61.37620051647939	2.996245389989333e-19	-0.03634587552835712
61.94410750767812	2.7834795386615996e-19	-0.03552595509743992
62.51726927756855	2.585821202045501e-19	-0.03472219880602573
63.0957344480193	2.4021977682532257e-19	-0.03393429825645885
63.67955209079155	2.2316127702616227e-19	-0.03316195088944382
64.26877173170195	2.0731404811753621e-19	-0.03240485987238418
64.86344335482381	1.9259208930461487e-19	-0.031662733989922524
65.46361740672747	1.7891550520344291e-19	-0.030935287536636265
66.06934480075958	1.6621007246304912e-19	-0.030222240211843252
66.68067692136219	1.5440683714450793e-19	-0.029523317016474503
67.29766562843174	1.4344174067459097e-19	-0.028838248151969944
67.92036326171844	1.3325527234646488e-19	-0.0281667689211564
68.54882264526613	1.2379214648371021e-19	-0.027508619631066142
69.18309709189363	1.1500100251756665e-19	-0.026863545497655985
69.82324040771711	1.068341263514772e-19	-0.026231296552388202
70.46930689671467	9.924719150233004e-20	-0.025611627550634564
71.12135136533288	9.21990186149895e-20	-0.025004297881866408
71.77942912713615	8.565135204625429e-20	-0.02440907148159369
72.44359600749898	7.956865230690175e-20	-0.023825716745018016
73.11390834834172	7.391790323641074e-20	-0.023254006442363823
73.79042301291008	6.866843286481377e-20	-0.022693717635854087
74.47319739059888	6.379174699030347e-20	-0.022144631598296965
75.16228940182053	5.926137457015089e-20	-0.02160653373325044
75.85775750291836	5.505272408652073e-20	-0.021079213496733345
76.55966069112561	5.1142950108261094e-20	-0.020562464320451144
77.26805850957021	4.7510829325017757e-20	-0.02005608353650602
77.98301105232578	4.413664538137221e-20	-0.01955987230356128
78.70457896950977	4.100208188640805e-20	-0.01907363553443068
79.43282347242805	3.8090123018440094e-20	-0.018597181825064393
80.16780633876782	3.5384961185806736e-20	-0.01813032338490299
80.90958991783813	3.287191124289496e-20	-0.017672875968572355
81.65823713585914	3.05373307961028e-20	-0.017224658808892682
82.41381150130013	2.8368546167467216e-20	-0.016785494551175176
83.176377110267	2.635378361436243e-20	-0.016355209188780792
83.94599865193965	2.448210543217534e-20	-0.0159336319999158
84.72274141405954	2.2743350593344305e-20	-0.015520595485639655
85.50667128846823	2.1128079600745128e-20	-0.015115935309060803
86.29785477669694	1.962752325626616e-20	-0.014719490235697328
87.09635899560796	1.823353506664413e-20	-0.014331102074978775
87.90225168308834	1.6938547028359394e-20	-0.013950615622866862
88.71560120379598	1.5735528551717072e-20	-0.013577878605572951
89.53647655495928	1.461794830126336e-20	-0.013212741624350472
90.36494737223005	1.3579738745506542e-20	-0.012855058101341297
91.20108393559087	1.2615263223606233e-20	-0.012504684226454956
92.04495717531702	1.1719285350345903e-20	-0.012161478905260712
92.89663867799354	1.0886940593388608e-20	-0.011825303707872438
93.75620069258792	1.0113709868597848e-20	-0.011496022818806765
94.6237161365792	9.395395010152641e-21	-0.011173502987795448
95.4992586021435	8.728095982356373e-21	-0.010857613481533265
96.38290236239695	8.10818970948675e-21	-0.010548226036343124
97.2747223776964	7.532310408812064e-21	-0.010245214811740486
98.17479430199833	6.997331320053457e-21	-0.009948456344879458
99.08319448927665	6.5003477321489154e-21	-0.009657829505863432
99.9999999999999	6.038661215212859e-21	-0.009373215453903424