0.01000000000000001	0.0027962604175174404	-0.00020895208595371915
0.010092528860766855	0.0027962715190604378	-0.00020910463603007116
0.01018591388054118	0.0027962828272187104	-0.00020926126498987458
0.010280162981264745	0.0027962943458422584	-0.00020942210498123222
0.010375284158180138	0.0027963060788530306	-0.0002095872935171308
0.010471285480509006	0.0027963180302462446	-0.00020975697348671484
0.010568175092136596	0.002796330204091758	-0.00020993129333373228
0.01066596121230259	0.0027963426045355313	-0.00021011040780044023
0.010764652136298361	0.0027963552358009824	-0.00021029447759153436
0.010864256236170667	0.002796368102190518	-0.00021048367026947452
0.010964781961431863	0.002796381208086955	-0.00021067816008808426
0.011066237839776675	0.0027963945579550587	-0.00021087812846794292
0.011168632477805623	0.0027964081563431257	-0.00021108376466105744
0.011271974561755117	0.0027964220078844724	-0.00021129526554997948
0.011376272858234322	0.002796436117299151	-0.00021151283676259516
0.01148153621496884	0.002796450489395479	-0.00021173669242861672
0.011587773561551273	0.002796465129071723	-0.0002119670557291307
0.011694993910198723	0.0027964800413178906	-0.0002122041600080136
0.01180320635651731	0.0027964952312173378	-0.00021244824842910515
0.011912420080273762	0.002796510703948587	-0.0002126995748668265
0.012022644346174144	0.002796526464787145	-0.00021295840461464882
0.012133888504649786	0.002796542519107298	-0.0002132250147349036
0.012246161992650502	0.002796558872383998	-0.0002134996947625292
0.01235947433444512	0.00279657553019477	-0.0002137827474553848
0.012473835142429446	0.00279659249822163	-0.0002140744892984109
0.012589254117941687	0.0027966097822530915	-0.00021437525143981132
0.012705741052085433	0.0027966273881861567	-0.00021468538037198892
0.012823305826560232	0.0027966453220284173	-0.00021500523898030255
0.01294195841449987	0.0027966635899000962	-0.00021533520719716127
0.013061708881318424	0.002796682198036186	-0.00021567568282072466
0.013182567385564082	0.002796701152788695	-0.00021602708314670757
0.01330454417978092	0.0027967204606288054	-0.00021638984548441974
0.013427649611378649	0.0027967401281491396	-0.00021676442841588893
0.01355189412351037	0.002796760162066117	-0.00021715131329117822
0.013677288255958502	0.0027967805692222635	-0.0002175510052696153
0.013803842646028859	0.0027968013565886057	-0.00021796403464820907
0.013931568029453043	0.002796822531267181	-0.00021839095877351273
0.01406047524129915	0.002796844100493463	-0.00021883236320899505
0.014190575216890933	0.0027968660716389568	-0.00021928886368278286
0.014321878992735446	0.002796888452213779	-0.0002197611078643876
0.014454397707459288	0.0027969112498692737	-0.000220249777085854
0.014588142602753497	0.0027969344724007757	-0.00022075558883523488
0.014723125024327202	0.002796958127750321	-0.00022127929870433184
0.014859356422870082	0.002796982224009478	-0.0002218217029527469
0.014996848355023748	0.00279700676942218	-0.00022238364080848902
0.015135612484362095	0.0027970317723876956	-0.00022296599757647525
0.015275660582380739	0.0027970572414635717	-0.0002235697073398069
0.015417004529495607	0.0027970831853686724	-0.00022419575606513075
0.015559656316050758	0.0027971096129863326	-0.00022484518543635344
0.01570362804333554	0.002797136533367462	-0.00022551909605986103
0.015848931924611148	0.0027971639557338294	-0.00022621865181636828
0.015995580286146702	0.0027971918894812687	-0.00022694508344490703
0.016143585568264878	0.0027972203441831538	-0.00022769969397399238
0.016292960326397238	0.002797249329593737	-0.0002284838629999541
0.01644371723214933	0.00279727885565173	-0.00022929905264180354
0.016595869074375623	0.002797308932483755	-0.00023014681229754683
0.01674942876026439	0.0027973395704081203	-0.00023102878597444607
0.016904409316432657	0.0027973707799384315	-0.0002319467181045406
0.017060823890031253	0.0027974025717874555	-0.00023290246144745075
0.017218685749860088	0.00279743495687095	-0.0002338979845348303
0.017378008287493772	0.002797467946311613	-0.00023493538025001794
0.01753880501841763	0.0027975015514431346	-0.0002360168752385269
0.017701089583174227	0.0027975357838142885	-0.0002371448397021775
0.017864875748520526	0.002797570655193108	-0.00023832179820411695
0.018030177408595707	0.0027976061775711954	-0.0002395504416537717
0.018197008586099853	0.002797642363168085	-0.00024083364013114162
0.018365383433483484	0.0027976792244356528	-0.0002421744565729322
0.018535316234148135	0.0027977167740627007	-0.00024357616222934634
0.018706821403658026	0.0027977550249795443	-0.0002450422529738018
0.018879913490962956	0.0027977939903627565	-0.0002465764674968167
0.019054607179632494	0.00279783368363995	-0.0002481828068054215
0.019230917289101594	0.002797874118494718	-0.00024986555611962387
0.019408858775927792	0.002797915308871526	-0.00025162930749765506
0.01958844673505991	0.0027979572689808777	-0.0002534789863654431
0.01976969640111862	0.0027980000133044376	-0.0002554198791381415
0.01995262314968881	0.0027980435566002573	-0.0002574576639892896
0.020137242498623895	0.0027980879139081678	-0.0002595984450038752
0.02032357010936223	0.0027981331005551033	-0.000261848788465693
0.020511621788255666	0.0027981791321606	-0.00026421576357465884
0.020701413487910436	0.002798226024642401	-0.00026670698764164985
0.02089296130854041	0.002798273794221958	-0.00026933067407592287
0.021086281499332907	0.0027983224574301764	-0.0002720956871209515
0.021281390459827135	0.002798372031113001	-0.00027501160030949523
0.021478304741305354	0.002798422532437186	-0.0002780887623133515
0.02167704104819696	0.0027984739788959496	-0.0002813383684398288
0.02187761623949554	0.0027985263883145996	-0.0002847725394507696
0.022080047330189013	0.0027985797788562254	-0.0002884044097180565
0.022284351492703053	0.0027986341690270948	-0.00029224822231300904
0.022490546058357826	0.002798689577682115	-0.0002963194361862249
0.022698648518838235	0.0027987460240298787	-0.00030063484183807596
0.022908676527677748	0.002798803527637709	-0.00030521269194251914
0.023120647901755963	0.0027988621084360406	-0.00031007284160565295
0.023334580622810044	0.0027989217867227197	-0.00031523690703488014
0.023550492838960112	0.0027989825831664667	-0.0003207284370372211
0.023768402866248785	0.002799044518809797	-0.0003265731033017229
0.023988329190194925	0.00279910761507104	-0.0003327989090913472
0.0242102904673618	0.0027991718937453156	-0.0003394364180669669
0.02443430552693974	0.0027992373770042364	-0.00034651900523872416
0.024660393372343412	0.0027993040873940046	-0.00035408313017773604
0.02488857318282393	0.002799372047831668	-0.00036216863527865786
0.025118864315095822	0.002799441281598893	-0.00037081906640629186
0.025351286304979098	0.0027995118123332542	-0.00038008202229589247
0.02558585886905648	0.0027995836640157695	-0.00039000952230718304
0.025822601906345985	0.0027996568609547383	-0.0004006584005808622
0.026061535499988978	0.0027997314277646134	-0.00041209071575819414
0.026302679918953843	0.0027998073893390784	-0.0004243741710284267
0.026546055619755416	0.002799884770817429	-0.0004375825374269495
0.026791683248190343	0.0027999635975428845	-0.0004517960637919357
0.027039583641088463	0.0028000438950113757	-0.00046710185184035405
0.027289777828080432	0.002800125688809533	-0.0004835941730916032
0.02754228703338169	0.002800209004539835	-0.000501374683202933
0.02779713267759291	0.002800293867731341	-0.0005205524856115171
0.02805433637951716	0.0028003803037342984	-0.0005412439781361532
0.028313919957993816	0.0028004683375966433	-0.0005635723871575256
0.028575905433749497	0.002800557993921498	-0.000587666882405874
0.028840315031266085	0.0028006492967048405	-0.0006136611231173703
0.02910717118066608	0.002800742269154011	-0.0006416910560728426
0.029376496519615335	0.0028008369334897067	-0.0006718917509052793
0.029648313895243455	0.002800933310736598	-0.000704393009713764
0.02992264636608192	0.0028010314205122386	-0.0007393134662892521
0.030199517204020192	0.002801131280828977	-0.0007767528555034981
0.03047894989627986	0.00280123290793123	-0.0008167821476319928
0.03076096814740711	0.0028013363161994167	-0.0008594312908604136
0.031045595881283587	0.00280144151816234	-0.0009046744249018733
0.03133285724315589	0.0028015485246710406	-0.000952412653041751
0.031622776601683826	0.0028016573452974017	-0.0010024548301828294
0.03191537855100765	0.00280176798902604	-0.0010544973249371537
0.03221068791283438	0.00280188046530562	-0.001108104409182965
0.03250872973854347	0.0028019947855084126	-0.0011626917252289934
0.03280952931131194	0.0028021109648096146	-0.0012175160827993842
0.03311311214825914	0.002802229024436252	-0.0012716754337181318
0.03341950400261146	0.0028023489941509786	-0.001324123005802299
0.03372873086588692	0.002802470914736591	-0.0013736988467093329
0.034040818970100126	0.0028025948401545686	-0.0014191802788289965
0.0343557947899875	0.002802720838993786	-0.0014593498419718178
0.0346736850452532	0.0028028489948382592	-0.0014930757113473
0.034994516702835765	0.0028029794052869526	-0.0015193959355104456
0.035318316979195734	0.002803112179554116	-0.0015375953968301762
0.03564511334262446	0.0028032474348297707	-0.0015472640402881379
0.03597493351557427	0.0028033852918237998	-0.0015483272366177718
0.03630780547701017	0.0028035258700824022	-0.00154104374220993
0.03664375746478335	0.002803669283701868	-0.0015259724129900812
0.03698281797802665	0.0028038156379620737	-0.001503914121107776
0.037325015779572084	0.00280396502719825	-0.0014758387408067572
0.037670379898390914	0.002804117533988137	-0.00144280803262694
0.038018939632056145	0.002804273229517553	-0.001405903951545035
0.0383707245492279	0.0028044321748458487	-0.0013661690699232965
0.038725764492161745	0.002804594422735613	-0.0013245625198369856
0.03908408957924023	0.0028047600197271057	-0.0012819318992797937
0.03944573020752787	0.0028049290081997077	-0.0012389994768128142
0.039810717055349755	0.0028051014282437937	-0.0011963598514353833
0.04017908108489402	0.0028052773192447627	-0.0011544858628037365
0.040550853544838415	0.0028054567211439636	-0.0011137397602874123
0.040926065973001115	0.0028056396753861125	-0.0010743871378036617
0.041304750199016166	0.0028058262255885574	-0.0010366117692571259
0.04168693834703357	0.002806016417979982	-0.0010005300639628332
0.04207266283844444	0.002806210301658148	-0.0009662043589605459
0.04246195639463132	0.0028064079287128405	-0.0009336546393601919
0.042854852039743985	0.002806609354252796	-0.0009028685529617445
0.04325138310350091	0.002806814636368923	-0.0008738097430639545
0.04365158322401663	0.002807023836057591	-0.0008464246404839683
0.044055486350655364	0.0028072370171225336	-0.0008206478910016833
0.04446312674691091	0.002807454246068146	-0.0007964066173811229
0.04487453899331325	0.0028076755919926983	-0.0007736237116411439
0.04528975799036211	0.0028079011264875325	-0.0007522203300763373
0.04570881896148754	0.0028081309235453607	-0.0007321177490490587
0.04613175745603798	0.0028083650594796458	-0.000713238711977159
0.04655860935229591	0.002808603612855686	-0.0006955083783242064
0.04698941086052156	0.0028088466644335124	-0.0006788549633350918
0.04742419852602448	0.0028090942971220577	-0.0006632101419607592
0.04786300923226385	0.0028093465959438016	-0.0006485092754131116
0.04830588020397728	0.0028096036480092425	-0.0006346915041223243
0.048752849010338654	0.00280986554250017	-0.0006216997441842079
0.04920395356814511	0.0028101323706608405	-0.0006094806147772061
0.04965923214503363	0.0028104042257963316	-0.0005979843172406733
0.05011872336272725	0.0028106812032771883	-0.0005871644826768886
0.05058246620031143	0.0028109634005498148	-0.0005769779994157202
0.051050499997540646	0.002811250917151881	-0.000567384830186946
0.05152286445817567	0.0028115438547322395	-0.0005583478254469992
0.05199959965335162	0.0028118423170749546	-0.0005498325373220369
0.052480746024977286	0.0028121464101269838	-0.0005418070378857031
0.05296634438916581	0.0028124562420291273	-0.0005342417444049311
0.05345643593969719	0.002812771923150088	-0.0005271092522595807
0.05395106225151279	0.002813093566123279	-0.0005203841771470926
0.05445026528424215	0.0028134212858862153	-0.0005140430068169225
0.05495408738576248	0.0028137551997223574	-0.0005080639623034074
0.0554625712957911	0.002814095427305209	-0.0005024268688038997
0.05597576014951104	0.0028144420907446023	-0.0004971130358323112
0.05649369748123028	0.0028147953146350794	-0.0004921051461997908
0.05701642722807478	0.002815155226106284	-0.00048738715357696206
0.05754399373371572	0.0028155219548753373	-0.0004829441879915836
0.05807644175213124	0.0028158956333011677	-0.00047876246876668517
0.05861381645140291	0.0028162763964407417	-0.0004748292245872574
0.059156163417547425	0.002816664382107256	-0.0004711326199298376
0.05970352865838372	0.0028170597309301712	-0.00046766168784459174
0.06025595860743581	0.0028174625864173415	-0.00046440626769349416
0.060813500127871824	0.002817873095018928	-0.00046135694883402855
0.061376200516479455	0.002818291406193463	-0.00045850501842026987
0.06194410750767818	0.002818717672475855	-0.00045584241402731805
0.06251726927756862	0.0028191520495475415	-0.0004533616800055857
0.06309573444801936	0.0028195946963087723	-0.0004510559277766244
0.06367955209079162	0.0028200457749530668	-0.0004489187995198629
0.064268771731702	0.0028205054510440117	-0.00044694443489994734
0.06486344335482389	0.0028209738935943453	-0.0004451274408981755
0.06546361740672754	0.0028214512751475267	-0.0004434628642055203
0.06606934480075964	0.002821937771861812	-0.0004419461661384733
0.06668067692136226	0.002822433563596937	-0.00044057319994453
0.06729766562843181	0.002822938834003573	-0.00043934019007649776
0.0679203632617185	0.002823453770615569	-0.0004382437136581846
0.0685488226452662	0.002823978564945207	-0.00043728068361069704
0.0691830970918937	0.002824513412581505	-0.0004364483336599787
0.06982324040771719	0.0028250585132917725	-0.0004357442049144871
0.07046930689671474	0.0028256140711265406	-0.00043516613393456246
0.07112135136533296	0.002826180294528032	-0.0004347122422971097
0.07177942912713622	0.002826757396442333	-0.0004343809274974222
0.07244359600749906	0.0028273455944354603	-0.0004341708551906786
0.0731139083483418	0.0028279451108135277	-0.0004340809526203594
0.07379042301291015	0.00282855617274718	-0.000434110403364095
0.07447319739059896	0.0028291790124006003	-0.0004342586431242561
0.07516228940182061	0.002829813867065247	-0.0004345253567585914
0.07585775750291844	0.0028304609792986516	-0.00043491047638985307
0.07655966069112569	0.0028311205970685004	-0.00043541418068167786
0.07726805850957029	0.002831792973902382	-0.00043603689516667765
0.07798301105232594	0.0028324783690434736	-0.0004367792937075792
0.07870457896950993	0.0028331770476125013	-0.00043764230117046576
0.07943282347242822	0.0028338892807764616	-0.00043862709717238415
0.08016780633876798	0.0028346153459244197	-0.0004397351210513483
0.0809095899178383	0.0028353555268508888	-0.0004409680781124828
0.0816582371358593	0.0028361101139473045	-0.00044232794711398984
0.0824138115013003	0.002836879404402092	-0.00044381698915324936
0.08317637711026717	0.0028376637024099443	-0.00044543775796428733
0.08394599865193982	0.0028384633193909554	-0.00044719311175700575
0.08472274141405972	0.0028392785742203147	-0.00044908622667908475
0.08550667128846841	0.0028401097934693206	-0.0004511206120247757
0.0862978547766971	0.0028409573116585816	-0.0004533001273690764
0.08709635899560814	0.002841821471524343	-0.00045562900168381236
0.08790225168308852	0.002842702624298945	-0.00045811185475340546
0.08871560120379617	0.002843601130006569	-0.00046075372097834267
0.08953647655495947	0.002844517357775525	-0.00046356007586355677
0.09036494737223023	0.00284545168616846	-0.00046653686542080824
0.09120108393559107	0.0028464045035320362	-0.0004696905388247386
0.09204495717531722	0.002847376208367798	-0.0004730280846027067
0.09289663867799372	0.0028483672097261085	-0.0004765570708309707
0.09375620069258811	0.0028493779276253326	-0.0004802856896641518
0.09462371613657934	0.0028504087934985737	-0.00048422280682931687
0.09549925860214364	0.002851460250670698	-0.0004883780165286416
0.0963829023623971	0.0028525327548685675	-0.0004927617025174223
0.09727472237769656	0.002853626774767895	-0.0004973851060033782
0.09817479430199849	0.0028547427925804496	-0.0005022604012975892
0.09908319448927681	0.002855881304685932	-0.0005074007801620353
0.10000000000000005	0.002857042822313315	-0.0005128205459704879
0.10092528860766849	0.002858227872277147	-0.0005185352190255934
0.10185913880541175	0.0028594369977750387	-0.0005245616545033668
0.1028016298126474	0.0028606707592534497	-0.0005309181747491326
0.10375284158180131	0.002861929735349878	-0.0005376247179697016
0.10471285480509002	0.0028632145239207113	-0.00054470300567643
0.1056817509213659	0.002864525743165461	-0.0005521767315701849
0.10665961212302584	0.0028658640328596227	-0.0005600717751057828
0.10764652136298355	0.002867230055710318	-0.0005684164435013696
0.10864256236170661	0.002868624498851208	-0.0005772417465548204
0.10964781961431856	0.0028700480754956324	-0.0005865817095478396
0.1106623783977667	0.002871501526770275	-0.0005964737303569903
0.11168632477805618	0.002872985623755211	-0.0006069589881393018
0.1127197456175511	0.002874501169760806	-0.000618082912304311
0.11376272858234315	0.0028760490028771927	-0.0006298957222522455
0.11481536214968835	0.0028776299988385414	-0.0006424530504424148
0.11587773561551268	0.002879245074252175	-0.0006558166639033264
0.11694993910198717	0.002880895190251961	-0.0006700553025679947
0.11803206356517304	0.002882581356647021	-0.0006852456567077464
0.11912420080273756	0.0028843046366508855	-0.0007014735107244608
0.12022644346174137	0.0028860661522936305	-0.0007188350867255922
0.1213388850464978	0.0028878670906409415	-0.0007374386291713029
0.12246161992650495	0.0028897087109708702	-0.000757406281715052
0.12359474334445113	0.0028915923530922634	-0.0007788763200382463
0.12473835142429439	0.0028935194470308644	-0.0008020058207044009
0.1258925411794168	0.0028954915243620226	-0.0008269738669337528
0.12705741052085426	0.0028975102315363307	-0.0008539854195155078
0.12823305826560225	0.0028995773456308655	-0.000883276016744343
0.1294195841449987	0.002901694793069996	-0.0009151175144538797
0.13061708881318423	0.002903864672004344	-0.0009498251400164884
0.1318256738556408	0.002906089279225949	-0.0009877662185718572
0.13304544179780922	0.002908371142747769	-0.0010293710442325424
0.13427649611378642	0.002910713061509062	-0.0010751465256573574
0.13551894123510363	0.0029131181541165664	-0.0011256934523865248
0.13677288255958495	0.0029155899191408707	-0.001181728531956853
0.13803842646028852	0.0029181323103247307	-0.0012441127780462274
0.13931568029453034	0.002920749831224212	-0.0013138884474738215
0.14060475241299142	0.002923447655442487	-0.0013923276228969645
0.14190575216890927	0.0029262317809553365	-0.0014809968666826751
0.1432187899273544	0.002929109230415862	-0.0015818443676436646
0.1445439770745928	0.0029320883143140854	-0.0016973190556436725
0.1458814260275349	0.0029351789813402787	-0.0018305359212866241
0.14723125024327194	0.0029383932917156643	-0.001985509366803468
0.14859356422870074	0.002941746067063689	-0.0021674887962233277
0.1499684835502374	0.002945255798844477	-0.002383451391846283
0.15135612484362088	0.002948945944028893	-0.0026428427884414452
0.15275660582380732	0.0029528468154801472	-0.002958720085639213
0.154170045294956	0.002956998412076154	-0.0033495694806461233
0.1555965631605075	0.002961454783057508	-0.0038422980988229894
0.1570362804333553	0.0029662909935764315	-0.004477359851944946
0.15848931924611143	0.0029716146999571444	-0.005317961459240591
0.15995580286146696	0.002977586335210973	-0.006467554854132155
0.1614358556826487	0.0029844564343194323	-0.008105435957966778
0.16292960326397232	0.00299263987571067	-0.010565667575495326
0.16443717232149324	0.003002878034598761	-0.014532430715683393
0.16595869074375613	0.003016640114810542	-0.02160064646017737
0.16749428760264382	0.003037309120975281	-0.036263626081006
0.1690440931643265	0.00307480407082163	-0.07576438712988677
0.17060823890031243	0.0031760022497408858	-0.26423084582792544
0.1721868574986008	0.00474354687705231	-21.323671927578392
0.17378008287493762	0.002752458556497339	-0.3570939458964038
0.17538805018417622	0.0028735588587767355	-0.07689101875027433
0.1770108958317422	0.002915125230558348	-0.03146909224939221
0.17864875748520517	0.0029376179450556926	-0.016546381703283094
0.180301774085957	0.002952658578649527	-0.00994444700219075
0.18197008586099844	0.002964052298939911	-0.006491492358253007
0.18365383433483473	0.0029734135774196558	-0.0044796710720189
0.18535316234148125	0.002981544919662119	-0.003215505020815295
0.18706821403658017	0.002988890839774267	-0.00237546021786799
0.18879913490962946	0.0029957179200756387	-0.0017926686594476478
0.19054607179632482	0.0030021961476200325	-0.001374259299944364
0.19230917289101596	0.003008439387848147	-0.001065357361712451
0.19408858775927793	0.003014527095509202	-0.0008319334382994554
0.19588446735059908	0.0030205166830267055	-0.0006520262427304949
0.1976969640111862	0.0030264509231519078	-0.0005109799721179086
0.19952623149688808	0.0030323625664116205	-0.00039873082755642673
0.20137242498623895	0.0030382773242229235	-0.0003081957783798189
0.2032357010936223	0.003044215855387345	-0.0002342812588151027
0.20511621788255668	0.0030501951243382766	-0.0001732541824348351
0.20701413487910436	0.0030562293517338705	-0.00012233191361726948
0.2089296130854041	0.003062330693718485	-0.0000794085068844728
0.2108628149933291	0.003068509736472931	-0.00004286799014644055
0.21281390459827135	0.0030747758624700516	-0.000011454556063431206
0.21478304741305343	0.0030811375260029954	0.000015819256772718094
0.21677041048196952	0.0030876024635065483	0.00003973854031280067
0.2187761623949553	0.0030941778563245703	0.000060934112175222564
0.22080047330189004	0.003100870458337911	0.0000799180446894493
0.22284351492703042	0.0031076866973160414	0.00009711023756106926
0.22490546058357816	0.003114632756409168	0.00011285852423562606
0.22698648518838224	0.0031217146404867524	0.00012745405467771108
0.22908676527677735	0.003128938230815402	0.000141143190749381
0.23120647901755953	0.003136309330698207	0.00015413680217288346
0.23334580622810033	0.003143833704064916	0.00016661760859418352
0.23550492838960102	0.0031515171085377274	0.00017874604236305924
0.23768402866248772	0.0031593653241527705	0.00019066498493617882
0.2398832919019491	0.003167384178659342	0.00020250364219189575
0.2421029046736179	0.0031755795701240695	0.00021438076041964854
0.24434305526939726	0.0031839574874188577	0.0002264073382716645
0.246603933723434	0.003192524029057748	0.0002386889558504203
0.24888573182823917	0.0032012854207601367	0.0002513278169485928
0.25118864315095807	0.0032102480320496027	0.00026442458195533605
0.2535128630497908	0.0032194183921445936	0.00027808005540351315
0.25585858869056466	0.003228803205355481	0.0002923967824208326
0.2582260190634597	0.0032384093661699106	0.00030748060157950773
0.26061535499988964	0.0032482439741824756	0.00032344219731282153
0.2630267991895383	0.003258314349004515	0.00034039869270236964
0.26546055619755404	0.0032686280452736746	0.0003584753228816443
0.2679168324819033	0.003279192867870297	0.00037780723034337607
0.2703958364108845	0.0032900168874376236	0.0003985414261157187
0.2728977782808042	0.003301108456295026	0.00042083896509494855
0.27542287033381674	0.003312476224827213	0.00044487739000168355
0.277971326775929	0.0033241291584275583	0.0004708535066688538
0.2805433637951715	0.003336076555069724	0.0004989865640877794
0.28313919957993805	0.003348328063578581	0.0005295219263113662
0.2857590543374948	0.003360893702668608	0.0005627353406389225
0.2884031503126607	0.0033737838808153378	0.0005989379283828695
0.29107171180666064	0.0033870094170225856	0.0006384820520952596
0.2937649651961532	0.003400581562544958	0.0006817682480225573
0.2964831389524344	0.003414512023621037	0.0007292534567204169
0.29922646366081906	0.0034288129852671884	0.0007814608409873174
0.30199517204020176	0.0034434971361746044	0.0008389915520539236
0.30478949896279844	0.0034585776947422217	0.0009025388971911186
0.307609681474071	0.0034740684362645196	0.0009729054809216759
0.3104559588128357	0.003489983721274688	0.0010510240466203647
0.3133285724315587	0.0035063385250185897	0.0011379829473027773
0.3162277660168381	0.00352314846800101	0.0012350574402224975
0.31915378551007634	0.003540429847499984	0.0013437483520119641
0.3221068791283436	0.0035581996698833985	0.0014658301312378413
0.32508729738543457	0.0035764756834791214	0.00160341093771755
0.3280952931131192	0.003595276411638033	0.0017590082761698952
0.3311311214825913	0.0036146211854781794	0.0019356448566400799
0.33419504002611444	0.0036345301755933306	0.0021369709877641354
0.3372873086588691	0.0036550244217302907	0.002367422075370025
0.34040818970100106	0.0036761258590577123	0.0026324229967533445
0.34355794789987465	0.0036978573391241126	0.0029386556847180393
0.34673685045253166	0.0037202426428752807	0.0032944128486406673
0.3499451670283573	0.003743306482085854	0.0037100704105835765
0.353183169791957	0.003767074484130423	0.004198725560246171
0.3564511334262443	0.003791573152989065	0.004777068922913226
0.35974933515574237	0.003816829796469596	0.005466592408647953
0.3630780547701014	0.0038428724054075628	0.006295285880020319
0.36643757464783333	0.0038697294644212724	0.0073000577373619644
0.3698281797802663	0.0038974296646439015	0.00853024752889063
0.3732501577957206	0.003926001475161811	0.01005281949758472
0.37670379898390893	0.0039554725092353854	0.011960201735035689
0.38018939632056126	0.003985868590075536	0.01438239266148665
0.38370724549227886	0.0040172123736263434	0.017506140135095744
0.3872576449216173	0.004049521315589581	0.02160620107075278
0.3908408957924021	0.004082804671546005	0.027097936285494506
0.39445730207527846	0.0041170591035097305	0.03462900296258594
0.3981071705534973	0.004152262418999941	0.0452456503917257
0.40179081084894	0.004188365370082878	0.06070763396856624
0.40550853544838394	0.004225283812581015	0.08411213654687195
0.40926065973001097	0.004262903898206217	0.12118210773704759
0.41304750199016144	0.004301155592016999	0.18297686725963494
0.41686938347033553	0.004340380680673924	0.2911875591275284
0.4207266283844442	0.0043828198974420075	0.48355944766507825
0.424619563946313	0.004436706122425853	0.7821429699331487
0.4285485203974396	0.0045141532320121585	1.0190561461366048
0.43251383103500884	0.0045997113379699014	0.9128146223351287
0.4365158322401661	0.00466896635393999	0.6474435044851158
0.44055486350655343	0.0047277905325873925	0.44323677356184343
0.4446312674691088	0.0047852204314856595	0.31618100380882314
0.4487453899331323	0.004844768862934134	0.2379901244592222
0.4528975799036209	0.0049075108968485	0.18810151079153406
0.4570881896148752	0.004973801327814867	0.15493092000916805
0.46131757456037953	0.0050438184467910385	0.13208438458527327
0.4655860935229591	0.005117720884464539	0.11592546627033111
0.4698941086052156	0.0051956916663838636	0.10430132839200469
0.4742419852602448	0.005277950001684225	0.09588698914827004
0.47863009232263853	0.005364754343742261	0.08983859203784073
0.48305880203977286	0.0054564037063469925	0.0856026988992486
0.4875284901033865	0.0055532392647206184	0.0828066477140166
0.4920395356814511	0.005655646734530813	0.08119224630926984
0.49659232145033627	0.005764059499129169	0.08057303991466537
0.5011872336272725	0.005878962179035924	0.08080439335652191
0.5058246620031143	0.006000893997836104	0.08176056073131358
0.5105049999754064	0.006130450650817908	0.08331635609443588
0.5152286445817567	0.006268282009044862	0.08533475328049524
0.5199959965335162	0.006415079841228014	0.08766751793171562
0.5248074602497729	0.00657154158759574	0.09018671192344765
0.5296634438916581	0.006738271498498344	0.09288945419079059
0.5345643593969719	0.006915489537455428	0.09620016529384086
0.5395106225151278	0.007101986265563146	0.10201744382303853
0.5445026528424215	0.00728960456056468	0.11972552359824294
0.5495408738576248	0.0073811324013701735	0.3051210243430706
0.5546257129579107	0.00797723355913174	0.05378687549276844
0.5597576014951101	0.008152965638598395	0.04097613244443936
0.5649369748123025	0.008427457664515305	0.040130711467840925
0.5701642722807475	0.008742384310562535	0.035553908237288066
0.5754399373371569	0.009094603753472333	0.02508196331349441
0.580764417521312	0.009490076716678262	-0.030093708827979362
0.5861381645140288	0.009913288000685822	0.08439074030293349
0.591561634175474	0.01040646700828216	0.056164675662576914
0.5970352865838369	0.010958571714542979	0.048008065607560525
0.6025595860743578	0.011584635093229214	0.04347089664283755
0.6081350012787179	0.012300786457621605	0.04017949807772259
0.6137620051647943	0.013127808206663956	0.03739707510447412
0.6194410750767815	0.014093339524077	0.03482840018285298
0.6251726927756859	0.015235046437739371	0.03236941519259331
0.6309573444801934	0.016605648191057674	0.03002103446401897
0.6367955209079159	0.01828127474516057	0.027838791110318575
0.6426877173170197	0.020376072675743713	0.02589636199303512
0.6486344335482385	0.0230693006469269	0.02426304812214308
0.654636174067275	0.026659459069924202	0.022995381029747658
0.6606934480075961	0.031683208518724304	0.02213854598641678
0.6668067692136223	0.03921209750295908	0.0217288737283953
0.6729766562843179	0.05174023662559189	0.021775125380195253
0.6792036326171846	0.07671822134827745	0.022106839412562144
0.6854882264526617	0.1510260569392202	0.02100977838961568
0.6918309709189366	12.002952756084719	-0.6990291219375319
0.6982324040771715	0.15185335907986697	-179.9427225824984
0.704693068967147	0.07465597284735635	-179.9232642419907
0.7112135136533292	0.049093668017204516	-179.86088763995815
0.7177942912713619	0.036256603420729144	-179.58942721252689
0.7244359600749902	0.029145380739020024	-178.16055272916498
0.7311390834834176	0.024302452105027062	-179.68828132729413
0.7379042301291011	0.020516459594051364	-179.91703375976937
0.7447319739059892	0.0177372766947231	-179.9649574500549
0.7516228940182057	0.0155955349403392	-179.98143305772533
0.758577575029184	0.013890595074544246	-179.98875230493314
0.7655966069112565	0.012500100591864209	-179.9925509330824
0.7726805850957026	0.011344086767677163	-179.99474098297162
0.7798301105232589	0.010367789331733154	-179.99610403319548
0.7870457896950989	0.009532348117658572	-179.9970036402558
0.7943282347242817	0.008809389795627494	-179.99762582347574
0.8016780633876793	0.00817769963165181	-179.9980730184847
0.8090958991783825	0.007621091297857962	-179.99840503805396
0.8165823713585927	0.007126997219060237	-179.99865852592143
0.8241381150130025	0.006685509148289424	-179.99885685473873
0.8317637711026713	0.00628870919236946	-179.9990154558565
0.8394599865193977	0.0059301934025806635	-179.99914482914966
0.8472274141405968	0.005604726109741556	-179.99925231307114
0.8550667128846836	0.005307984914228457	-179.99934316261331
0.8629785477669706	0.005036369721256017	-179.9994212258515
0.870963589956081	0.004786857788808287	-179.99948937938342
0.8790225168308847	0.004556892337829608	-179.99954981375393
0.8871560120379608	0.004344295981473562	-179.99960422133466
0.8953647655495938	0.004147202737008154	-179.99965391593093
0.9036494737223014	0.003964004106165257	-179.99969989716146
0.9120108393559097	0.003793305908304118	-179.99974285716527
0.9204495717531712	0.0036338933911226954	-179.99978310468808
0.9289663867799363	0.003484702728579788	-179.99982033640606
0.9375620069258802	0.003344797400173346	-179.99985307656743
0.946237161365793	0.0032133481308753657	-179.99987731111827
0.9549925860214359	0.00308961494975133	-179.99988294575977
0.9638290236239705	0.002972929053988924	-179.9998435863429
0.9727472237769651	0.002862668727142474	-179.99968199487677
0.9817479430199844	0.0027582084536034103	-179.99912156851298
0.9908319448927676	0.002658728268601372	-179.99672523139452
1.	0.0025616616813181137	-179.97420044223594
1.0092528860766845	0.002493383808519182	-179.79739482752478
1.0185913880541169	0.0023995847180338487	-179.9835868040801
1.0280162981264735	0.0023178712253489296	-179.99320268856678
1.0375284158180127	0.0022409976192330635	-179.99580090082463
1.0471285480508996	0.002168001514913662	-179.99690433492327
1.0568175092136585	0.0020984729854468006	-179.99748147311428
1.066596121230258	0.0020321335759545746	-179.9978181763216
1.076465213629835	0.001968757901652874	-179.99802482210058
1.0864256236170655	0.0019081505359915833	-179.99815147603377
1.096478196143185	0.0018501368194499376	-179.9982231092804
1.1066237839776665	0.001794558249919641	-179.99825258995236
1.1168632477805611	0.0017412696980615234	-179.9982460742996
1.1271974561755105	0.0016901374640336197	-179.99820533530033
1.137627285823431	0.0016410377643906577	-179.99812862258216
1.1481536214968828	0.0015938554453610065	-179.99801061018894
1.1587773561551262	0.001548482793926858	-179.99784151339117
1.1694993910198712	0.0015048183315329482	-179.99760509567315
1.1803206356517297	0.0014627654405728878	-179.99727478031758
1.1912420080273751	0.0014222305686548292	-179.99680604730582
1.2022644346174132	0.001383120499519898	-179.99612079450634
1.2133888504649775	0.0013453375365940529	-179.99507251617553
1.2246161992650488	0.0013087696708146345	-179.99335995025191
1.2359474334445106	0.001273267183772619	-179.99027914078283
1.2473835142429432	0.0012385755557209022	-179.9838455704608
1.2589254117941675	0.0012040842856983352	-179.96646989682685
1.270574105208542	0.00116733897150392	-179.88484192985706
1.2823305826560218	0.0011262933471144455	-177.34482286024743
1.2941958414499863	0.0011329363966172505	-179.84768665369177
1.3061708881318417	0.0010975218717851464	-179.96503710053648
1.3182567385564075	0.0010677121655850007	-179.98517222688523
1.3304544179780915	0.001039954352383711	-179.99190694296476
1.3427649611378643	0.0010135010703070189	-179.99492113215155
1.3551894123510364	0.0009880830936285492	-179.99651255544
1.3677288255958495	0.0009635678591769951	-179.99744727083868
1.3803842646028852	0.0009398746382396788	-179.99803838372432
1.3931568029453036	0.0009169464325162891	-179.99843267988655
1.4060475241299144	0.0008947387557729094	-179.99870610864537
1.4190575216890926	0.0008732145152087438	-179.99890096530132
1.432187899273544	0.0008523414219904589	-179.9990421303119
1.4454397707459279	0.0008320905655784966	-179.99914480355622
1.4588142602753489	0.0008124355691083794	-179.9992184289244
1.4723125024327193	0.0007933520541969688	-179.99926875574786
1.4859356422870074	0.0007748172784741771	-179.99929889162922
1.499684835502374	0.0007568098712857758	-179.99930970843837
1.5135612484362087	0.0007393096216673351	-179.999299677739
1.5275660582380732	0.0007222972825050331	-179.99926392648734
1.54170045294956	0.0007057543472996436	-179.99919176023047
1.555965631605075	0.0006896627161599512	-179.99906038668104
1.5703628043335531	0.0006740040313954979	-179.9988172890891
1.584893192461114	0.0006587579474479453	-179.99832044821903
1.5995580286146696	0.0006438961046190028	-179.99706295280092
1.6143585568264869	0.0006293505437904014	-179.9919349949195
1.629296032639723	0.0006150413078278444	-179.90647034936194
1.6443717232149324	0.000602364585724023	-179.98899340920798
1.6595869074375613	0.000588840935986716	-179.99792194352395
1.6749428760264382	0.0005758058565106287	-179.99924214552095
1.690440931643265	0.0005631403750861466	-179.99963624068232
1.7060823890031243	0.0005508117927813957	-179.9997955883872
1.7218685749860079	0.0005388027023379201	-179.99987205161568
1.7378008287493762	0.0005271002662772348	-179.9999130563881
1.753880501841762	0.000515693568604954	-179.9999368526855
1.770108958317422	0.0005045727357145251	-179.99995151533096
1.7864875748520517	0.0004937285794226036	-179.9999609940948
1.803017740859568	0.0004831524276264322	-179.9999673729797
1.8197008586099825	0.000472836032718011	-179.99997181868676
1.8365383433483455	0.0004627715160014401	-179.99997501627098
1.8535316234148105	0.0004529513303767302	-179.99997738406677
1.8706821403657996	0.00044336823305742923	-179.999979186068
1.8879913490962925	0.00043401526421080465	-179.99998059359646
1.9054607179632463	0.00042488572933540745	-179.99998172054987
1.9230917289101574	0.000415973184149106	-179.99998264426338
1.9408858775927773	0.00040727142126368584	-179.99998341823414
1.958844673505989	0.0003987744581987391	-179.9999840800902
1.97696964011186	0.0003904765264461454	-179.99998465669805
1.9952623149688788	0.0003823720613908537	-179.99998516750475
2.0137242498623875	0.0003744556929518253	-179.9999856267651
2.032357010936221	0.00036672223684402713	-179.99998604505112
2.0511621788255647	0.000359166686386675	-179.99998643029008
2.0701413487910414	0.0003517842047993673	-179.9999867884886
2.0892961308540388	0.00034457011793921096	-179.99998712424375
2.108628149933289	0.00033751990744024165	-179.99998744110803
2.1281390459827114	0.00033062920422248846	-179.99998774185298
2.147830474130533	0.000323893782342605	-179.99998802866116
2.167704104819694	0.0003173095531615288	-179.99998830326746
2.1877616239495516	0.0003108725598074545	-179.99998856706358
2.208004733018899	0.00030457897191468324	-179.99998882117683
2.228435149270303	0.0002984250806208076	-179.99998906652863
2.2490546058357803	0.0002924072938062809	-179.9999893038796
2.2698648518838214	0.0002865221315617863	-179.99998953386353
2.2908676527677723	0.00028076622187000143	-179.9999897570137
2.312064790175594	0.0002751362964893889	-179.99998997378327
2.333458062281002	0.00026962918702856876	-179.99999018456091
2.355049283896009	0.00026424182120063946	-179.99999038968312
2.376840286624876	0.00025897121924756453	-179.99999058944408
2.39883291901949	0.0002538144905253987	-179.9999907841033
2.4210290467361775	0.000248768830241746	-179.99999097389147
2.4434305526939712	0.00024383151633739042	-179.99999115901565
2.4660393372343385	0.00023899990650455587	-179.999991339663
2.4888573182823905	0.0002342714353347168	-179.99999151600383
2.5118864315095797	0.0002296436115893186	-179.9999916881944
2.535128630497907	0.00022511401558716272	-179.9999918563787
2.5585858869056453	0.00022068029670258615	-179.9999920206904
2.582260190634596	0.0002163401709689102	-179.99999218125407
2.6061535499988953	0.00021209141878195193	-179.99999233818647
2.6302679918953813	0.00020793188269869068	-179.99999249159734
2.654605561975539	0.0002038594653264629	-179.99999264159035
2.6791683248190314	0.00019987212729831864	-179.99999278826374
2.703958364108843	0.00019596788533041113	-179.99999293171075
2.7289777828080406	0.00019214481035752582	-179.99999307202026
2.7542287033381663	0.0001884010257430639	-179.9999932092772
2.7797132677592886	0.0001847347055599954	-179.99999334356272
2.805433637951713	0.000181144072939484	-179.99999347495466
2.831391995799379	0.00017762739848406419	-179.99999360352777
2.8575905433749464	0.00017418299874241266	-179.9999937293539
2.8840315031266055	0.00017080923474291286	-179.99999385250214
2.910717118066605	0.00016750451058335786	-179.99999397303912
2.9376496519615305	0.0001642672720742715	-179.99999409102912
2.9648313895243423	0.0001610960054334592	-179.99999420653404
2.992264636608189	0.000157989236029519	-179.99999431961368
3.019951720402016	0.00015494552717215803	-179.99999443032573
3.047894989627983	0.00015196347894726593	-179.99999453872576
3.076096814740708	0.00014904172709479557	-179.99999464486731
3.1045595881283554	0.00014617894192759423	-179.9999947488018
3.1332857243155856	0.0001433738272894109	-179.99999485057836
3.1622776601683795	0.00014062511955037748	-179.99999495024352
3.1915378551007616	0.00013793158663831572	-179.99999504784074
3.2210687912834346	0.00013529202710424945	-179.9999951434092
3.250872973854344	0.00013270526922046517	-179.99999523698202
3.2809529311311905	0.00013017017010929596	-179.99999532858192
3.311311214825911	0.00012768561490029078	-179.99999541821248
3.3419504002611427	0.0001252505159119457	-179.99999550583658
3.372873086588689	0.0001228638118494504	-179.99999559131712
3.404081897010009	0.00012052446699226093	-179.9999956742182
3.4355794789987466	0.00011823147025915379	-179.99999575290934
3.4673685045253166	0.00011598383336703898	-179.99999581757865
3.499451670283573	0.00011378056808252724	-179.99999552829524
3.53183169791957	0.00011162085987550888	-179.9999959137474
3.5645113342624426	0.00010950361691828467	-179.99999606355576
3.5974933515574232	0.00010742802954183734	-179.9999961468003
3.630780547701014	0.00010539321513511983	-179.999996222649
3.664375746478333	0.00010339831811070785	-179.99999629560645
3.6982817978026628	0.00010144250357786743	-179.99999636662645
3.732501577957206	0.000099524956220588	-179.99999643602447
3.767037989839089	0.0000976448796487558	-179.9999965039412
3.801893963205613	0.00009580149585395811	-179.9999965704559
3.8370724549227884	0.00009399404470562498	-179.99999663562232
3.8725764492161727	0.00009222178347096254	-179.999996699482
3.908408957924021	0.00009048398635308454	-179.99999676207014
3.944573020752785	0.00008877994404494401	-179.99999682341817
3.981071705534973	0.00008710896329777341	-179.99999688355504
4.0179081084894	0.00008547036650318118	-179.99999694250812
4.055085354483839	0.00008386349128825341	-179.99999700030352
4.09260659730011	0.00008228769012311039	-179.9999970569663
4.130475019901614	0.00008074232994042828	-179.99999711252065
4.168693834703355	0.00007922679176647337	-179.99999716699014
4.207266283844442	0.00007774047036322711	-179.9999972203976
4.24619563946313	0.00007628277388120197	-179.99999727276523
4.285485203974396	0.00007485312352256735	-179.99999732411467
4.325138310350088	0.00007345095321422273	-179.99999737446706
4.365158322401661	0.00007207570929047158	-179.99999742384296
4.405548635065534	0.00007072685018496238	-179.99999747226255
4.446312674691089	0.00006940384613157831	-179.99999751974542
4.487453899331323	0.00006810617887397035	-179.99999756631075
4.528975799036209	0.00006683334138343853	-179.99999761197728
4.570881896148752	0.00006558483758488107	-179.9999976567633
4.613175745603791	0.00006436018209053896	-179.99999770068675
4.655860935229586	0.00006315889994127566	-179.99999774376508
4.698941086052151	0.00006198052635514305	-179.9999977860154
4.742419852602444	0.0000608246064829907	-179.99999782745445
4.7863009232263805	0.000059690695170888396	-179.99999786809852
4.830588020397723	0.00005857835672913836	-179.99999790796363
4.87528490103386	0.000057487164707663544	-179.99999794706548
4.920395356814506	0.000056416701677565074	-179.9999979854193
4.965923214503357	0.000055366559018650534	-179.99999802304004
5.01187233627272	0.00005433633671274195	-179.99999805994236
5.058246620031137	0.0000533256431425791	-179.9999980961406
5.105049999754059	0.00005233409489614129	-179.9999981316487
5.152286445817562	0.000051361316576216195	-179.99999816648045
5.1999599653351565	0.00005040694061505168	-179.99999820064926
5.248074602497723	0.000049470607093931406	-179.99999823416823
5.296634438916575	0.00004855196356752196	-179.9999982670502
5.345643593969713	0.00004765066489284353	-179.99999829930778
5.395106225151273	0.00004676637306272225	-179.99999833095328
5.445026528424209	0.00004589875704358714	-179.9999983619987
5.495408738576242	0.00004504749261747934	-179.99999839245592
5.5462571295791046	0.000044212262228145844	-179.9999984223364
5.597576014951099	0.00004339275483109523	-179.99999845165152
5.649369748123022	0.00004258866574749592	-179.99999848041233
5.701642722807472	0.000041799696521802526	-179.99999850862966
5.754399373371567	0.00004102555478299992	-179.99999853631414
5.807644175213118	0.000040265954109357474	-179.9999985634761
5.861381645140285	0.00003952061389659068	-179.99999859012584
5.9156163417547365	0.00003878925922933041	-179.9999986162732
5.970352865838366	0.00003807162075580306	-179.99999864192804
6.025595860743575	0.00003736743456562915	-179.99999866709987
6.081350012787176	0.000036676442070649766	-179.99999869179808
6.137620051647939	0.00003599838988869419	-179.99999871603183
6.194410750767812	0.00003533302973020476	-179.99999873981014
6.251726927756855	0.000034680118287637416	-179.99999876314175
6.30957344480193	0.000034039417127559534	-179.99999878603532
6.367955209079155	0.000033410692585368925	-179.99999880849933
6.426877173170194	0.00003279371566256049	-179.99999883054204
6.486344335482381	0.000032188261926469443	-179.9999988521715
6.546361740672747	0.000031594111412422104	-179.99999887339573
6.6069344800759575	0.000031011048528227896	-179.99999889422247
6.668067692136218	0.000030438861960947763	-179.9999989146594
6.729766562843175	0.00002987734458587685	-179.99999893471391
6.792036326171843	0.00002932629337768077	-179.99999895439345
6.854882264526613	0.000028785509323627046	-179.9999989737051
6.918309709189363	0.000028254797338855142	-179.9999989926559
6.9823240407717115	0.000027733966183629902	-179.99999901125278
7.046930689671467	0.00002722282838252541	-179.99999902950248
7.112135136533288	0.000026721200145487657	-179.99999904741165
7.177942912713615	0.00002622890129072608	-179.99999906498678
7.244359600749899	0.000025745755169385475	-179.99999908223418
7.311390834834173	0.00002527158859195159	-179.99999909916014
7.379042301291007	0.000024806231756344404	-179.99999911577075
7.447319739059888	0.000024349518177655654	-179.999999132072
7.516228940182053	0.000023901284619487196	-179.99999914806975
7.585775750291836	0.000023461371026849114	-179.99999916376981
7.655966069112561	0.000023029620460577084	-179.9999991791778
7.726805850957021	0.00002260587903323008	-179.99999919429925
7.798301105232586	0.000022189995846430445	-179.99999920913956
7.870457896950985	0.000021781822929609646	-179.99999922370407
7.943282347242813	0.000021381215180123798	-179.99999923799803
8.01678063387679	0.00002098803030470468	-179.9999992520265
8.090958991783822	0.000020602128762212214	-179.99999926579451
8.165823713585922	0.000020223373707656044	-179.99999927930702
8.241381150130021	0.000019851630937454263	-179.9999992925688
8.317637711026709	0.00001948676883589875	-179.9999993055846
8.394599865193973	0.00001912865832279697	-179.99999931835902
8.472274141405963	0.0000187771728022612	-179.99999933089663
8.550667128846833	0.000018432188112617137	-179.9999993432019
8.629785477669701	0.00001809358247740421	-179.99999935527916
8.709635899560805	0.000017761236457440997	-179.99999936713274
8.790225168308842	0.000017435032903929996	-179.9999993787668
8.871560120379607	0.00001711485691257624	-179.99999939018554
8.953647655495937	0.000016800595778695582	-179.9999994013929
9.036494737223014	0.0000164921389532886	-179.9999994123929
9.120108393559097	0.000016189378000057118	-179.99999942318942
9.204495717531712	0.000015892206553340678	-179.9999994337863
9.289663867799362	0.000015600520276951204	-179.9999994441872
9.375620069258803	0.000015314216823884418	-179.99999945439586
9.462371613657929	0.000015033195796887433	-179.99999946441588
9.549925860214358	0.00001475735870986209	-179.99999947425076
9.638290236239705	0.000014486608950084695	-179.99999948390396
9.727472237769652	0.000014220851741222927	-179.99999949337888
9.817479430199844	0.000013959994107131244	-179.9999995026789
9.908319448927676	0.000013703944836406824	-179.99999951180718
10.	0.00001345261444768834	-179.999999520767
10.092528860766844	0.000013205915155680456	-179.9999995295615
10.18591388054117	0.00001296376083788727	-179.99999953819375
10.280162981264736	0.00001272606700203855	-179.99999954666677
10.375284158180126	0.00001249275075419273	-179.99999955498353
10.471285480508996	0.000012263730767501478	-179.999999563147
10.568175092136585	0.000012038927251620585	-179.9999995711599
10.665961212302578	0.000011818261922752616	-179.99999957902514
10.76465213629835	0.00001160165797430703	-179.99999958674542
10.864256236170656	0.000011389040048168602	-179.9999995942935
10.964781961431852	0.00001118033420652863	-179.99999960176194
11.066237839776663	0.00001097546790435933	-179.9999996090634
11.168632477805613	0.000010774369962365456	-179.99999961623038
11.271974561755105	0.000010576970540550992	-179.9999996232654
11.37627285823431	0.000010383201112300086	-179.99999963017092
11.481536214968829	0.000010192994438989234	-179.99999963694935
11.587773561551263	0.000010006284545114933	-179.999999643603
11.694993910198711	9.823006693925644e-6	-179.9999996501342
11.803206356517286	9.643097363546849e-6	-179.9999996565453
11.912420080273739	9.466494223588363e-6	-179.99999966283843
12.022644346174118	9.293136112223691e-6	-179.9999996690158
12.133888504649763	9.12296301373065e-6	-179.9999996750796
12.246161992650476	8.955916036483687e-6	-179.99999968103185
12.359474334445094	8.791937391387808e-6	-179.99999968687473
12.47383514242942	8.630970370744771e-6	-179.99999969261015
12.589254117941662	8.472959327542099e-6	-179.99999969824017
12.705741052085406	8.317849655155847e-6	-179.99999970376672
12.823305826560205	8.165587767458323e-6	-179.9999997091917
12.94195841449985	8.016121079321996e-6	-179.99999971451703
13.061708881318404	7.86939798751117e-6	-179.9999997197445
13.182567385564061	7.725367851953242e-6	-179.99999972487598
13.304544179780901	7.583980977381311e-6	-179.99999972991318
13.427649611378628	7.445188595340465e-6	-179.99999973485788
13.551894123510351	7.3089428465498966e-6	-179.9999997397118
13.67728825595848	7.175196763613418e-6	-179.9999997444766
13.803842646028839	7.043904254071029e-6	-179.99999974915391
13.931568029453022	6.915020083784364e-6	-179.99999975374536
14.060475241299129	6.78849986064902e-6	-179.99999975825253
14.190575216890911	6.664300018626924e-6	-179.999999762677
14.321878992735424	6.542377802092093e-6	-179.99999976702026
14.454397707459265	6.422691250483185e-6	-179.99999977128383
14.588142602753473	6.3051991832565785e-6	-179.99999977546915
14.723125024327178	6.189861185133614e-6	-179.9999997795777
14.859356422870059	6.076637591636017e-6	-179.99999978361092
14.996848355023726	5.965489474903495e-6	-179.99999978757012
15.135612484362072	5.856378629787679e-6	-179.99999979145673
15.275660582380716	5.749267560216772e-6	-179.99999979527203
15.417004529495584	5.644119465825316e-6	-179.9999997990174
15.559656316050734	5.5408982288436e-6	-179.99999980269408
15.703628043335515	5.439568401241489e-6	-179.99999980630335
15.848931924611126	5.340095192121386e-6	-179.99999980984646
15.995580286146678	5.242444455355305e-6	-179.99999981332462
16.143585568264854	5.14658267746105e-6	-179.99999981673903
16.292960326397214	5.0524769657126805e-6	-179.99999982009086
16.443717232149307	4.960095036480458e-6	-179.99999982338122
16.595869074375596	4.869405203795683e-6	-179.99999982661132
16.749428760264365	4.780376368135837e-6	-179.99999982978224
16.90440931643263	4.692978005425599e-6	-179.99999983289504
17.060823890031227	4.607180156249379e-6	-179.9999998359508
17.21868574986006	4.522953415271129e-6	-179.9999998389506
17.378008287493746	4.440268920857248e-6	-179.99999984189543
17.5388050184176	4.359098344898521e-6	-179.99999984478634
17.701089583174202	4.279413882827104e-6	-179.99999984762425
17.864875748520497	4.201188243824655e-6	-179.9999998504102
18.03017740859568	4.1243946412177936e-6	-179.99999985314517
18.197008586099827	4.049006783057161e-6	-179.99999985583
18.365383433483455	3.974998862876415e-6	-179.99999985846569
18.535316234148105	3.902345550627596e-6	-179.99999986105314
18.706821403657997	3.831021983789355e-6	-179.9999998635932
18.879913490962927	3.7610037586446212e-6	-179.99999986608674
19.054607179632463	3.692266921724355e-6	-179.99999986853462
19.230917289101576	3.6247879614140965e-6	-179.9999998709377
19.408858775927772	3.5585437997201166e-6	-179.9999998732968
19.58844673505989	3.493511784191987e-6	-179.9999998756127
19.7696964011186	3.4296696799985402e-6	-179.9999998778862
19.952623149688787	3.36699566215415e-6	-179.99999988011814
20.137242498623873	3.3054683078924105e-6	-179.99999988230917
20.32357010936221	3.2450665891843337e-6	-179.99999988446012
20.511621788255646	3.1857698653981977e-6	-179.99999988657171
20.701413487910415	3.1275578760982995e-6	-179.99999988864468
20.892961308540386	3.070410733979893e-6	-179.9999998906797
21.086281499332888	3.0143089179376504e-6	-179.99999989267747
21.28139045982711	2.959233266265048e-6	-179.9999998946387
21.47830474130533	2.905164969982114e-6	-179.99999989656405
21.67704104819694	2.8520855662890497e-6	-179.9999998984542
21.87761623949552	2.799976932143295e-6	-179.99999990030975
22.080047330188993	2.7488212779575947e-6	-179.99999990213135
22.28435149270303	2.698601141416768e-6	-179.99999990391962
22.490546058357804	2.6492993814108508e-6	-179.99999990567517
22.698648518838212	2.600899172082379e-6	-179.99999990739866
22.908676527677724	2.5533839969855736e-6	-179.99999990909058
23.12064790175594	2.506737643355311e-6	-179.99999991075157
23.33458062281002	2.460944196483722e-6	-179.99999991238218
23.55049283896009	2.41598803420236e-6	-179.99999991398298
23.76840286624876	2.3718538214679e-6	-179.9999999155545
23.9883291901949	2.3285265050493923e-6	-179.99999991709726
24.210290467361776	2.285991308315092e-6	-179.99999991861182
24.434305526939713	2.24423372611696e-6	-179.9999999200987
24.660393372343385	2.203239519770987e-6	-179.99999992155836
24.888573182823905	2.16299471213146e-6	-179.99999992299138
25.118864315095795	2.1234855827574017e-6	-179.99999992439814
25.35128630497907	2.0846986631694117e-6	-179.9999999257792
25.58585886905645	2.046620732195168e-6	-179.99999992713504
25.82260190634596	2.0092388114019197e-6	-179.99999992846608
26.06153549998895	1.9725401606142778e-6	-179.99999992977277
26.302679918953814	1.936512273515699e-6	-179.99999993105558
26.54605561975539	1.9011428733320705e-6	-179.99999993231492
26.791683248190314	1.8664199085957969e-6	-179.99999993355127
27.039583641088434	1.832331548988912e-6	-179.999999934765
27.289777828080403	1.7988661812636526e-6	-179.99999993595657
27.542287033381662	1.7660124052390658e-6	-179.99999993712635
27.797132677592884	1.7337590298721877e-6	-179.99999993827473
28.05433637951713	1.7020950694023768e-6	-179.9999999394021
28.31391995799379	1.671009739567414e-6	-179.9999999405089
28.575905433749465	1.6404924538900235e-6	-179.99999994159546
28.84031503126606	1.6105328200334512e-6	-179.99999994266219
29.10717118066605	1.5811206362248264e-6	-179.99999994370938
29.376496519615305	1.5522458877449994e-6	-179.99999994473745
29.648313895243422	1.5238987434836083e-6	-179.99999994574674
29.92264636608189	1.4960695525581418e-6	-179.9999999467376
30.19951720402016	1.468748840995788e-6	-179.99999994771034
30.4789498962798	1.441927308476886e-6	-179.99999994866528
30.76096814740705	1.4155958251388052e-6	-179.9999999496028
31.045595881283525	1.3897454284391502e-6	-179.99999995052318
31.332857243155825	1.3643673200771192e-6	-179.99999995142673
31.62277660168376	1.3394528629719673e-6	-179.99999995231377
31.91537855100758	1.314993578297472e-6	-179.9999999531846
32.21068791283432	1.290981142571367e-6	-179.99999995403954
32.50872973854341	1.2674073847986911e-6	-179.99999995487883
32.80952931131187	1.2442642836680566e-6	-179.9999999557028
33.11311214825908	1.2215439647998302e-6	-179.99999995651174
33.41950400261139	1.1992386980452647e-6	-179.99999995730587
33.72873086588685	1.177340894835608e-6	-179.9999999580855
34.040818970100055	1.155843105580273e-6	-179.9999999588509
34.35579478998743	1.1347380171131315e-6	-179.9999999596023
34.67368504525313	1.1140184501860369e-6	-179.99999996033998
34.994516702835696	1.0936773570086975e-6	-179.9999999610642
35.318316979195664	1.0737078188340197e-6	-179.99999996177516
35.64511334262439	1.0541030435880813e-6	-179.99999996247314
35.9749335155742	1.034856363543895e-6	-179.99999996315836
36.3078054770101	1.0159612330381472e-6	-179.9999999638311
36.64375746478329	9.974112262300987e-7	-179.99999996449154
36.98281797802659	9.792000349018813e-7	-179.99999996513986
37.32501577957203	9.613214662993899e-7	-179.9999999657764
37.670379898390856	9.43769441013036e-7	-179.99999996640128
38.01893963205609	9.265379908976038e-7	-179.99999996701476
38.370724549227845	9.096212570304889e-7	-179.99999996761704
38.72576449216169	8.93013487707596e-7	-179.99999996820833
39.08408957924017	8.767090364762046e-7	-179.99999996878879
39.44573020752781	8.607023602041014e-7	-179.99999996935867
39.81071705534969	8.449880171843149e-7	-179.99999996991812
40.17908108489396	8.295606652747819e-7	-179.99999997046734
40.55085354483835	8.144150600723018e-7	-179.99999997100656
40.92606597300105	7.995460531201358e-7	-179.99999997153594
41.304750199016105	7.849485901486287e-7	-179.99999997205563
41.68693834703351	7.706177093482408e-7	-179.99999997256583
42.07266283844437	7.565485396743792e-7	-179.9999999730667
42.46195639463126	7.427362991834507e-7	-179.99999997355843
42.85485203974392	7.291762933995458e-7	-179.9999999740412
43.251383103500835	7.158639137111895e-7	-179.99999997451516
43.65158322401656	7.027946357976006e-7	-179.99999997498043
44.0554863506553	6.899640180839138e-7	-179.99999997543725
44.46312674691084	6.77367700224822e-7	-179.99999997588566
44.87453899331318	6.650014016161166e-7	-179.99999997632594
45.28975799036204	6.528609199336077e-7	-179.99999997675815
45.708818961487474	6.409421296989168e-7	-179.99999997718248
46.13175745603791	6.292409808716425e-7	-179.99999997759906
46.55860935229586	6.177534974674112e-7	-179.99999997800802
46.98941086052151	6.064757762013358e-7	-179.9999999784095
47.42419852602443	5.954039851564089e-7	-179.99999997880366
47.863009232263806	5.845343624763729e-7	-179.99999997919065
48.30588020397723	5.738632150826078e-7	-179.99999997957053
48.7528490103386	5.633869174145984e-7	-179.9999999799435
49.20395356814506	5.531019101935436e-7	-179.99999998030967
49.65923214503358	5.430046992086768e-7	-179.99999998066914
50.118723362727195	5.330918541258814e-7	-179.99999998102203
50.58246620031137	5.233600073181856e-7	-179.99999998136852
51.0504999975406	5.138058527177376e-7	-179.99999998170864
51.52286445817562	5.044261446888567e-7	-179.99999998204257
51.99959965335157	4.952176969217799e-7	-179.99999998237038
52.48074602497723	4.861773813467135e-7	-179.99999998269223
52.966344389165755	4.773021270678218e-7	-179.9999999830082
53.45643593969714	4.6858891931677924e-7	-179.9999999833184
53.95106225151273	4.6003479842552893e-7	-179.99999998362293
54.450265284242086	4.516368588178923e-7	-179.9999999839219
54.95408738576243	4.433922480196793e-7	-179.99999998421538
55.462571295791044	4.3529816568696347e-7	-179.99999998450355
55.97576014951099	4.273518626521806e-7	-179.99999998478643
56.49369748123023	4.195506399877279e-7	-179.99999998506416
57.01642722807472	4.118918480867372e-7	-179.9999999853368
57.543993733715666	4.0437288576070737e-7	-179.9999999856045
58.07644175213118	3.9699119935368635e-7	-179.9999999858673
58.61381645140285	3.897442818726943e-7	-179.9999999861253
59.15616341754737	3.826296721340934e-7	-179.99999998637858
59.70352865838366	3.7564495392560654e-7	-179.99999998662722
60.255958607435744	3.687877551836996e-7	-179.99999998687136
60.81350012787176	3.620557471860419e-7	-179.999999987111
61.37620051647939	3.5544664375877065e-7	-179.9999999873463
61.94410750767812	3.4895820049828307e-7	-179.9999999875773
62.51726927756855	3.4258821400729124e-7	-179.99999998780405
63.0957344480193	3.3633452114487724e-7	-179.99999998802667
63.67955209079155	3.301949982902901e-7	-179.99999998824526
64.26877173170195	3.241675606202315e-7	-179.99999998845982
64.86344335482381	3.182501613993845e-7	-179.99999998867048
65.46361740672747	3.124407912839374e-7	-179.9999999888773
66.06934480075958	3.06737477637869e-7	-179.99999998908035
66.68067692136219	3.011382838617573e-7	-179.99999998927967
67.29766562843174	2.95641308733881e-7	-179.99999998947536
67.92036326171844	2.902446857633902e-7	-179.99999998966746
68.54882264526613	2.8494658255532413e-7	-179.9999999898561
69.18309709189363	2.7974520018725506e-7	-179.99999999004126
69.82324040771711	2.746387725973501e-7	-179.99999999022305
70.46930689671467	2.6962556598363535e-7	-179.9999999904015
71.12135136533288	2.6470387821426224e-7	-179.99999999057673
71.77942912713615	2.598720382485686e-7	-179.99999999074873
72.44359600749898	2.551284055687413e-7	-179.99999999091762
73.11390834834172	2.5047136962188125e-7	-179.9999999910834
73.79042301291008	2.458993492722835e-7	-179.99999999124617
74.47319739059888	2.4141079226374235e-7	-179.99999999140596
75.16228940182053	2.3700417469169845e-7	-179.99999999156282
75.85775750291836	2.3267800048504771e-7	-179.99999999171683
76.55966069112561	2.2843080089743353e-7	-179.99999999186804
77.26805850957021	2.2426113400784936e-7	-179.99999999201648
77.98301105232578	2.201675842303804e-7	-179.99999999216223
78.70457896950977	2.1614876183291518e-7	-179.99999999230528
79.43282347242805	2.122033024646674e-7	-179.99999999244574
80.16780633876782	2.083298666923397e-7	-179.99999999258364
80.90958991783813	2.0452713954477545e-7	-179.99999999271898
81.65823713585914	2.0079383006594147e-7	-179.9999999928519
82.41381150130013	1.9712867087608947e-7	-179.9999999929824
83.176377110267	1.9353041774094497e-7	-179.9999999931105
83.94599865193965	1.8999784914877754e-7	-179.99999999323623
84.72274141405954	1.8652976589520867e-7	-179.99999999335972
85.50667128846823	1.8312499067561236e-7	-179.9999999934809
86.29785477669694	1.7978236768497339e-7	-179.9999999935999
87.09635899560796	1.7650076222506318e-7	-179.99999999371673
87.90225168308834	1.7327906031880042e-7	-179.99999999383144
88.71560120379598	1.7011616833166558e-7	-179.99999999394402
89.53647655495928	1.670110126000384e-7	-179.99999999405455
90.36494737223005	1.639625390663326e-7	-179.99999999416306
91.20108393559087	1.6096971292080351e-7	-179.99999999426964
92.04495717531702	1.580315182499046e-7	-179.99999999437424
92.89663867799354	1.5514695769107532e-7	-179.9999999944769
93.75620069258792	1.52315052093841e-7	-179.99999999457773
94.6237161365792	1.4953484018710913e-7	-179.9999999946767
95.4992586021435	1.4680537825254916e-7	-179.99999999477387
96.38290236239695	1.441257398039438e-7	-179.99999999486926
97.2747223776964	1.4149501527240335e-7	-179.9999999949629
98.17479430199833	1.3891231169733436e-7	-179.99999999505485
99.08319448927665	1.363767524230583e-7	-179.99999999514512
99.9999999999999	1.3388747680097677e-7	-179.99999999523374