0.01	1.0007	-0.0030309
0.010046	1.0007	-0.0030449
0.010093	1.0007	-0.003059
0.010139	1.0007	-0.0030731
0.010186	1.0007	-0.0030873
0.010233	1.0007	-0.0031016
0.01028	1.0007	-0.0031159
0.010328	1.0007	-0.0031303
0.010375	1.0007	-0.0031448
0.010423	1.0007	-0.0031593
0.010471	1.0007	-0.0031739
0.01052	1.0007	-0.0031885
0.010568	1.0008	-0.0032033
0.010617	1.0008	-0.0032181
0.010666	1.0008	-0.0032329
0.010715	1.0008	-0.0032479
0.010765	1.0008	-0.0032629
0.010814	1.0008	-0.003278
0.010864	1.0008	-0.0032931
0.010914	1.0008	-0.0033083
0.010965	1.0008	-0.0033236
0.011015	1.0008	-0.003339
0.011066	1.0008	-0.0033544
0.011117	1.0008	-0.0033699
0.011169	1.0008	-0.0033855
0.01122	1.0008	-0.0034011
0.011272	1.0009	-0.0034168
0.011324	1.0009	-0.0034326
0.011376	1.0009	-0.0034485
0.011429	1.0009	-0.0034644
0.011482	1.0009	-0.0034804
0.011535	1.0009	-0.0034965
0.011588	1.0009	-0.0035127
0.011641	1.0009	-0.0035289
0.011695	1.0009	-0.0035452
0.011749	1.0009	-0.0035616
0.011803	1.0009	-0.003578
0.011858	1.0009	-0.0035946
0.011912	1.001	-0.0036112
0.011967	1.001	-0.0036279
0.012023	1.001	-0.0036446
0.012078	1.001	-0.0036615
0.012134	1.001	-0.0036784
0.01219	1.001	-0.0036954
0.012246	1.001	-0.0037125
0.012303	1.001	-0.0037296
0.012359	1.001	-0.0037469
0.012417	1.001	-0.0037642
0.012474	1.0011	-0.0037816
0.012531	1.0011	-0.0037991
0.012589	1.0011	-0.0038166
0.012647	1.0011	-0.0038343
0.012706	1.0011	-0.003852
0.012764	1.0011	-0.0038698
0.012823	1.0011	-0.0038877
0.012882	1.0011	-0.0039057
0.012942	1.0011	-0.0039237
0.013002	1.0011	-0.0039418
0.013062	1.0012	-0.0039601
0.013122	1.0012	-0.0039784
0.013183	1.0012	-0.0039968
0.013243	1.0012	-0.0040152
0.013305	1.0012	-0.0040338
0.013366	1.0012	-0.0040524
0.013428	1.0012	-0.0040712
0.01349	1.0012	-0.00409
0.013552	1.0012	-0.0041089
0.013614	1.0013	-0.0041279
0.013677	1.0013	-0.004147
0.01374	1.0013	-0.0041662
0.013804	1.0013	-0.0041854
0.013868	1.0013	-0.0042048
0.013932	1.0013	-0.0042242
0.013996	1.0013	-0.0042437
0.01406	1.0013	-0.0042634
0.014125	1.0013	-0.0042831
0.014191	1.0014	-0.0043029
0.014256	1.0014	-0.0043228
0.014322	1.0014	-0.0043428
0.014388	1.0014	-0.0043628
0.014454	1.0014	-0.004383
0.014521	1.0014	-0.0044033
0.014588	1.0014	-0.0044236
0.014655	1.0015	-0.0044441
0.014723	1.0015	-0.0044646
0.014791	1.0015	-0.0044853
0.014859	1.0015	-0.004506
0.014928	1.0015	-0.0045269
0.014997	1.0015	-0.0045478
0.015066	1.0015	-0.0045688
0.015136	1.0015	-0.00459
0.015205	1.0016	-0.0046112
0.015276	1.0016	-0.0046325
0.015346	1.0016	-0.0046539
0.015417	1.0016	-0.0046755
0.015488	1.0016	-0.0046971
0.01556	1.0016	-0.0047188
0.015631	1.0017	-0.0047406
0.015704	1.0017	-0.0047626
0.015776	1.0017	-0.0047846
0.015849	1.0017	-0.0048067
0.015922	1.0017	-0.004829
0.015996	1.0017	-0.0048513
0.016069	1.0017	-0.0048737
0.016144	1.0018	-0.0048963
0.016218	1.0018	-0.0049189
0.016293	1.0018	-0.0049417
0.016368	1.0018	-0.0049646
0.016444	1.0018	-0.0049875
0.01652	1.0018	-0.0050106
0.016596	1.0019	-0.0050338
0.016672	1.0019	-0.0050571
0.016749	1.0019	-0.0050805
0.016827	1.0019	-0.005104
0.016904	1.0019	-0.0051276
0.016982	1.0019	-0.0051513
0.017061	1.002	-0.0051751
0.01714	1.002	-0.0051991
0.017219	1.002	-0.0052231
0.017298	1.002	-0.0052473
0.017378	1.002	-0.0052716
0.017458	1.0021	-0.005296
0.017539	1.0021	-0.0053205
0.01762	1.0021	-0.0053451
0.017701	1.0021	-0.0053699
0.017783	1.0021	-0.0053947
0.017865	1.0022	-0.0054197
0.017947	1.0022	-0.0054448
0.01803	1.0022	-0.00547
0.018113	1.0022	-0.0054953
0.018197	1.0022	-0.0055207
0.018281	1.0023	-0.0055463
0.018365	1.0023	-0.0055719
0.01845	1.0023	-0.0055977
0.018535	1.0023	-0.0056236
0.018621	1.0023	-0.0056497
0.018707	1.0024	-0.0056758
0.018793	1.0024	-0.0057021
0.01888	1.0024	-0.0057285
0.018967	1.0024	-0.005755
0.019055	1.0025	-0.0057817
0.019143	1.0025	-0.0058084
0.019231	1.0025	-0.0058353
0.01932	1.0025	-0.0058624
0.019409	1.0025	-0.0058895
0.019498	1.0026	-0.0059168
0.019588	1.0026	-0.0059442
0.019679	1.0026	-0.0059717
0.01977	1.0026	-0.0059994
0.019861	1.0027	-0.0060271
0.019953	1.0027	-0.0060551
0.020045	1.0027	-0.0060831
0.020137	1.0027	-0.0061113
0.02023	1.0028	-0.0061396
0.020324	1.0028	-0.006168
0.020417	1.0028	-0.0061966
0.020512	1.0028	-0.0062253
0.020606	1.0029	-0.0062541
0.020701	1.0029	-0.0062831
0.020797	1.0029	-0.0063122
0.020893	1.003	-0.0063414
0.020989	1.003	-0.0063708
0.021086	1.003	-0.0064003
0.021184	1.003	-0.00643
0.021281	1.0031	-0.0064598
0.02138	1.0031	-0.0064897
0.021478	1.0031	-0.0065198
0.021577	1.0031	-0.00655
0.021677	1.0032	-0.0065804
0.021777	1.0032	-0.0066108
0.021878	1.0032	-0.0066415
0.021979	1.0033	-0.0066723
0.02208	1.0033	-0.0067032
0.022182	1.0033	-0.0067343
0.022284	1.0034	-0.0067655
0.022387	1.0034	-0.0067968
0.022491	1.0034	-0.0068283
0.022594	1.0035	-0.00686
0.022699	1.0035	-0.0068918
0.022803	1.0035	-0.0069237
0.022909	1.0036	-0.0069558
0.023014	1.0036	-0.0069881
0.023121	1.0036	-0.0070205
0.023227	1.0037	-0.007053
0.023335	1.0037	-0.0070857
0.023442	1.0037	-0.0071186
0.02355	1.0038	-0.0071516
0.023659	1.0038	-0.0071848
0.023768	1.0038	-0.0072181
0.023878	1.0039	-0.0072516
0.023988	1.0039	-0.0072852
0.024099	1.0039	-0.007319
0.02421	1.004	-0.007353
0.024322	1.004	-0.0073871
0.024434	1.004	-0.0074213
0.024547	1.0041	-0.0074558
0.02466	1.0041	-0.0074903
0.024774	1.0042	-0.0075251
0.024889	1.0042	-0.00756
0.025003	1.0042	-0.0075951
0.025119	1.0043	-0.0076303
0.025235	1.0043	-0.0076657
0.025351	1.0044	-0.0077013
0.025468	1.0044	-0.0077371
0.025586	1.0044	-0.007773
0.025704	1.0045	-0.0078091
0.025823	1.0045	-0.0078453
0.025942	1.0046	-0.0078817
0.026062	1.0046	-0.0079183
0.026182	1.0046	-0.0079551
0.026303	1.0047	-0.007992
0.026424	1.0047	-0.0080291
0.026546	1.0048	-0.0080664
0.026669	1.0048	-0.0081038
0.026792	1.0049	-0.0081415
0.026915	1.0049	-0.0081793
0.02704	1.005	-0.0082173
0.027164	1.005	-0.0082554
0.02729	1.005	-0.0082938
0.027416	1.0051	-0.0083323
0.027542	1.0051	-0.008371
0.027669	1.0052	-0.0084099
0.027797	1.0052	-0.008449
0.027925	1.0053	-0.0084882
0.028054	1.0053	-0.0085277
0.028184	1.0054	-0.0085673
0.028314	1.0054	-0.0086071
0.028445	1.0055	-0.0086471
0.028576	1.0055	-0.0086873
0.028708	1.0056	-0.0087277
0.02884	1.0056	-0.0087682
0.028973	1.0057	-0.008809
0.029107	1.0057	-0.0088499
0.029242	1.0058	-0.0088911
0.029376	1.0058	-0.0089324
0.029512	1.0059	-0.0089739
0.029648	1.006	-0.0090157
0.029785	1.006	-0.0090576
0.029923	1.0061	-0.0090997
0.030061	1.0061	-0.009142
0.0302	1.0062	-0.0091846
0.030339	1.0062	-0.0092273
0.030479	1.0063	-0.0092702
0.03062	1.0064	-0.0093133
0.030761	1.0064	-0.0093567
0.030903	1.0065	-0.0094002
0.031046	1.0065	-0.009444
0.031189	1.0066	-0.0094879
0.031333	1.0067	-0.0095321
0.031477	1.0067	-0.0095764
0.031623	1.0068	-0.009621
0.031769	1.0068	-0.0096658
0.031915	1.0069	-0.0097108
0.032063	1.007	-0.009756
0.032211	1.007	-0.0098014
0.032359	1.0071	-0.0098471
0.032509	1.0072	-0.0098929
0.032659	1.0072	-0.009939
0.03281	1.0073	-0.0099853
0.032961	1.0074	-0.010032
0.033113	1.0074	-0.010079
0.033266	1.0075	-0.010125
0.03342	1.0076	-0.010173
0.033574	1.0077	-0.01022
0.033729	1.0077	-0.010268
0.033884	1.0078	-0.010316
0.034041	1.0079	-0.010364
0.034198	1.0079	-0.010412
0.034356	1.008	-0.01046
0.034514	1.0081	-0.010509
0.034674	1.0082	-0.010558
0.034834	1.0082	-0.010607
0.034995	1.0083	-0.010657
0.035156	1.0084	-0.010707
0.035318	1.0085	-0.010757
0.035481	1.0086	-0.010807
0.035645	1.0086	-0.010857
0.03581	1.0087	-0.010908
0.035975	1.0088	-0.010959
0.036141	1.0089	-0.01101
0.036308	1.009	-0.011061
0.036475	1.009	-0.011113
0.036644	1.0091	-0.011165
0.036813	1.0092	-0.011217
0.036983	1.0093	-0.011269
0.037154	1.0094	-0.011322
0.037325	1.0095	-0.011375
0.037497	1.0096	-0.011428
0.03767	1.0096	-0.011481
0.037844	1.0097	-0.011535
0.038019	1.0098	-0.011589
0.038194	1.0099	-0.011643
0.038371	1.01	-0.011697
0.038548	1.0101	-0.011752
0.038726	1.0102	-0.011807
0.038905	1.0103	-0.011862
0.039084	1.0104	-0.011918
0.039264	1.0105	-0.011973
0.039446	1.0106	-0.012029
0.039628	1.0107	-0.012086
0.039811	1.0108	-0.012142
0.039994	1.0109	-0.012199
0.040179	1.011	-0.012256
0.040365	1.0111	-0.012313
0.040551	1.0112	-0.012371
0.040738	1.0113	-0.012429
0.040926	1.0114	-0.012487
0.041115	1.0115	-0.012546
0.041305	1.0116	-0.012604
0.041495	1.0117	-0.012663
0.041687	1.0118	-0.012723
0.041879	1.0119	-0.012782
0.042073	1.0121	-0.012842
0.042267	1.0122	-0.012902
0.042462	1.0123	-0.012963
0.042658	1.0124	-0.013024
0.042855	1.0125	-0.013085
0.043053	1.0126	-0.013146
0.043251	1.0127	-0.013208
0.043451	1.0129	-0.013269
0.043652	1.013	-0.013332
0.043853	1.0131	-0.013394
0.044055	1.0132	-0.013457
0.044259	1.0134	-0.01352
0.044463	1.0135	-0.013584
0.044668	1.0136	-0.013647
0.044875	1.0137	-0.013712
0.045082	1.0139	-0.013776
0.04529	1.014	-0.013841
0.045499	1.0141	-0.013906
0.045709	1.0143	-0.013971
0.04592	1.0144	-0.014037
0.046132	1.0145	-0.014103
0.046345	1.0147	-0.014169
0.046559	1.0148	-0.014235
0.046774	1.0149	-0.014302
0.046989	1.0151	-0.01437
0.047206	1.0152	-0.014437
0.047424	1.0154	-0.014505
0.047643	1.0155	-0.014573
0.047863	1.0156	-0.014642
0.048084	1.0158	-0.014711
0.048306	1.0159	-0.01478
0.048529	1.0161	-0.01485
0.048753	1.0162	-0.01492
0.048978	1.0164	-0.01499
0.049204	1.0165	-0.015061
0.049431	1.0167	-0.015131
0.049659	1.0169	-0.015203
0.049888	1.017	-0.015274
0.050119	1.0172	-0.015346
0.05035	1.0173	-0.015419
0.050582	1.0175	-0.015492
0.050816	1.0177	-0.015565
0.05105	1.0178	-0.015638
0.051286	1.018	-0.015712
0.051523	1.0182	-0.015786
0.051761	1.0183	-0.015861
0.052	1.0185	-0.015935
0.05224	1.0187	-0.016011
0.052481	1.0189	-0.016086
0.052723	1.019	-0.016162
0.052966	1.0192	-0.016239
0.053211	1.0194	-0.016316
0.053456	1.0196	-0.016393
0.053703	1.0198	-0.01647
0.053951	1.0199	-0.016548
0.0542	1.0201	-0.016626
0.05445	1.0203	-0.016705
0.054702	1.0205	-0.016784
0.054954	1.0207	-0.016864
0.055208	1.0209	-0.016943
0.055463	1.0211	-0.017024
0.055719	1.0213	-0.017104
0.055976	1.0215	-0.017185
0.056234	1.0217	-0.017267
0.056494	1.0219	-0.017349
0.056754	1.0221	-0.017431
0.057016	1.0223	-0.017514
0.05728	1.0225	-0.017597
0.057544	1.0227	-0.01768
0.05781	1.023	-0.017764
0.058076	1.0232	-0.017849
0.058345	1.0234	-0.017934
0.058614	1.0236	-0.018019
0.058884	1.0238	-0.018104
0.059156	1.0241	-0.01819
0.059429	1.0243	-0.018277
0.059704	1.0245	-0.018364
0.059979	1.0247	-0.018451
0.060256	1.025	-0.018539
0.060534	1.0252	-0.018627
0.060814	1.0255	-0.018716
0.061094	1.0257	-0.018805
0.061376	1.0259	-0.018895
0.06166	1.0262	-0.018985
0.061944	1.0264	-0.019075
0.06223	1.0267	-0.019166
0.062517	1.0269	-0.019258
0.062806	1.0272	-0.01935
0.063096	1.0274	-0.019442
0.063387	1.0277	-0.019535
0.06368	1.028	-0.019628
0.063973	1.0282	-0.019722
0.064269	1.0285	-0.019816
0.064565	1.0288	-0.019911
0.064863	1.029	-0.020006
0.065163	1.0293	-0.020102
0.065464	1.0296	-0.020198
0.065766	1.0299	-0.020295
0.066069	1.0301	-0.020392
0.066374	1.0304	-0.02049
0.066681	1.0307	-0.020588
0.066988	1.031	-0.020687
0.067298	1.0313	-0.020786
0.067608	1.0316	-0.020886
0.06792	1.0319	-0.020986
0.068234	1.0322	-0.021087
0.068549	1.0325	-0.021188
0.068865	1.0328	-0.02129
0.069183	1.0331	-0.021392
0.069502	1.0334	-0.021495
0.069823	1.0338	-0.021598
0.070146	1.0341	-0.021702
0.070469	1.0344	-0.021807
0.070795	1.0347	-0.021912
0.071121	1.0351	-0.022017
0.07145	1.0354	-0.022123
0.071779	1.0357	-0.02223
0.072111	1.0361	-0.022337
0.072444	1.0364	-0.022445
0.072778	1.0368	-0.022553
0.073114	1.0371	-0.022662
0.073451	1.0375	-0.022772
0.07379	1.0378	-0.022882
0.074131	1.0382	-0.022993
0.074473	1.0386	-0.023104
0.074817	1.0389	-0.023216
0.075162	1.0393	-0.023328
0.075509	1.0397	-0.023441
0.075858	1.04	-0.023555
0.076208	1.0404	-0.023669
0.07656	1.0408	-0.023784
0.076913	1.0412	-0.023899
0.077268	1.0416	-0.024015
0.077625	1.042	-0.024132
0.077983	1.0424	-0.024249
0.078343	1.0428	-0.024367
0.078705	1.0432	-0.024486
0.079068	1.0436	-0.024605
0.079433	1.044	-0.024725
0.079799	1.0445	-0.024845
0.080168	1.0449	-0.024966
0.080538	1.0453	-0.025088
0.08091	1.0457	-0.02521
0.081283	1.0462	-0.025333
0.081658	1.0466	-0.025457
0.082035	1.0471	-0.025582
0.082414	1.0475	-0.025707
0.082794	1.048	-0.025832
0.083176	1.0484	-0.025959
0.08356	1.0489	-0.026086
0.083946	1.0494	-0.026214
0.084333	1.0499	-0.026342
0.084723	1.0503	-0.026472
0.085114	1.0508	-0.026602
0.085507	1.0513	-0.026732
0.085901	1.0518	-0.026864
0.086298	1.0523	-0.026996
0.086696	1.0528	-0.027129
0.087096	1.0533	-0.027262
0.087498	1.0538	-0.027397
0.087902	1.0543	-0.027532
0.088308	1.0549	-0.027667
0.088716	1.0554	-0.027804
0.089125	1.0559	-0.027941
0.089536	1.0565	-0.028079
0.08995	1.057	-0.028218
0.090365	1.0576	-0.028358
0.090782	1.0581	-0.028498
0.091201	1.0587	-0.028639
0.091622	1.0593	-0.028781
0.092045	1.0598	-0.028924
0.09247	1.0604	-0.029068
0.092897	1.061	-0.029212
0.093325	1.0616	-0.029358
0.093756	1.0622	-0.029504
0.094189	1.0628	-0.029651
0.094624	1.0634	-0.029798
0.09506	1.064	-0.029947
0.095499	1.0646	-0.030096
0.09594	1.0653	-0.030247
0.096383	1.0659	-0.030398
0.096828	1.0665	-0.03055
0.097275	1.0672	-0.030703
0.097724	1.0679	-0.030856
0.098175	1.0685	-0.031011
0.098628	1.0692	-0.031167
0.099083	1.0699	-0.031323
0.099541	1.0705	-0.03148
0.1	1.0712	-0.031639
0.10046	1.0719	-0.031798
0.10093	1.0726	-0.031958
0.10139	1.0733	-0.032119
0.10186	1.0741	-0.032281
0.10233	1.0748	-0.032444
0.1028	1.0755	-0.032608
0.10328	1.0763	-0.032773
0.10375	1.077	-0.032939
0.10423	1.0778	-0.033106
0.10471	1.0785	-0.033274
0.1052	1.0793	-0.033442
0.10568	1.0801	-0.033612
0.10617	1.0809	-0.033783
0.10666	1.0817	-0.033955
0.10715	1.0825	-0.034128
0.10765	1.0833	-0.034302
0.10814	1.0841	-0.034477
0.10864	1.0849	-0.034653
0.10914	1.0858	-0.03483
0.10965	1.0866	-0.035009
0.11015	1.0875	-0.035188
0.11066	1.0883	-0.035368
0.11117	1.0892	-0.03555
0.11169	1.0901	-0.035733
0.1122	1.091	-0.035916
0.11272	1.0919	-0.036101
0.11324	1.0928	-0.036288
0.11376	1.0937	-0.036475
0.11429	1.0946	-0.036663
0.11482	1.0956	-0.036853
0.11535	1.0965	-0.037043
0.11588	1.0975	-0.037235
0.11641	1.0985	-0.037429
0.11695	1.0994	-0.037623
0.11749	1.1004	-0.037819
0.11803	1.1014	-0.038015
0.11858	1.1025	-0.038214
0.11912	1.1035	-0.038413
0.11967	1.1045	-0.038614
0.12023	1.1056	-0.038815
0.12078	1.1066	-0.039019
0.12134	1.1077	-0.039223
0.1219	1.1088	-0.039429
0.12246	1.1099	-0.039636
0.12303	1.111	-0.039845
0.12359	1.1121	-0.040055
0.12417	1.1132	-0.040266
0.12474	1.1143	-0.040479
0.12531	1.1155	-0.040693
0.12589	1.1167	-0.040908
0.12647	1.1178	-0.041125
0.12706	1.119	-0.041343
0.12764	1.1202	-0.041563
0.12823	1.1215	-0.041784
0.12882	1.1227	-0.042007
0.12942	1.1239	-0.042231
0.13002	1.1252	-0.042457
0.13062	1.1265	-0.042684
0.13122	1.1277	-0.042913
0.13183	1.129	-0.043144
0.13243	1.1304	-0.043375
0.13305	1.1317	-0.043609
0.13366	1.133	-0.043844
0.13428	1.1344	-0.044081
0.1349	1.1358	-0.044319
0.13552	1.1372	-0.044559
0.13614	1.1386	-0.044801
0.13677	1.14	-0.045044
0.1374	1.1414	-0.04529
0.13804	1.1429	-0.045536
0.13868	1.1443	-0.045785
0.13932	1.1458	-0.046035
0.13996	1.1473	-0.046287
0.1406	1.1489	-0.046541
0.14125	1.1504	-0.046797
0.14191	1.1519	-0.047055
0.14256	1.1535	-0.047314
0.14322	1.1551	-0.047575
0.14388	1.1567	-0.047839
0.14454	1.1583	-0.048104
0.14521	1.16	-0.048371
0.14588	1.1617	-0.04864
0.14655	1.1633	-0.048911
0.14723	1.165	-0.049184
0.14791	1.1668	-0.049459
0.14859	1.1685	-0.049736
0.14928	1.1703	-0.050015
0.14997	1.1721	-0.050297
0.15066	1.1739	-0.05058
0.15136	1.1757	-0.050866
0.15205	1.1775	-0.051153
0.15276	1.1794	-0.051443
0.15346	1.1813	-0.051735
0.15417	1.1832	-0.05203
0.15488	1.1852	-0.052327
0.1556	1.1871	-0.052626
0.15631	1.1891	-0.052927
0.15704	1.1911	-0.053231
0.15776	1.1931	-0.053537
0.15849	1.1952	-0.053845
0.15922	1.1973	-0.054156
0.15996	1.1994	-0.05447
0.16069	1.2015	-0.054786
0.16144	1.2037	-0.055104
0.16218	1.2059	-0.055426
0.16293	1.2081	-0.055749
0.16368	1.2103	-0.056076
0.16444	1.2126	-0.056405
0.1652	1.2149	-0.056736
0.16596	1.2172	-0.057071
0.16672	1.2195	-0.057408
0.16749	1.2219	-0.057748
0.16827	1.2243	-0.058091
0.16904	1.2268	-0.058437
0.16982	1.2292	-0.058786
0.17061	1.2317	-0.059138
0.1714	1.2343	-0.059492
0.17219	1.2368	-0.05985
0.17298	1.2394	-0.060211
0.17378	1.242	-0.060575
0.17458	1.2447	-0.060943
0.17539	1.2474	-0.061313
0.1762	1.2501	-0.061687
0.17701	1.2529	-0.062064
0.17783	1.2557	-0.062444
0.17865	1.2585	-0.062828
0.17947	1.2614	-0.063216
0.1803	1.2643	-0.063606
0.18113	1.2673	-0.064001
0.18197	1.2702	-0.064399
0.18281	1.2733	-0.0648
0.18365	1.2763	-0.065206
0.1845	1.2794	-0.065615
0.18535	1.2826	-0.066028
0.18621	1.2858	-0.066445
0.18707	1.289	-0.066866
0.18793	1.2923	-0.067291
0.1888	1.2956	-0.06772
0.18967	1.299	-0.068153
0.19055	1.3024	-0.06859
0.19143	1.3058	-0.069032
0.19231	1.3093	-0.069478
0.1932	1.3129	-0.069928
0.19409	1.3165	-0.070383
0.19498	1.3201	-0.070842
0.19588	1.3238	-0.071306
0.19679	1.3275	-0.071775
0.1977	1.3313	-0.072249
0.19861	1.3352	-0.072727
0.19953	1.3391	-0.07321
0.20045	1.3431	-0.073699
0.20137	1.3471	-0.074192
0.2023	1.3512	-0.074691
0.20324	1.3553	-0.075195
0.20417	1.3595	-0.075704
0.20512	1.3637	-0.076219
0.20606	1.368	-0.076739
0.20701	1.3724	-0.077265
0.20797	1.3768	-0.077797
0.20893	1.3813	-0.078335
0.20989	1.3859	-0.078878
0.21086	1.3905	-0.079428
0.21184	1.3952	-0.079984
0.21281	1.4	-0.080547
0.2138	1.4049	-0.081115
0.21478	1.4098	-0.081691
0.21577	1.4148	-0.082273
0.21677	1.4198	-0.082862
0.21777	1.425	-0.083458
0.21878	1.4302	-0.084061
0.21979	1.4355	-0.084671
0.2208	1.4409	-0.085289
0.22182	1.4463	-0.085914
0.22284	1.4519	-0.086547
0.22387	1.4575	-0.087188
0.22491	1.4632	-0.087837
0.22594	1.469	-0.088494
0.22699	1.475	-0.08916
0.22803	1.481	-0.089834
0.22909	1.487	-0.090517
0.23014	1.4932	-0.091208
0.23121	1.4995	-0.091909
0.23227	1.5059	-0.09262
0.23335	1.5124	-0.09334
0.23442	1.519	-0.09407
0.2355	1.5258	-0.09481
0.23659	1.5326	-0.09556
0.23768	1.5395	-0.096321
0.23878	1.5466	-0.097092
0.23988	1.5538	-0.097875
0.24099	1.5611	-0.098669
0.2421	1.5685	-0.099475
0.24322	1.576	-0.10029
0.24434	1.5837	-0.10112
0.24547	1.5915	-0.10197
0.2466	1.5995	-0.10282
0.24774	1.6076	-0.10369
0.24889	1.6158	-0.10457
0.25003	1.6242	-0.10547
0.25119	1.6327	-0.10638
0.25235	1.6414	-0.10731
0.25351	1.6503	-0.10826
0.25468	1.6593	-0.10922
0.25586	1.6685	-0.11019
0.25704	1.6778	-0.11119
0.25823	1.6874	-0.1122
0.25942	1.6971	-0.11323
0.26062	1.707	-0.11428
0.26182	1.7171	-0.11535
0.26303	1.7273	-0.11644
0.26424	1.7378	-0.11756
0.26546	1.7485	-0.11869
0.26669	1.7594	-0.11986
0.26792	1.7705	-0.12104
0.26915	1.7819	-0.12226
0.2704	1.7934	-0.1235
0.27164	1.8053	-0.12478
0.2729	1.8173	-0.12608
0.27416	1.8296	-0.12742
0.27542	1.8422	-0.1288
0.27669	1.855	-0.13022
0.27797	1.8682	-0.13168
0.27925	1.8816	-0.13319
0.28054	1.8953	-0.13475
0.28184	1.9093	-0.13636
0.28314	1.9237	-0.13804
0.28445	1.9383	-0.13979
0.28576	1.9534	-0.14161
0.28708	1.9687	-0.14353
0.2884	1.9845	-0.14554
0.28973	2.0006	-0.14768
0.29107	2.0172	-0.14995
0.29242	2.0342	-0.15238
0.29376	2.0516	-0.155
0.29512	2.0696	-0.15786
0.29648	2.088	-0.16101
0.29785	2.107	-0.16452
0.29923	2.1265	-0.16848
0.30061	2.1467	-0.17304
0.302	2.1676	-0.17839
0.30339	2.1893	-0.1848
0.30479	2.2118	-0.19271
0.3062	2.2354	-0.20276
0.30761	2.2601	-0.21604
0.30903	2.2864	-0.23437
0.31046	2.3147	-0.26109
0.31189	2.3456	-0.30281
0.31333	2.3807	-0.37399
0.31477	2.4225	-0.51147
0.31623	2.4775	-0.83103
0.31769	2.5607	-1.8382
0.31915	2.6436	-6.6837
0.32063	2.2496	-7.1043
0.32211	2.3111	-2.041
0.32359	2.3896	-0.95583
0.32509	2.4464	-0.60747
0.32659	2.493	-0.45693
0.3281	2.5349	-0.37954
0.32961	2.5746	-0.33523
0.33113	2.6131	-0.30803
0.33266	2.6514	-0.2906
0.3342	2.6898	-0.27919
0.33574	2.7286	-0.27169
0.33729	2.7681	-0.26688
0.33884	2.8084	-0.26398
0.34041	2.8497	-0.2625
0.34198	2.8921	-0.2621
0.34356	2.9357	-0.26256
0.34514	2.9806	-0.26372
0.34674	3.0269	-0.26545
0.34834	3.0747	-0.26768
0.34995	3.1242	-0.27034
0.35156	3.1753	-0.27339
0.35318	3.2283	-0.2768
0.35481	3.2832	-0.28055
0.35645	3.3402	-0.28462
0.3581	3.3993	-0.28899
0.35975	3.4608	-0.29368
0.36141	3.5248	-0.29866
0.36308	3.5913	-0.30395
0.36475	3.6607	-0.30955
0.36644	3.733	-0.31546
0.36813	3.8085	-0.32171
0.36983	3.8874	-0.32829
0.37154	3.9699	-0.33523
0.37325	4.0563	-0.34255
0.37497	4.1468	-0.35026
0.3767	4.2418	-0.35839
0.37844	4.3415	-0.36696
0.38019	4.4463	-0.37601
0.38194	4.5568	-0.38556
0.38371	4.6731	-0.39565
0.38548	4.796	-0.40634
0.38726	4.9259	-0.41765
0.38905	5.0634	-0.42965
0.39084	5.2093	-0.44239
0.39264	5.3642	-0.45594
0.39446	5.5291	-0.47038
0.39628	5.7049	-0.48578
0.39811	5.8927	-0.50225
0.39994	6.0938	-0.5199
0.40179	6.3097	-0.53884
0.40365	6.5419	-0.55923
0.40551	6.7924	-0.58124
0.40738	7.0634	-0.60505
0.40926	7.3575	-0.63089
0.41115	7.6778	-0.65904
0.41305	8.0279	-0.6898
0.41495	8.412	-0.72356
0.41687	8.8354	-0.76077
0.41879	9.3043	-0.80198
0.42073	9.8264	-0.84786
0.42267	10.411	-0.89925
0.42462	11.071	-0.95719
0.42658	11.82	-1.023
0.42855	12.679	-1.0985
0.43053	13.673	-1.1857
0.43251	14.837	-1.2879
0.43451	16.217	-1.4091
0.43652	17.88	-1.5551
0.43853	19.923	-1.7344
0.44055	22.492	-1.9598
0.44259	25.82	-2.2518
0.44463	30.299	-2.6449
0.44668	36.648	-3.2021
0.44875	46.342	-4.0535
0.45082	62.949	-5.514
0.4529	97.821	-8.5934
0.45499	214.13	-19.104
0.45709	502.79	-129.74
0.4592	140.63	-167.57
0.46132	78.765	-173.07
0.46345	54.609	-175.2
0.46559	41.796	-176.33
0.46774	33.867	-177.03
0.46989	28.48	-177.5
0.47206	24.582	-177.84
0.47424	21.633	-178.1
0.47643	19.325	-178.3
0.47863	17.469	-178.47
0.48084	15.946	-178.6
0.48306	14.673	-178.71
0.48529	13.594	-178.81
0.48753	12.668	-178.89
0.48978	11.865	-178.96
0.49204	11.163	-179.03
0.49431	10.544	-179.08
0.49659	9.9934	-179.13
0.49888	9.502	-179.18
0.50119	9.0604	-179.22
0.5035	8.6619	-179.25
0.50582	8.3006	-179.29
0.50816	7.9717	-179.32
0.5105	7.6714	-179.35
0.51286	7.3962	-179.37
0.51523	7.1435	-179.4
0.51761	6.9107	-179.42
0.52	6.6959	-179.44
0.5224	6.4972	-179.46
0.52481	6.3132	-179.48
0.52723	6.1426	-179.5
0.52966	5.9841	-179.52
0.53211	5.8368	-179.54
0.53456	5.6997	-179.56
0.53703	5.5722	-179.57
0.53951	5.4536	-179.59
0.542	5.3432	-179.61
0.5445	5.2406	-179.63
0.54702	5.1453	-179.64
0.54954	5.0568	-179.66
0.55208	4.975	-179.68
0.55463	4.8995	-179.7
0.55719	4.8301	-179.72
0.55976	4.7665	-179.74
0.56234	4.7087	-179.76
0.56494	4.6565	-179.79
0.56754	4.61	-179.81
0.57016	4.569	-179.84
0.5728	4.5338	-179.88
0.57544	4.5043	-179.91
0.5781	4.4808	-179.95
0.58076	4.4635	-180
0.58345	4.4528	179.95
0.58614	4.4491	179.89
0.58884	4.453	179.82
0.59156	4.4653	179.75
0.59429	4.487	179.65
0.59704	4.5191	179.54
0.59979	4.5634	179.41
0.60256	4.6218	179.25
0.60534	4.6971	179.06
0.60814	4.7926	178.82
0.61094	4.9132	178.53
0.61376	5.0655	178.15
0.6166	5.2586	177.66
0.61944	5.5059	177.01
0.6223	5.8277	176.14
0.62517	6.2552	174.91
0.62806	6.8395	173.14
0.63096	7.6682	170.44
0.63387	8.8963	166.05
0.6368	10.79	158.32
0.63973	13.591	143.53
0.64269	15.88	116.27
0.64565	13.541	84.237
0.64863	9.541	65.124
0.65163	7.2801	57.959
0.65464	8.0817	57.452
0.65766	7.3324	-102.17
0.66069	0.51604	-89.381
0.66374	0.075711	112.22
0.66681	0.28421	135.17
0.66988	0.44354	149.2
0.67298	0.58739	157.67
0.67608	0.71686	162.98
0.6792	0.83202	166.49
0.68234	0.934	168.94
0.68549	1.0244	170.71
0.68865	1.1049	172.03
0.69183	1.1769	173.06
0.69502	1.2418	173.86
0.69823	1.3008	174.51
0.70146	1.3547	175.03
0.70469	1.4045	175.47
0.70795	1.4507	175.84
0.71121	1.494	176.15
0.7145	1.5349	176.41
0.71779	1.5738	176.64
0.72111	1.6111	176.83
0.72444	1.6472	177
0.72778	1.6823	177.15
0.73114	1.7168	177.28
0.73451	1.7509	177.4
0.7379	1.7848	177.5
0.74131	1.8188	177.59
0.74473	1.8531	177.67
0.74817	1.8879	177.73
0.75162	1.9234	177.8
0.75509	1.9598	177.85
0.75858	1.9974	177.9
0.76208	2.0365	177.94
0.7656	2.0773	177.97
0.76913	2.1201	178
0.77268	2.1653	178.03
0.77625	2.2133	178.05
0.77983	2.2647	178.06
0.78343	2.3203	178.07
0.78705	2.3811	178.07
0.79068	2.4486	178.07
0.79433	2.5254	178.06
0.79799	2.616	178.04
0.80168	2.7301	178.01
0.80538	2.8933	177.92
0.8091	3.2049	177.63
0.81283	4.8609	173.96
0.81658	1.6286	174.47
0.82035	2.4213	177.62
0.82414	2.693	177.82
0.82794	2.8778	177.85
0.83176	3.0387	177.83
0.8356	3.1952	177.78
0.83946	3.3562	177.73
0.84333	3.5275	177.66
0.84723	3.7135	177.57
0.85114	3.9186	177.48
0.85507	4.1477	177.37
0.85901	4.4065	177.24
0.86298	4.7021	177.09
0.86696	5.044	176.91
0.87096	5.4442	176.7
0.87498	5.9197	176.44
0.87902	6.4943	176.13
0.88308	7.2025	175.75
0.88716	8.0974	175.26
0.89125	9.2633	174.61
0.89536	10.845	173.74
0.8995	13.109	172.47
0.90365	16.611	170.51
0.90782	22.714	167.05
0.91201	35.719	159.5
0.91622	74.121	133.74
0.92045	80.464	51.261
0.9247	37.21	21.026
0.92897	22.905	12.693
0.93325	16.382	8.9963
0.93756	12.698	6.9282
0.94189	10.341	5.6111
0.94624	8.7067	4.7005
0.9506	7.5083	4.0342
0.95499	6.5928	3.5262
0.9594	5.8712	3.1264
0.96383	5.2883	2.8038
0.96828	4.808	2.5382
0.97275	4.4057	2.316
0.97724	4.0642	2.1275
0.98175	3.7708	1.9656
0.98628	3.5163	1.8252
0.99083	3.2937	1.7023
0.99541	3.0974	1.5939
1	2.9234	1.4977
1.0046	2.7681	1.4118
1.0093	2.6289	1.3346
1.0139	2.5036	1.2649
1.0186	2.3903	1.2016
1.0233	2.2876	1.144
1.028	2.1942	1.0914
1.0328	2.1091	1.0431
1.0375	2.0313	0.9986
1.0423	1.9602	0.95749
1.0471	1.8951	0.91939
1.052	1.8354	0.88396
1.0568	1.7807	0.85089
1.0617	1.7306	0.81993
1.0666	1.6848	0.79082
1.0715	1.6429	0.76335
1.0765	1.6047	0.73729
1.0814	1.5701	0.71244
1.0864	1.5388	0.68858
1.0914	1.5109	0.66549
1.0965	1.4861	0.64293
1.1015	1.4645	0.62063
1.1066	1.446	0.59828
1.1117	1.4308	0.5755
1.1169	1.4189	0.55182
1.122	1.4106	0.52663
1.1272	1.4061	0.49915
1.1324	1.4059	0.4683
1.1376	1.4104	0.43259
1.1429	1.4204	0.38992
1.1482	1.4372	0.33722
1.1535	1.4621	0.26989
1.1588	1.4976	0.18078
1.1641	1.5471	0.058343
1.1695	1.6163	-0.11694
1.1749	1.7145	-0.38021
1.1803	1.8591	-0.79982
1.1858	2.0853	-1.5239
1.1912	2.4776	-2.9286
1.1967	3.2989	-6.2576
1.2023	5.8931	-18.552
1.2078	9.7828	-114.94
1.2134	2.483	-154.34
1.219	0.99399	-157.32
1.2246	0.4116	-150.15
1.2303	0.14178	-110.62
1.2359	0.17477	-33.394
1.2417	0.29408	-14.81
1.2474	0.39491	-9.04
1.2531	0.47914	-6.4066
1.2589	0.55254	-4.9555
1.2647	0.61961	-4.0666
1.2706	0.68378	-3.4874
1.2764	0.7479	-3.0976
1.2823	0.81458	-2.8341
1.2882	0.88657	-2.662
1.2942	0.96701	-2.5617
1.3002	1.0599	-2.5234
1.3062	1.1709	-2.5449
1.3122	1.308	-2.6309
1.3183	1.4841	-2.7956
1.3243	1.7213	-3.0682
1.3305	2.0605	-3.5079
1.3366	2.5888	-4.2444
1.3428	3.5286	-5.6145
1.349	5.6667	-8.8224
1.3552	14.866	-23.27
1.3614	16.139	-154.95
1.3677	5.5043	-171.77
1.374	3.2187	-175.22
1.3804	2.2389	-176.68
1.3868	1.6959	-177.48
1.3932	1.3514	-177.98
1.3996	1.1137	-178.32
1.406	0.93997	-178.56
1.4125	0.80763	-178.75
1.4191	0.70359	-178.89
1.4256	0.61977	-179.01
1.4322	0.55088	-179.1
1.4388	0.49334	-179.18
1.4454	0.44463	-179.25
1.4521	0.40291	-179.3
1.4588	0.36684	-179.35
1.4655	0.33537	-179.39
1.4723	0.30772	-179.43
1.4791	0.28327	-179.46
1.4859	0.26152	-179.49
1.4928	0.24207	-179.51
1.4997	0.22459	-179.53
1.5066	0.20883	-179.55
1.5136	0.19456	-179.57
1.5205	0.18158	-179.59
1.5276	0.16976	-179.6
1.5346	0.15895	-179.62
1.5417	0.14905	-179.63
1.5488	0.13994	-179.64
1.556	0.13156	-179.66
1.5631	0.12382	-179.67
1.5704	0.11666	-179.68
1.5776	0.11003	-179.68
1.5849	0.10388	-179.69
1.5922	0.098155	-179.7
1.5996	0.092829	-179.71
1.6069	0.087864	-179.72
1.6144	0.083228	-179.72
1.6218	0.078894	-179.73
1.6293	0.074838	-179.73
1.6368	0.071038	-179.74
1.6444	0.067473	-179.75
1.652	0.064126	-179.75
1.6596	0.06098	-179.76
1.6672	0.05802	-179.76
1.6749	0.055233	-179.77
1.6827	0.052607	-179.77
1.6904	0.05013	-179.77
1.6982	0.047792	-179.78
1.7061	0.045584	-179.78
1.714	0.043496	-179.79
1.7219	0.041521	-179.79
1.7298	0.039652	-179.79
1.7378	0.037882	-179.8
1.7458	0.036204	-179.8
1.7539	0.034613	-179.8
1.762	0.033103	-179.8
1.7701	0.03167	-179.81
1.7783	0.030309	-179.81
1.7865	0.029016	-179.81
1.7947	0.027786	-179.82
1.803	0.026616	-179.82
1.8113	0.025503	-179.82
1.8197	0.024443	-179.82
1.8281	0.023434	-179.82
1.8365	0.022472	-179.83
1.845	0.021556	-179.83
1.8535	0.020681	-179.83
1.8621	0.019847	-179.83
1.8707	0.019052	-179.84
1.8793	0.018292	-179.84
1.888	0.017566	-179.84
1.8967	0.016873	-179.84
1.9055	0.016211	-179.84
1.9143	0.015578	-179.84
1.9231	0.014972	-179.85
1.932	0.014393	-179.85
1.9409	0.013839	-179.85
1.9498	0.013309	-179.85
1.9588	0.012802	-179.85
1.9679	0.012316	-179.85
1.977	0.01185	-179.86
1.9861	0.011404	-179.86
1.9953	0.010977	-179.86
2.0045	0.010567	-179.86
2.0137	0.010174	-179.86
2.023	0.0097978	-179.86
2.0324	0.0094365	-179.86
2.0417	0.0090899	-179.87
2.0512	0.0087573	-179.87
2.0606	0.0084381	-179.87
2.0701	0.0081317	-179.87
2.0797	0.0078374	-179.87
2.0893	0.0075548	-179.87
2.0989	0.0072834	-179.87
2.1086	0.0070226	-179.87
2.1184	0.006772	-179.88
2.1281	0.0065311	-179.88
2.138	0.0062996	-179.88
2.1478	0.006077	-179.88
2.1577	0.0058629	-179.88
2.1677	0.005657	-179.88
2.1777	0.005459	-179.88
2.1878	0.0052685	-179.88
2.1979	0.0050851	-179.88
2.208	0.0049087	-179.89
2.2182	0.0047389	-179.89
2.2284	0.0045754	-179.89
2.2387	0.004418	-179.89
2.2491	0.0042664	-179.89
2.2594	0.0041204	-179.89
2.2699	0.0039798	-179.89
2.2803	0.0038444	-179.89
2.2909	0.0037139	-179.89
2.3014	0.0035881	-179.89
2.3121	0.0034669	-179.89
2.3227	0.0033501	-179.89
2.3335	0.0032376	-179.9
2.3442	0.003129	-179.9
2.355	0.0030244	-179.9
2.3659	0.0029234	-179.9
2.3768	0.0028261	-179.9
2.3878	0.0027322	-179.9
2.3988	0.0026417	-179.9
2.4099	0.0025543	-179.9
2.421	0.0024701	-179.9
2.4322	0.0023887	-179.9
2.4434	0.0023103	-179.9
2.4547	0.0022345	-179.9
2.466	0.0021614	-179.9
2.4774	0.0020908	-179.91
2.4889	0.0020227	-179.91
2.5003	0.0019569	-179.91
2.5119	0.0018934	-179.91
2.5235	0.0018321	-179.91
2.5351	0.0017728	-179.91
2.5468	0.0017156	-179.91
2.5586	0.0016603	-179.91
2.5704	0.001607	-179.91
2.5823	0.0015554	-179.91
2.5942	0.0015056	-179.91
2.6062	0.0014574	-179.91
2.6182	0.0014109	-179.91
2.6303	0.0013659	-179.91
2.6424	0.0013224	-179.91
2.6546	0.0012804	-179.91
2.6669	0.0012398	-179.92
2.6792	0.0012006	-179.92
2.6915	0.0011626	-179.92
2.704	0.0011259	-179.92
2.7164	0.0010905	-179.92
2.729	0.0010562	-179.92
2.7416	0.001023	-179.92
2.7542	0.0009909	-179.92
2.7669	0.00095986	-179.92
2.7797	0.00092985	-179.92
2.7925	0.00090081	-179.92
2.8054	0.00087272	-179.92
2.8184	0.00084555	-179.92
2.8314	0.00081926	-179.92
2.8445	0.00079382	-179.92
2.8576	0.00076921	-179.92
2.8708	0.00074539	-179.92
2.884	0.00072234	-179.92
2.8973	0.00070003	-179.92
2.9107	0.00067844	-179.93
2.9242	0.00065754	-179.93
2.9376	0.00063731	-179.93
2.9512	0.00061773	-179.93
2.9648	0.00059877	-179.93
2.9785	0.00058042	-179.93
2.9923	0.00056265	-179.93
3.0061	0.00054545	-179.93
3.02	0.00052879	-179.93
3.0339	0.00051266	-179.93
3.0479	0.00049704	-179.93
3.062	0.00048192	-179.93
3.0761	0.00046727	-179.93
3.0903	0.00045308	-179.93
3.1046	0.00043934	-179.93
3.1189	0.00042603	-179.93
3.1333	0.00041314	-179.93
3.1477	0.00040065	-179.93
3.1623	0.00038855	-179.93
3.1769	0.00037682	-179.93
3.1915	0.00036547	-179.93
3.2063	0.00035447	-179.93
3.2211	0.0003438	-179.93
3.2359	0.00033347	-179.94
3.2509	0.00032347	-179.94
3.2659	0.00031377	-179.94
3.281	0.00030437	-179.94
3.2961	0.00029526	-179.94
3.3113	0.00028643	-179.94
3.3266	0.00027787	-179.94
3.342	0.00026958	-179.94
3.3574	0.00026154	-179.94
3.3729	0.00025375	-179.94
3.3884	0.0002462	-179.94
3.4041	0.00023887	-179.94
3.4198	0.00023178	-179.94
3.4356	0.0002249	-179.94
3.4514	0.00021823	-179.94
3.4674	0.00021176	-179.94
3.4834	0.00020549	-179.94
3.4995	0.00019941	-179.94
3.5156	0.00019351	-179.94
3.5318	0.0001878	-179.94
3.5481	0.00018225	-179.94
3.5645	0.00017688	-179.94
3.581	0.00017167	-179.94
3.5975	0.00016661	-179.94
3.6141	0.00016171	-179.94
3.6308	0.00015695	-179.94
3.6475	0.00015234	-179.94
3.6644	0.00014787	-179.94
3.6813	0.00014353	-179.94
3.6983	0.00013932	-179.95
3.7154	0.00013524	-179.95
3.7325	0.00013128	-179.95
3.7497	0.00012744	-179.95
3.767	0.00012372	-179.95
3.7844	0.0001201	-179.95
3.8019	0.0001166	-179.95
3.8194	0.0001132	-179.95
3.8371	0.0001099	-179.95
3.8548	0.00010669	-179.95
3.8726	0.00010359	-179.95
3.8905	0.00010057	-179.95
3.9084	9.7649e-05	-179.95
3.9264	9.4811e-05	-179.95
3.9446	9.2058e-05	-179.95
3.9628	8.9386e-05	-179.95
3.9811	8.6793e-05	-179.95
3.9994	8.4277e-05	-179.95
4.0179	8.1835e-05	-179.95
4.0365	7.9465e-05	-179.95
4.0551	7.7165e-05	-179.95
4.0738	7.4933e-05	-179.95
4.0926	7.2767e-05	-179.95
4.1115	7.0665e-05	-179.95
4.1305	6.8625e-05	-179.95
4.1495	6.6644e-05	-179.95
4.1687	6.4722e-05	-179.95
4.1879	6.2856e-05	-179.95
4.2073	6.1045e-05	-179.95
4.2267	5.9287e-05	-179.95
4.2462	5.758e-05	-179.95
4.2658	5.5923e-05	-179.95
4.2855	5.4315e-05	-179.95
4.3053	5.2754e-05	-179.95
4.3251	5.1238e-05	-179.95
4.3451	4.9767e-05	-179.95
4.3652	4.8339e-05	-179.95
4.3853	4.6952e-05	-179.95
4.4055	4.5605e-05	-179.96
4.4259	4.4298e-05	-179.96
4.4463	4.3028e-05	-179.96
4.4668	4.1796e-05	-179.96
4.4875	4.0599e-05	-179.96
4.5082	3.9437e-05	-179.96
4.529	3.8308e-05	-179.96
4.5499	3.7213e-05	-179.96
4.5709	3.6148e-05	-179.96
4.592	3.5115e-05	-179.96
4.6132	3.4111e-05	-179.96
4.6345	3.3136e-05	-179.96
4.6559	3.2189e-05	-179.96
4.6774	3.1269e-05	-179.96
4.6989	3.0375e-05	-179.96
4.7206	2.9507e-05	-179.96
4.7424	2.8662e-05	-179.96
4.7643	2.7842e-05	-179.96
4.7863	2.7043e-05	-179.96
4.8084	2.6266e-05	-179.96
4.8306	2.5508e-05	-179.96
4.8529	2.4768e-05	-179.96
4.8753	2.4042e-05	-179.96
4.8978	2.332e-05	-179.95
4.9204	2.2575e-05	-179.94
4.9431	2.164e-05	-179.84
4.9659	2.2874e-05	-179.08
4.9888	2.1207e-05	-179.92
5.0119	2.0483e-05	-179.95
5.035	1.9857e-05	-179.95
5.0582	1.9271e-05	-179.96
5.0816	1.8711e-05	-179.96
5.105	1.8173e-05	-179.96
5.1286	1.7652e-05	-179.96
5.1523	1.7148e-05	-179.96
5.1761	1.666e-05	-179.96
5.2	1.6187e-05	-179.96
5.224	1.5728e-05	-179.96
5.2481	1.5282e-05	-179.96
5.2723	1.4849e-05	-179.96
5.2966	1.4429e-05	-179.96
5.3211	1.4021e-05	-179.96
5.3456	1.3625e-05	-179.96
5.3703	1.3241e-05	-179.96
5.3951	1.2867e-05	-179.96
5.42	1.2504e-05	-179.96
5.445	1.2152e-05	-179.96
5.4702	1.1809e-05	-179.96
5.4954	1.1477e-05	-179.96
5.5208	1.1154e-05	-179.97
5.5463	1.084e-05	-179.97
5.5719	1.0535e-05	-179.97
5.5976	1.0238e-05	-179.97
5.6234	9.9507e-06	-179.97
5.6494	9.671e-06	-179.97
5.6754	9.3994e-06	-179.97
5.7016	9.1354e-06	-179.97
5.728	8.8789e-06	-179.97
5.7544	8.6297e-06	-179.97
5.781	8.3876e-06	-179.97
5.8076	8.1524e-06	-179.97
5.8345	7.9238e-06	-179.97
5.8614	7.7017e-06	-179.97
5.8884	7.4859e-06	-179.97
5.9156	7.2761e-06	-179.97
5.9429	7.0723e-06	-179.97
5.9704	6.8743e-06	-179.97
5.9979	6.6819e-06	-179.97
6.0256	6.4949e-06	-179.97
6.0534	6.3132e-06	-179.97
6.0814	6.1366e-06	-179.97
6.1094	5.965e-06	-179.97
6.1376	5.7983e-06	-179.97
6.166	5.6362e-06	-179.97
6.1944	5.4787e-06	-179.97
6.223	5.3257e-06	-179.97
6.2517	5.1769e-06	-179.97
6.2806	5.0324e-06	-179.97
6.3096	4.8919e-06	-179.97
6.3387	4.7554e-06	-179.97
6.368	4.6227e-06	-179.97
6.3973	4.4937e-06	-179.97
6.4269	4.3684e-06	-179.97
6.4565	4.2466e-06	-179.97
6.4863	4.1282e-06	-179.97
6.5163	4.0131e-06	-179.97
6.5464	3.9013e-06	-179.97
6.5766	3.7926e-06	-179.97
6.6069	3.687e-06	-179.97
6.6374	3.5843e-06	-179.97
6.6681	3.4845e-06	-179.97
6.6988	3.3875e-06	-179.97
6.7298	3.2932e-06	-179.97
6.7608	3.2016e-06	-179.97
6.792	3.1125e-06	-179.97
6.8234	3.0259e-06	-179.97
6.8549	2.9418e-06	-179.97
6.8865	2.86e-06	-179.97
6.9183	2.7805e-06	-179.97
6.9502	2.7032e-06	-179.97
6.9823	2.6281e-06	-179.97
7.0146	2.5551e-06	-179.97
7.0469	2.4841e-06	-179.97
7.0795	2.4151e-06	-179.97
7.1121	2.3481e-06	-179.97
7.145	2.2829e-06	-179.97
7.1779	2.2195e-06	-179.97
7.2111	2.1579e-06	-179.97
7.2444	2.098e-06	-179.97
7.2778	2.0398e-06	-179.97
7.3114	1.9832e-06	-179.97
7.3451	1.9282e-06	-179.97
7.379	1.8748e-06	-179.97
7.4131	1.8228e-06	-179.97
7.4473	1.7722e-06	-179.97
7.4817	1.7231e-06	-179.97
7.5162	1.6754e-06	-179.97
7.5509	1.629e-06	-179.98
7.5858	1.5838e-06	-179.98
7.6208	1.54e-06	-179.98
7.656	1.4973e-06	-179.98
7.6913	1.4558e-06	-179.98
7.7268	1.4155e-06	-179.98
7.7625	1.3763e-06	-179.98
7.7983	1.3383e-06	-179.98
7.8343	1.3012e-06	-179.98
7.8705	1.2652e-06	-179.98
7.9068	1.2302e-06	-179.98
7.9433	1.1962e-06	-179.98
7.9799	1.1631e-06	-179.98
8.0168	1.1309e-06	-179.98
8.0538	1.0997e-06	-179.98
8.091	1.0692e-06	-179.98
8.1283	1.0397e-06	-179.98
8.1658	1.011e-06	-179.98
8.2035	9.8301e-07	-179.98
8.2414	9.5585e-07	-179.98
8.2794	9.2944e-07	-179.98
8.3176	9.0376e-07	-179.98
8.356	8.788e-07	-179.98
8.3946	8.5453e-07	-179.98
8.4333	8.3093e-07	-179.98
8.4723	8.0799e-07	-179.98
8.5114	7.8568e-07	-179.98
8.5507	7.6399e-07	-179.98
8.5901	7.429e-07	-179.98
8.6298	7.224e-07	-179.98
8.6696	7.0246e-07	-179.98
8.7096	6.8308e-07	-179.98
8.7498	6.6423e-07	-179.98
8.7902	6.4591e-07	-179.98
8.8308	6.2809e-07	-179.98
8.8716	6.1077e-07	-179.98
8.9125	5.9393e-07	-179.98
8.9536	5.7755e-07	-179.98
8.995	5.6163e-07	-179.98
9.0365	5.4615e-07	-179.98
9.0782	5.3109e-07	-179.98
9.1201	5.1645e-07	-179.98
9.1622	5.0222e-07	-179.98
9.2045	4.8838e-07	-179.98
9.247	4.7492e-07	-179.98
9.2897	4.6184e-07	-179.98
9.3325	4.4912e-07	-179.98
9.3756	4.3675e-07	-179.98
9.4189	4.2472e-07	-179.98
9.4624	4.1302e-07	-179.98
9.506	4.0165e-07	-179.98
9.5499	3.9059e-07	-179.98
9.594	3.7984e-07	-179.98
9.6383	3.6938e-07	-179.98
9.6828	3.5921e-07	-179.98
9.7275	3.4932e-07	-179.98
9.7724	3.3971e-07	-179.98
9.8175	3.3036e-07	-179.98
9.8628	3.2127e-07	-179.98
9.9083	3.1243e-07	-179.98
9.9541	3.0384e-07	-179.98
10	2.9548e-07	-179.98
10.046	2.8735e-07	-179.98
10.093	2.7945e-07	-179.98
10.139	2.7176e-07	-179.98
10.186	2.6429e-07	-179.98
10.233	2.5702e-07	-179.98
10.28	2.4995e-07	-179.98
10.328	2.4308e-07	-179.98
10.375	2.364e-07	-179.98
10.423	2.299e-07	-179.98
10.471	2.2358e-07	-179.98
10.52	2.1744e-07	-179.98
10.568	2.1146e-07	-179.98
10.617	2.0565e-07	-179.98
10.666	2e-07	-179.98
10.715	1.9451e-07	-179.98
10.765	1.8916e-07	-179.98
10.814	1.8397e-07	-179.98
10.864	1.7891e-07	-179.98
10.914	1.74e-07	-179.98
10.965	1.6922e-07	-179.98
11.015	1.6457e-07	-179.98
11.066	1.6005e-07	-179.98
11.117	1.5566e-07	-179.98
11.169	1.5138e-07	-179.98
11.22	1.4723e-07	-179.98
11.272	1.4318e-07	-179.98
11.324	1.3925e-07	-179.98
11.376	1.3543e-07	-179.98
11.429	1.3171e-07	-179.98
11.482	1.281e-07	-179.98
11.535	1.2458e-07	-179.98
11.588	1.2116e-07	-179.98
11.641	1.1784e-07	-179.98
11.695	1.1461e-07	-179.98
11.749	1.1146e-07	-179.98
11.803	1.084e-07	-179.98
11.858	1.0543e-07	-179.98
11.912	1.0254e-07	-179.98
11.967	9.9725e-08	-179.98
12.023	9.6989e-08	-179.98
12.078	9.4329e-08	-179.98
12.134	9.1742e-08	-179.98
12.19	8.9226e-08	-179.98
12.246	8.6779e-08	-179.98
12.303	8.44e-08	-179.98
12.359	8.2086e-08	-179.98
12.417	7.9835e-08	-179.99
12.474	7.7646e-08	-179.99
12.531	7.5518e-08	-179.99
12.589	7.3447e-08	-179.99
12.647	7.1434e-08	-179.99
12.706	6.9476e-08	-179.99
12.764	6.7572e-08	-179.99
12.823	6.572e-08	-179.99
12.882	6.3919e-08	-179.99
12.942	6.2167e-08	-179.99
13.002	6.0463e-08	-179.99
13.062	5.8807e-08	-179.99
13.122	5.7195e-08	-179.99
13.183	5.5628e-08	-179.99
13.243	5.4104e-08	-179.99
13.305	5.2622e-08	-179.99
13.366	5.118e-08	-179.99
13.428	4.9778e-08	-179.99
13.49	4.8415e-08	-179.99
13.552	4.7088e-08	-179.99
13.614	4.5799e-08	-179.99
13.677	4.4544e-08	-179.99
13.74	4.3324e-08	-179.99
13.804	4.2138e-08	-179.99
13.868	4.0984e-08	-179.99
13.932	3.9862e-08	-179.99
13.996	3.877e-08	-179.99
14.06	3.7709e-08	-179.99
14.125	3.6676e-08	-179.99
14.191	3.5672e-08	-179.99
14.256	3.4695e-08	-179.99
14.322	3.3745e-08	-179.99
14.388	3.2822e-08	-179.99
14.454	3.1923e-08	-179.99
14.521	3.1049e-08	-179.99
14.588	3.0199e-08	-179.99
14.655	2.9373e-08	-179.99
14.723	2.8569e-08	-179.99
14.791	2.7787e-08	-179.99
14.859	2.7027e-08	-179.99
14.928	2.6287e-08	-179.99
14.997	2.5568e-08	-179.99
15.066	2.4868e-08	-179.99
15.136	2.4188e-08	-179.99
15.205	2.3526e-08	-179.99
15.276	2.2882e-08	-179.99
15.346	2.2256e-08	-179.99
15.417	2.1647e-08	-179.99
15.488	2.1055e-08	-179.99
15.56	2.0479e-08	-179.99
15.631	1.9919e-08	-179.99
15.704	1.9374e-08	-179.99
15.776	1.8844e-08	-179.99
15.849	1.8328e-08	-179.99
15.922	1.7827e-08	-179.99
15.996	1.7339e-08	-179.99
16.069	1.6865e-08	-179.99
16.144	1.6404e-08	-179.99
16.218	1.5955e-08	-179.99
16.293	1.5519e-08	-179.99
16.368	1.5094e-08	-179.99
16.444	1.4682e-08	-179.99
16.52	1.428e-08	-179.99
16.596	1.389e-08	-179.99
16.672	1.351e-08	-179.99
16.749	1.3141e-08	-179.99
16.827	1.2781e-08	-179.99
16.904	1.2432e-08	-179.99
16.982	1.2092e-08	-179.99
17.061	1.1761e-08	-179.99
17.14	1.144e-08	-179.99
17.219	1.1127e-08	-179.99
17.298	1.0823e-08	-179.99
17.378	1.0527e-08	-179.99
17.458	1.0239e-08	-179.99
17.539	9.9593e-09	-179.99
17.62	9.6871e-09	-179.99
17.701	9.4223e-09	-179.99
17.783	9.1648e-09	-179.99
17.865	8.9143e-09	-179.99
17.947	8.6706e-09	-179.99
18.03	8.4337e-09	-179.99
18.113	8.2032e-09	-179.99
18.197	7.979e-09	-179.99
18.281	7.7609e-09	-179.99
18.365	7.5488e-09	-179.99
18.45	7.3426e-09	-179.99
18.535	7.1419e-09	-179.99
18.621	6.9467e-09	-179.99
18.707	6.7569e-09	-179.99
18.793	6.5723e-09	-179.99
18.88	6.3927e-09	-179.99
18.967	6.2181e-09	-179.99
19.055	6.0482e-09	-179.99
19.143	5.8829e-09	-179.99
19.231	5.7222e-09	-179.99
19.32	5.5659e-09	-179.99
19.409	5.4138e-09	-179.99
19.498	5.2659e-09	-179.99
19.588	5.122e-09	-179.99
19.679	4.9821e-09	-179.99
19.77	4.846e-09	-179.99
19.861	4.7136e-09	-179.99
19.953	4.5849e-09	-179.99
20.045	4.4596e-09	-179.99
20.137	4.3378e-09	-179.99
20.23	4.2193e-09	-179.99
20.324	4.1041e-09	-179.99
20.417	3.992e-09	-179.99
20.512	3.883e-09	-179.99
20.606	3.7769e-09	-179.99
20.701	3.6738e-09	-179.99
20.797	3.5734e-09	-179.99
20.893	3.4758e-09	-179.99
20.989	3.3809e-09	-179.99
21.086	3.2886e-09	-179.99
21.184	3.1988e-09	-179.99
21.281	3.1114e-09	-179.99
21.38	3.0265e-09	-179.99
21.478	2.9438e-09	-179.99
21.577	2.8634e-09	-179.99
21.677	2.7852e-09	-179.99
21.777	2.7092e-09	-179.99
21.878	2.6352e-09	-179.99
21.979	2.5633e-09	-179.99
22.08	2.4933e-09	-179.99
22.182	2.4252e-09	-179.99
22.284	2.359e-09	-179.99
22.387	2.2946e-09	-179.99
22.491	2.2319e-09	-179.99
22.594	2.171e-09	-179.99
22.699	2.1117e-09	-179.99
22.803	2.0541e-09	-179.99
22.909	1.998e-09	-179.99
23.014	1.9434e-09	-179.99
23.121	1.8904e-09	-179.99
23.227	1.8388e-09	-179.99
23.335	1.7886e-09	-179.99
23.442	1.7398e-09	-179.99
23.55	1.6923e-09	-179.99
23.659	1.6461e-09	-179.99
23.768	1.6011e-09	-179.99
23.878	1.5574e-09	-179.99
23.988	1.5149e-09	-179.99
24.099	1.4736e-09	-179.99
24.21	1.4333e-09	-179.99
24.322	1.3942e-09	-179.99
24.434	1.3562e-09	-179.99
24.547	1.3192e-09	-179.99
24.66	1.2832e-09	-179.99
24.774	1.2481e-09	-179.99
24.889	1.2141e-09	-179.99
25.003	1.1809e-09	-179.99
25.119	1.1487e-09	-179.99
25.235	1.1173e-09	-179.99
25.351	1.0869e-09	-179.99
25.468	1.0572e-09	-179.99
25.586	1.0283e-09	-179.99
25.704	1.0003e-09	-179.99
25.823	9.7298e-10	-179.99
25.942	9.4643e-10	-179.99
26.062	9.206e-10	-179.99
26.182	8.9548e-10	-179.99
26.303	8.7104e-10	-179.99
26.424	8.4727e-10	-179.99
26.546	8.2415e-10	-179.99
26.669	8.0166e-10	-179.99
26.792	7.7979e-10	-179.99
26.915	7.5851e-10	-179.99
27.04	7.3781e-10	-179.99
27.164	7.1768e-10	-179.99
27.29	6.981e-10	-179.99
27.416	6.7905e-10	-179.99
27.542	6.6052e-10	-179.99
27.669	6.425e-10	-179.99
27.797	6.2497e-10	-179.99
27.925	6.0792e-10	-179.99
28.054	5.9133e-10	-179.99
28.184	5.752e-10	-179.99
28.314	5.595e-10	-179.99
28.445	5.4424e-10	-179.99
28.576	5.2939e-10	-179.99
28.708	5.1495e-10	-179.99
28.84	5.009e-10	-179.99
28.973	4.8723e-10	-179.99
29.107	4.7394e-10	-179.99
29.242	4.6101e-10	-179.99
29.376	4.4843e-10	-179.99
29.512	4.362e-10	-179.99
29.648	4.243e-10	-179.99
29.785	4.1272e-10	-179.99
29.923	4.0146e-10	-179.99
30.061	3.9051e-10	-179.99
30.2	3.7986e-10	-179.99
30.339	3.695e-10	-179.99
30.479	3.5942e-10	-179.99
30.62	3.4961e-10	-179.99
30.761	3.4008e-10	-179.99
30.903	3.308e-10	-179.99
31.046	3.2178e-10	-179.99
31.189	3.13e-10	-179.99
31.333	3.0446e-10	-179.99
31.477	2.9616e-10	-179.99
31.623	2.8808e-10	-179.99
31.769	2.8022e-10	-179.99
31.915	2.7258e-10	-179.99
32.063	2.6514e-10	-179.99
32.211	2.5791e-10	-179.99
32.359	2.5087e-10	-179.99
32.509	2.4403e-10	-179.99
32.659	2.3738e-10	-179.99
32.81	2.309e-10	-179.99
32.961	2.246e-10	-179.99
33.113	2.1848e-10	-179.99
33.266	2.1252e-10	-179.99
33.42	2.0672e-10	-179.99
33.574	2.0108e-10	-179.99
33.729	1.956e-10	-179.99
33.884	1.9027e-10	-179.99
34.041	1.8508e-10	-179.99
34.198	1.8003e-10	-179.99
34.356	1.7512e-10	-179.99
34.514	1.7034e-10	-179.99
34.674	1.657e-10	-179.99
34.834	1.6118e-10	-179.99
34.995	1.5678e-10	-179.99
35.156	1.5251e-10	-179.99
35.318	1.4835e-10	-179.99
35.481	1.443e-10	-179.99
35.645	1.4037e-10	-179.99
35.81	1.3654e-10	-179.99
35.975	1.3281e-10	-179.99
36.141	1.2919e-10	-179.99
36.308	1.2567e-10	-179.99
36.475	1.2224e-10	-179.99
36.644	1.1891e-10	-180
36.813	1.1567e-10	-180
36.983	1.1251e-10	-180
37.154	1.0944e-10	-180
37.325	1.0646e-10	-180
37.497	1.0356e-10	-180
37.67	1.0073e-10	-180
37.844	9.7986e-11	-180
38.019	9.5314e-11	-180
38.194	9.2715e-11	-180
38.371	9.0187e-11	-180
38.548	8.7727e-11	-180
38.726	8.5335e-11	-180
38.905	8.3008e-11	-180
39.084	8.0745e-11	-180
39.264	7.8543e-11	-180
39.446	7.6402e-11	-180
39.628	7.4318e-11	-180
39.811	7.2292e-11	-180
39.994	7.0321e-11	-180
40.179	6.8403e-11	-180
40.365	6.6538e-11	-180
40.551	6.4724e-11	-180
40.738	6.2959e-11	-180
40.926	6.1243e-11	-180
41.115	5.9573e-11	-180
41.305	5.7948e-11	-180
41.495	5.6368e-11	-180
41.687	5.4832e-11	-180
41.879	5.3337e-11	-180
42.073	5.1882e-11	-180
42.267	5.0468e-11	-180
42.462	4.9092e-11	-180
42.658	4.7753e-11	-180
42.855	4.6451e-11	-180
43.053	4.5185e-11	-180
43.251	4.3953e-11	-180
43.451	4.2755e-11	-180
43.652	4.1589e-11	-180
43.853	4.0455e-11	-180
44.055	3.9352e-11	-180
44.259	3.8279e-11	-180
44.463	3.7236e-11	-180
44.668	3.6221e-11	-180
44.875	3.5233e-11	-180
45.082	3.4273e-11	-180
45.29	3.3338e-11	-180
45.499	3.2429e-11	-180
45.709	3.1545e-11	-180
45.92	3.0685e-11	-180
46.132	2.9849e-11	-180
46.345	2.9035e-11	-180
46.559	2.8243e-11	-180
46.774	2.7473e-11	-180
46.989	2.6725e-11	-180
47.206	2.5996e-11	-180
47.424	2.5287e-11	-180
47.643	2.4598e-11	-180
47.863	2.3927e-11	-180
48.084	2.3275e-11	-180
48.306	2.2641e-11	-180
48.529	2.2023e-11	-180
48.753	2.1423e-11	-180
48.978	2.0839e-11	-180
49.204	2.0271e-11	-180
49.431	1.9718e-11	-180
49.659	1.9181e-11	-180
49.888	1.8658e-11	-180
50.119	1.8149e-11	-180
50.35	1.7655e-11	-180
50.582	1.7173e-11	-180
50.816	1.6705e-11	-180
51.05	1.625e-11	-180
51.286	1.5807e-11	-180
51.523	1.5376e-11	-180
51.761	1.4957e-11	-180
52	1.4549e-11	-180
52.24	1.4153e-11	-180
52.481	1.3767e-11	-180
52.723	1.3392e-11	-180
52.966	1.3027e-11	-180
53.211	1.2672e-11	-180
53.456	1.2326e-11	-180
53.703	1.199e-11	-180
53.951	1.1663e-11	-180
54.2	1.1346e-11	-180
54.45	1.1036e-11	-180
54.702	1.0735e-11	-180
54.954	1.0443e-11	-180
55.208	1.0158e-11	-180
55.463	9.8814e-12	-180
55.719	9.6121e-12	-180
55.976	9.3501e-12	-180
56.234	9.0952e-12	-180
56.494	8.8473e-12	-180
56.754	8.6062e-12	-180
57.016	8.3716e-12	-180
57.28	8.1435e-12	-180
57.544	7.9215e-12	-180
57.81	7.7056e-12	-180
58.076	7.4956e-12	-180
58.345	7.2913e-12	-180
58.614	7.0926e-12	-180
58.884	6.8993e-12	-180
59.156	6.7113e-12	-180
59.429	6.5284e-12	-180
59.704	6.3505e-12	-180
59.979	6.1774e-12	-180
60.256	6.0091e-12	-180
60.534	5.8453e-12	-180
60.814	5.686e-12	-180
61.094	5.531e-12	-180
61.376	5.3803e-12	-180
61.66	5.2337e-12	-180
61.944	5.0911e-12	-180
62.23	4.9523e-12	-180
62.517	4.8174e-12	-180
62.806	4.6861e-12	-180
63.096	4.5584e-12	-180
63.387	4.4342e-12	-180
63.68	4.3133e-12	-180
63.973	4.1958e-12	-180
64.269	4.0815e-12	-180
64.565	3.9703e-12	-180
64.863	3.8621e-12	-180
65.163	3.7568e-12	-180
65.464	3.6545e-12	-180
65.766	3.5549e-12	-180
66.069	3.458e-12	-180
66.374	3.3638e-12	-180
66.681	3.2722e-12	-180
66.988	3.183e-12	-180
67.298	3.0963e-12	-180
67.608	3.0119e-12	-180
67.92	2.9299e-12	-180
68.234	2.85e-12	-180
68.549	2.7724e-12	-180
68.865	2.6968e-12	-180
69.183	2.6234e-12	-180
69.502	2.5519e-12	-180
69.823	2.4824e-12	-180
70.146	2.4148e-12	-180
70.469	2.349e-12	-180
70.795	2.285e-12	-180
71.121	2.2227e-12	-180
71.45	2.1622e-12	-180
71.779	2.1033e-12	-180
72.111	2.046e-12	-180
72.444	1.9903e-12	-180
72.778	1.936e-12	-180
73.114	1.8833e-12	-180
73.451	1.832e-12	-180
73.79	1.7821e-12	-180
74.131	1.7336e-12	-180
74.473	1.6864e-12	-180
74.817	1.6404e-12	-180
75.162	1.5958e-12	-180
75.509	1.5523e-12	-180
75.858	1.51e-12	-180
76.208	1.4689e-12	-180
76.56	1.4289e-12	-180
76.913	1.39e-12	-180
77.268	1.3522e-12	-180
77.625	1.3153e-12	-180
77.983	1.2795e-12	-180
78.343	1.2447e-12	-180
78.705	1.2108e-12	-180
79.068	1.1778e-12	-180
79.433	1.1458e-12	-180
79.799	1.1146e-12	-180
80.168	1.0843e-12	-180
80.538	1.0547e-12	-180
80.91	1.026e-12	-180
81.283	9.9812e-13	-180
81.658	9.7096e-13	-180
82.035	9.4454e-13	-180
82.414	9.1884e-13	-180
82.794	8.9385e-13	-180
83.176	8.6953e-13	-180
83.56	8.4588e-13	-180
83.946	8.2288e-13	-180
84.333	8.005e-13	-180
84.723	7.7874e-13	-180
85.114	7.5757e-13	-180
85.507	7.3698e-13	-180
85.901	7.1695e-13	-180
86.298	6.9747e-13	-180
86.696	6.7852e-13	-180
87.096	6.6009e-13	-180
87.498	6.4217e-13	-180
87.902	6.2473e-13	-180
88.308	6.0778e-13	-180
88.716	5.9129e-13	-180
89.125	5.7525e-13	-180
89.536	5.5966e-13	-180
89.95	5.4449e-13	-180
90.365	5.2974e-13	-180
90.782	5.154e-13	180
91.201	5.0146e-13	180
91.622	4.879e-13	180
92.045	4.7473e-13	180
92.47	4.6192e-13	180
92.897	4.4947e-13	180
93.325	4.3737e-13	180
93.756	4.2562e-13	180
94.189	4.1421e-13	180
94.624	4.0313e-13	180
95.06	3.9238e-13	180
95.499	3.8195e-13	179.99
95.94	3.7186e-13	179.99
96.383	3.6209e-13	179.99
96.828	3.5267e-13	179.99
97.275	3.4362e-13	179.99
97.724	3.3496e-13	179.98
98.175	3.2679e-13	179.97
98.628	3.1923e-13	179.96
99.083	3.1264e-13	179.93
99.541	3.0791e-13	179.85
100	3.0865e-13	179.56
