0.01	1.0037	-1.2437
0.010046	1.0037	-1.2495
0.010093	1.0038	-1.2552
0.010139	1.0038	-1.261
0.010186	1.0038	-1.2669
0.010233	1.0039	-1.2727
0.01028	1.0039	-1.2786
0.010328	1.0039	-1.2846
0.010375	1.004	-1.2905
0.010423	1.004	-1.2965
0.010471	1.0041	-1.3025
0.01052	1.0041	-1.3085
0.010568	1.0041	-1.3146
0.010617	1.0042	-1.3206
0.010666	1.0042	-1.3268
0.010715	1.0043	-1.3329
0.010765	1.0043	-1.3391
0.010814	1.0043	-1.3453
0.010864	1.0044	-1.3515
0.010914	1.0044	-1.3577
0.010965	1.0045	-1.364
0.011015	1.0045	-1.3703
0.011066	1.0045	-1.3767
0.011117	1.0046	-1.3831
0.011169	1.0046	-1.3895
0.01122	1.0047	-1.3959
0.011272	1.0047	-1.4024
0.011324	1.0048	-1.4089
0.011376	1.0048	-1.4154
0.011429	1.0048	-1.4219
0.011482	1.0049	-1.4285
0.011535	1.0049	-1.4351
0.011588	1.005	-1.4418
0.011641	1.005	-1.4485
0.011695	1.0051	-1.4552
0.011749	1.0051	-1.4619
0.011803	1.0052	-1.4687
0.011858	1.0052	-1.4755
0.011912	1.0053	-1.4823
0.011967	1.0053	-1.4892
0.012023	1.0054	-1.4961
0.012078	1.0054	-1.503
0.012134	1.0055	-1.51
0.01219	1.0055	-1.517
0.012246	1.0056	-1.524
0.012303	1.0056	-1.531
0.012359	1.0057	-1.5381
0.012417	1.0057	-1.5453
0.012474	1.0058	-1.5524
0.012531	1.0058	-1.5596
0.012589	1.0059	-1.5668
0.012647	1.0059	-1.5741
0.012706	1.006	-1.5814
0.012764	1.006	-1.5887
0.012823	1.0061	-1.5961
0.012882	1.0062	-1.6035
0.012942	1.0062	-1.6109
0.013002	1.0063	-1.6184
0.013062	1.0063	-1.6259
0.013122	1.0064	-1.6334
0.013183	1.0064	-1.641
0.013243	1.0065	-1.6486
0.013305	1.0066	-1.6562
0.013366	1.0066	-1.6639
0.013428	1.0067	-1.6716
0.01349	1.0068	-1.6794
0.013552	1.0068	-1.6872
0.013614	1.0069	-1.695
0.013677	1.0069	-1.7029
0.01374	1.007	-1.7108
0.013804	1.0071	-1.7187
0.013868	1.0071	-1.7267
0.013932	1.0072	-1.7347
0.013996	1.0073	-1.7427
0.01406	1.0073	-1.7508
0.014125	1.0074	-1.7589
0.014191	1.0075	-1.7671
0.014256	1.0075	-1.7753
0.014322	1.0076	-1.7835
0.014388	1.0077	-1.7918
0.014454	1.0078	-1.8001
0.014521	1.0078	-1.8084
0.014588	1.0079	-1.8168
0.014655	1.008	-1.8253
0.014723	1.0081	-1.8337
0.014791	1.0081	-1.8422
0.014859	1.0082	-1.8508
0.014928	1.0083	-1.8594
0.014997	1.0084	-1.868
0.015066	1.0084	-1.8767
0.015136	1.0085	-1.8854
0.015205	1.0086	-1.8941
0.015276	1.0087	-1.9029
0.015346	1.0088	-1.9118
0.015417	1.0088	-1.9206
0.015488	1.0089	-1.9296
0.01556	1.009	-1.9385
0.015631	1.0091	-1.9475
0.015704	1.0092	-1.9566
0.015776	1.0093	-1.9656
0.015849	1.0093	-1.9748
0.015922	1.0094	-1.9839
0.015996	1.0095	-1.9932
0.016069	1.0096	-2.0024
0.016144	1.0097	-2.0117
0.016218	1.0098	-2.0211
0.016293	1.0099	-2.0305
0.016368	1.01	-2.0399
0.016444	1.0101	-2.0494
0.01652	1.0102	-2.0589
0.016596	1.0102	-2.0685
0.016672	1.0103	-2.0781
0.016749	1.0104	-2.0877
0.016827	1.0105	-2.0974
0.016904	1.0106	-2.1072
0.016982	1.0107	-2.117
0.017061	1.0108	-2.1268
0.01714	1.0109	-2.1367
0.017219	1.011	-2.1466
0.017298	1.0111	-2.1566
0.017378	1.0112	-2.1666
0.017458	1.0114	-2.1767
0.017539	1.0115	-2.1868
0.01762	1.0116	-2.197
0.017701	1.0117	-2.2072
0.017783	1.0118	-2.2175
0.017865	1.0119	-2.2278
0.017947	1.012	-2.2382
0.01803	1.0121	-2.2486
0.018113	1.0122	-2.2591
0.018197	1.0123	-2.2696
0.018281	1.0125	-2.2801
0.018365	1.0126	-2.2907
0.01845	1.0127	-2.3014
0.018535	1.0128	-2.3121
0.018621	1.0129	-2.3229
0.018707	1.0131	-2.3337
0.018793	1.0132	-2.3446
0.01888	1.0133	-2.3555
0.018967	1.0134	-2.3664
0.019055	1.0135	-2.3775
0.019143	1.0137	-2.3885
0.019231	1.0138	-2.3997
0.01932	1.0139	-2.4108
0.019409	1.0141	-2.4221
0.019498	1.0142	-2.4334
0.019588	1.0143	-2.4447
0.019679	1.0145	-2.4561
0.01977	1.0146	-2.4675
0.019861	1.0147	-2.479
0.019953	1.0149	-2.4906
0.020045	1.015	-2.5022
0.020137	1.0151	-2.5139
0.02023	1.0153	-2.5256
0.020324	1.0154	-2.5374
0.020417	1.0156	-2.5492
0.020512	1.0157	-2.5611
0.020606	1.0159	-2.573
0.020701	1.016	-2.585
0.020797	1.0162	-2.5971
0.020893	1.0163	-2.6092
0.020989	1.0165	-2.6214
0.021086	1.0166	-2.6336
0.021184	1.0168	-2.6459
0.021281	1.0169	-2.6582
0.02138	1.0171	-2.6706
0.021478	1.0173	-2.6831
0.021577	1.0174	-2.6956
0.021677	1.0176	-2.7082
0.021777	1.0178	-2.7209
0.021878	1.0179	-2.7336
0.021979	1.0181	-2.7463
0.02208	1.0183	-2.7592
0.022182	1.0184	-2.7721
0.022284	1.0186	-2.785
0.022387	1.0188	-2.798
0.022491	1.019	-2.8111
0.022594	1.0191	-2.8242
0.022699	1.0193	-2.8375
0.022803	1.0195	-2.8507
0.022909	1.0197	-2.864
0.023014	1.0199	-2.8774
0.023121	1.0201	-2.8909
0.023227	1.0202	-2.9044
0.023335	1.0204	-2.918
0.023442	1.0206	-2.9317
0.02355	1.0208	-2.9454
0.023659	1.021	-2.9592
0.023768	1.0212	-2.973
0.023878	1.0214	-2.9869
0.023988	1.0216	-3.0009
0.024099	1.0218	-3.015
0.02421	1.022	-3.0291
0.024322	1.0222	-3.0433
0.024434	1.0224	-3.0575
0.024547	1.0226	-3.0718
0.02466	1.0229	-3.0862
0.024774	1.0231	-3.1007
0.024889	1.0233	-3.1152
0.025003	1.0235	-3.1298
0.025119	1.0237	-3.1445
0.025235	1.024	-3.1592
0.025351	1.0242	-3.1741
0.025468	1.0244	-3.1889
0.025586	1.0246	-3.2039
0.025704	1.0249	-3.2189
0.025823	1.0251	-3.234
0.025942	1.0254	-3.2492
0.026062	1.0256	-3.2645
0.026182	1.0258	-3.2798
0.026303	1.0261	-3.2952
0.026424	1.0263	-3.3107
0.026546	1.0266	-3.3262
0.026669	1.0268	-3.3418
0.026792	1.0271	-3.3575
0.026915	1.0273	-3.3733
0.02704	1.0276	-3.3892
0.027164	1.0279	-3.4051
0.02729	1.0281	-3.4211
0.027416	1.0284	-3.4372
0.027542	1.0287	-3.4534
0.027669	1.0289	-3.4696
0.027797	1.0292	-3.4859
0.027925	1.0295	-3.5023
0.028054	1.0298	-3.5188
0.028184	1.03	-3.5354
0.028314	1.0303	-3.552
0.028445	1.0306	-3.5688
0.028576	1.0309	-3.5856
0.028708	1.0312	-3.6025
0.02884	1.0315	-3.6194
0.028973	1.0318	-3.6365
0.029107	1.0321	-3.6536
0.029242	1.0324	-3.6709
0.029376	1.0327	-3.6882
0.029512	1.033	-3.7056
0.029648	1.0333	-3.723
0.029785	1.0336	-3.7406
0.029923	1.034	-3.7583
0.030061	1.0343	-3.776
0.0302	1.0346	-3.7938
0.030339	1.0349	-3.8118
0.030479	1.0353	-3.8298
0.03062	1.0356	-3.8479
0.030761	1.0359	-3.866
0.030903	1.0363	-3.8843
0.031046	1.0366	-3.9027
0.031189	1.037	-3.9211
0.031333	1.0373	-3.9397
0.031477	1.0377	-3.9583
0.031623	1.0381	-3.977
0.031769	1.0384	-3.9959
0.031915	1.0388	-4.0148
0.032063	1.0392	-4.0338
0.032211	1.0395	-4.0529
0.032359	1.0399	-4.0721
0.032509	1.0403	-4.0914
0.032659	1.0407	-4.1108
0.03281	1.0411	-4.1303
0.032961	1.0415	-4.1499
0.033113	1.0418	-4.1696
0.033266	1.0422	-4.1894
0.03342	1.0427	-4.2092
0.033574	1.0431	-4.2292
0.033729	1.0435	-4.2493
0.033884	1.0439	-4.2695
0.034041	1.0443	-4.2898
0.034198	1.0447	-4.3102
0.034356	1.0452	-4.3307
0.034514	1.0456	-4.3513
0.034674	1.046	-4.372
0.034834	1.0465	-4.3928
0.034995	1.0469	-4.4137
0.035156	1.0474	-4.4347
0.035318	1.0478	-4.4558
0.035481	1.0483	-4.477
0.035645	1.0488	-4.4984
0.03581	1.0492	-4.5198
0.035975	1.0497	-4.5414
0.036141	1.0502	-4.563
0.036308	1.0507	-4.5848
0.036475	1.0512	-4.6067
0.036644	1.0516	-4.6287
0.036813	1.0521	-4.6508
0.036983	1.0526	-4.673
0.037154	1.0532	-4.6953
0.037325	1.0537	-4.7178
0.037497	1.0542	-4.7403
0.03767	1.0547	-4.763
0.037844	1.0552	-4.7858
0.038019	1.0558	-4.8087
0.038194	1.0563	-4.8318
0.038371	1.0569	-4.8549
0.038548	1.0574	-4.8782
0.038726	1.058	-4.9016
0.038905	1.0585	-4.9251
0.039084	1.0591	-4.9487
0.039264	1.0597	-4.9725
0.039446	1.0603	-4.9963
0.039628	1.0608	-5.0203
0.039811	1.0614	-5.0445
0.039994	1.062	-5.0687
0.040179	1.0626	-5.0931
0.040365	1.0632	-5.1176
0.040551	1.0639	-5.1422
0.040738	1.0645	-5.167
0.040926	1.0651	-5.1919
0.041115	1.0657	-5.2169
0.041305	1.0664	-5.242
0.041495	1.067	-5.2673
0.041687	1.0677	-5.2927
0.041879	1.0683	-5.3183
0.042073	1.069	-5.3439
0.042267	1.0697	-5.3698
0.042462	1.0704	-5.3957
0.042658	1.0711	-5.4218
0.042855	1.0718	-5.448
0.043053	1.0725	-5.4744
0.043251	1.0732	-5.5009
0.043451	1.0739	-5.5276
0.043652	1.0746	-5.5544
0.043853	1.0753	-5.5813
0.044055	1.0761	-5.6084
0.044259	1.0768	-5.6356
0.044463	1.0776	-5.663
0.044668	1.0783	-5.6905
0.044875	1.0791	-5.7181
0.045082	1.0799	-5.7459
0.04529	1.0807	-5.7739
0.045499	1.0815	-5.802
0.045709	1.0823	-5.8303
0.04592	1.0831	-5.8587
0.046132	1.0839	-5.8873
0.046345	1.0848	-5.916
0.046559	1.0856	-5.9449
0.046774	1.0864	-5.9739
0.046989	1.0873	-6.0031
0.047206	1.0882	-6.0325
0.047424	1.089	-6.062
0.047643	1.0899	-6.0916
0.047863	1.0908	-6.1215
0.048084	1.0917	-6.1515
0.048306	1.0926	-6.1817
0.048529	1.0936	-6.212
0.048753	1.0945	-6.2425
0.048978	1.0954	-6.2732
0.049204	1.0964	-6.304
0.049431	1.0973	-6.335
0.049659	1.0983	-6.3662
0.049888	1.0993	-6.3976
0.050119	1.1003	-6.4291
0.05035	1.1013	-6.4608
0.050582	1.1023	-6.4927
0.050816	1.1033	-6.5248
0.05105	1.1044	-6.557
0.051286	1.1054	-6.5894
0.051523	1.1065	-6.622
0.051761	1.1076	-6.6548
0.052	1.1086	-6.6878
0.05224	1.1097	-6.721
0.052481	1.1108	-6.7543
0.052723	1.112	-6.7879
0.052966	1.1131	-6.8216
0.053211	1.1142	-6.8555
0.053456	1.1154	-6.8897
0.053703	1.1166	-6.924
0.053951	1.1177	-6.9585
0.0542	1.1189	-6.9932
0.05445	1.1201	-7.0281
0.054702	1.1214	-7.0633
0.054954	1.1226	-7.0986
0.055208	1.1239	-7.1341
0.055463	1.1251	-7.1699
0.055719	1.1264	-7.2058
0.055976	1.1277	-7.242
0.056234	1.129	-7.2783
0.056494	1.1303	-7.3149
0.056754	1.1316	-7.3517
0.057016	1.133	-7.3887
0.05728	1.1344	-7.426
0.057544	1.1357	-7.4634
0.05781	1.1371	-7.5011
0.058076	1.1385	-7.539
0.058345	1.14	-7.5772
0.058614	1.1414	-7.6155
0.058884	1.1429	-7.6541
0.059156	1.1444	-7.6929
0.059429	1.1459	-7.732
0.059704	1.1474	-7.7713
0.059979	1.1489	-7.8108
0.060256	1.1504	-7.8506
0.060534	1.152	-7.8906
0.060814	1.1536	-7.9309
0.061094	1.1552	-7.9714
0.061376	1.1568	-8.0122
0.06166	1.1584	-8.0532
0.061944	1.1601	-8.0945
0.06223	1.1618	-8.136
0.062517	1.1635	-8.1778
0.062806	1.1652	-8.2199
0.063096	1.1669	-8.2622
0.063387	1.1687	-8.3047
0.06368	1.1705	-8.3476
0.063973	1.1722	-8.3907
0.064269	1.1741	-8.4341
0.064565	1.1759	-8.4778
0.064863	1.1778	-8.5217
0.065163	1.1797	-8.566
0.065464	1.1816	-8.6105
0.065766	1.1835	-8.6553
0.066069	1.1854	-8.7004
0.066374	1.1874	-8.7458
0.066681	1.1894	-8.7914
0.066988	1.1914	-8.8374
0.067298	1.1935	-8.8837
0.067608	1.1956	-8.9303
0.06792	1.1977	-8.9772
0.068234	1.1998	-9.0244
0.068549	1.2019	-9.0719
0.068865	1.2041	-9.1198
0.069183	1.2063	-9.1679
0.069502	1.2086	-9.2164
0.069823	1.2108	-9.2652
0.070146	1.2131	-9.3144
0.070469	1.2154	-9.3639
0.070795	1.2178	-9.4137
0.071121	1.2201	-9.4638
0.07145	1.2225	-9.5143
0.071779	1.225	-9.5652
0.072111	1.2274	-9.6164
0.072444	1.2299	-9.668
0.072778	1.2325	-9.7199
0.073114	1.235	-9.7722
0.073451	1.2376	-9.8249
0.07379	1.2402	-9.8779
0.074131	1.2429	-9.9313
0.074473	1.2456	-9.9851
0.074817	1.2483	-10.039
0.075162	1.2511	-10.094
0.075509	1.2539	-10.149
0.075858	1.2567	-10.204
0.076208	1.2596	-10.26
0.07656	1.2625	-10.316
0.076913	1.2655	-10.373
0.077268	1.2684	-10.43
0.077625	1.2715	-10.487
0.077983	1.2745	-10.545
0.078343	1.2776	-10.603
0.078705	1.2808	-10.662
0.079068	1.284	-10.721
0.079433	1.2872	-10.781
0.079799	1.2905	-10.841
0.080168	1.2938	-10.902
0.080538	1.2972	-10.963
0.08091	1.3006	-11.024
0.081283	1.3041	-11.086
0.081658	1.3076	-11.149
0.082035	1.3111	-11.212
0.082414	1.3148	-11.275
0.082794	1.3184	-11.339
0.083176	1.3221	-11.404
0.08356	1.3259	-11.469
0.083946	1.3297	-11.534
0.084333	1.3336	-11.6
0.084723	1.3375	-11.667
0.085114	1.3415	-11.734
0.085507	1.3455	-11.802
0.085901	1.3496	-11.87
0.086298	1.3538	-11.939
0.086696	1.358	-12.009
0.087096	1.3622	-12.079
0.087498	1.3666	-12.149
0.087902	1.371	-12.221
0.088308	1.3754	-12.292
0.088716	1.38	-12.365
0.089125	1.3846	-12.438
0.089536	1.3892	-12.512
0.08995	1.394	-12.586
0.090365	1.3988	-12.662
0.090782	1.4037	-12.737
0.091201	1.4086	-12.814
0.091622	1.4137	-12.891
0.092045	1.4188	-12.969
0.09247	1.424	-13.048
0.092897	1.4292	-13.127
0.093325	1.4346	-13.207
0.093756	1.44	-13.288
0.094189	1.4455	-13.37
0.094624	1.4511	-13.452
0.09506	1.4568	-13.536
0.095499	1.4626	-13.62
0.09594	1.4685	-13.705
0.096383	1.4745	-13.79
0.096828	1.4806	-13.877
0.097275	1.4867	-13.964
0.097724	1.493	-14.053
0.098175	1.4994	-14.142
0.098628	1.5059	-14.232
0.099083	1.5125	-14.323
0.099541	1.5192	-14.416
0.1	1.526	-14.509
0.10046	1.5329	-14.603
0.10093	1.5399	-14.698
0.10139	1.5471	-14.794
0.10186	1.5544	-14.891
0.10233	1.5618	-14.989
0.1028	1.5694	-15.089
0.10328	1.577	-15.189
0.10375	1.5849	-15.291
0.10423	1.5928	-15.394
0.10471	1.6009	-15.498
0.1052	1.6091	-15.603
0.10568	1.6175	-15.709
0.10617	1.6261	-15.817
0.10666	1.6348	-15.926
0.10715	1.6436	-16.036
0.10765	1.6527	-16.148
0.10814	1.6619	-16.261
0.10864	1.6712	-16.376
0.10914	1.6808	-16.492
0.10965	1.6905	-16.609
0.11015	1.7004	-16.728
0.11066	1.7105	-16.849
0.11117	1.7208	-16.971
0.11169	1.7313	-17.094
0.1122	1.7421	-17.22
0.11272	1.753	-17.347
0.11324	1.7641	-17.476
0.11376	1.7755	-17.607
0.11429	1.7871	-17.739
0.11482	1.799	-17.873
0.11535	1.811	-18.01
0.11588	1.8234	-18.148
0.11641	1.836	-18.289
0.11695	1.8489	-18.431
0.11749	1.862	-18.576
0.11803	1.8754	-18.723
0.11858	1.8892	-18.872
0.11912	1.9032	-19.023
0.11967	1.9175	-19.177
0.12023	1.9322	-19.334
0.12078	1.9471	-19.493
0.12134	1.9625	-19.654
0.1219	1.9781	-19.818
0.12246	1.9942	-19.985
0.12303	2.0106	-20.155
0.12359	2.0274	-20.328
0.12417	2.0445	-20.504
0.12474	2.0621	-20.683
0.12531	2.0802	-20.866
0.12589	2.0986	-21.052
0.12647	2.1176	-21.241
0.12706	2.137	-21.434
0.12764	2.1568	-21.63
0.12823	2.1772	-21.831
0.12882	2.1981	-22.035
0.12942	2.2196	-22.244
0.13002	2.2416	-22.456
0.13062	2.2642	-22.674
0.13122	2.2874	-22.895
0.13183	2.3112	-23.122
0.13243	2.3357	-23.354
0.13305	2.3609	-23.59
0.13366	2.3867	-23.832
0.13428	2.4133	-24.08
0.1349	2.4407	-24.333
0.13552	2.4688	-24.592
0.13614	2.4978	-24.858
0.13677	2.5276	-25.129
0.1374	2.5583	-25.408
0.13804	2.59	-25.694
0.13868	2.6226	-25.987
0.13932	2.6562	-26.288
0.13996	2.6909	-26.597
0.1406	2.7267	-26.914
0.14125	2.7636	-27.24
0.14191	2.8018	-27.576
0.14256	2.8412	-27.921
0.14322	2.8819	-28.276
0.14388	2.924	-28.641
0.14454	2.9675	-29.018
0.14521	3.0126	-29.407
0.14588	3.0592	-29.808
0.14655	3.1075	-30.222
0.14723	3.1576	-30.649
0.14791	3.2094	-31.091
0.14859	3.2632	-31.548
0.14928	3.3191	-32.021
0.14997	3.377	-32.511
0.15066	3.4372	-33.019
0.15136	3.4998	-33.546
0.15205	3.5648	-34.093
0.15276	3.6324	-34.661
0.15346	3.7028	-35.252
0.15417	3.776	-35.867
0.15488	3.8523	-36.507
0.1556	3.9318	-37.175
0.15631	4.0147	-37.872
0.15704	4.1011	-38.6
0.15776	4.1913	-39.36
0.15849	4.2854	-40.156
0.15922	4.3837	-40.99
0.15996	4.4863	-41.864
0.16069	4.5935	-42.781
0.16144	4.7055	-43.744
0.16218	4.8225	-44.757
0.16293	4.9446	-45.824
0.16368	5.0722	-46.947
0.16444	5.2055	-48.132
0.1652	5.3444	-49.383
0.16596	5.4893	-50.705
0.16672	5.6402	-52.102
0.16749	5.7971	-53.582
0.16827	5.96	-55.148
0.16904	6.1286	-56.808
0.16982	6.3028	-58.567
0.17061	6.482	-60.432
0.1714	6.6655	-62.41
0.17219	6.8525	-64.506
0.17298	7.0417	-66.726
0.17378	7.2317	-69.076
0.17458	7.4205	-71.56
0.17539	7.6059	-74.179
0.1762	7.7851	-76.936
0.17701	7.9552	-79.829
0.17783	8.1128	-82.854
0.17865	8.2544	-86.003
0.17947	8.3763	-89.266
0.1803	8.4751	-92.628
0.18113	8.5476	-96.072
0.18197	8.5914	-99.577
0.18281	8.6046	-103.12
0.18365	8.5864	-106.67
0.1845	8.5372	-110.22
0.18535	8.458	-113.72
0.18621	8.3511	-117.16
0.18707	8.2193	-120.52
0.18793	8.066	-123.78
0.1888	7.8949	-126.93
0.18967	7.7097	-129.96
0.19055	7.514	-132.85
0.19143	7.3112	-135.61
0.19231	7.1042	-138.23
0.1932	6.8956	-140.71
0.19409	6.6877	-143.07
0.19498	6.4821	-145.29
0.19588	6.2802	-147.4
0.19679	6.0832	-149.38
0.1977	5.8919	-151.26
0.19861	5.7067	-153.02
0.19953	5.5281	-154.7
0.20045	5.3562	-156.28
0.20137	5.1912	-157.77
0.2023	5.0329	-159.18
0.20324	4.8813	-160.52
0.20417	4.7363	-161.79
0.20512	4.5976	-163
0.20606	4.465	-164.14
0.20701	4.3383	-165.23
0.20797	4.2173	-166.27
0.20893	4.1016	-167.25
0.20989	3.991	-168.2
0.21086	3.8854	-169.1
0.21184	3.7844	-169.96
0.21281	3.6878	-170.79
0.2138	3.5953	-171.58
0.21478	3.5069	-172.34
0.21577	3.4222	-173.07
0.21677	3.3411	-173.77
0.21777	3.2633	-174.44
0.21878	3.1888	-175.09
0.21979	3.1173	-175.72
0.2208	3.0487	-176.33
0.22182	2.9828	-176.92
0.22284	2.9195	-177.49
0.22387	2.8587	-178.04
0.22491	2.8003	-178.57
0.22594	2.744	-179.09
0.22699	2.6899	-179.59
0.22803	2.6378	179.92
0.22909	2.5877	179.45
0.23014	2.5393	178.98
0.23121	2.4927	178.53
0.23227	2.4478	178.09
0.23335	2.4044	177.66
0.23442	2.3626	177.24
0.2355	2.3222	176.83
0.23659	2.2832	176.43
0.23768	2.2455	176.03
0.23878	2.209	175.65
0.23988	2.1738	175.27
0.24099	2.1398	174.9
0.2421	2.1068	174.54
0.24322	2.075	174.18
0.24434	2.0441	173.83
0.24547	2.0143	173.48
0.2466	1.9853	173.14
0.24774	1.9573	172.8
0.24889	1.9302	172.47
0.25003	1.9039	172.15
0.25119	1.8784	171.83
0.25235	1.8537	171.51
0.25351	1.8298	171.2
0.25468	1.8066	170.89
0.25586	1.7841	170.58
0.25704	1.7622	170.28
0.25823	1.741	169.98
0.25942	1.7205	169.68
0.26062	1.7005	169.38
0.26182	1.6812	169.09
0.26303	1.6624	168.8
0.26424	1.6442	168.52
0.26546	1.6265	168.23
0.26669	1.6094	167.95
0.26792	1.5927	167.67
0.26915	1.5766	167.39
0.2704	1.5609	167.11
0.27164	1.5457	166.83
0.2729	1.5309	166.56
0.27416	1.5166	166.28
0.27542	1.5027	166.01
0.27669	1.4893	165.74
0.27797	1.4762	165.46
0.27925	1.4635	165.19
0.28054	1.4513	164.92
0.28184	1.4394	164.65
0.28314	1.4279	164.38
0.28445	1.4167	164.11
0.28576	1.4059	163.84
0.28708	1.3955	163.58
0.2884	1.3854	163.31
0.28973	1.3756	163.04
0.29107	1.3662	162.77
0.29242	1.3571	162.5
0.29376	1.3483	162.23
0.29512	1.3398	161.96
0.29648	1.3317	161.69
0.29785	1.3238	161.41
0.29923	1.3163	161.14
0.30061	1.309	160.87
0.302	1.302	160.59
0.30339	1.2954	160.32
0.30479	1.289	160.04
0.3062	1.2829	159.76
0.30761	1.277	159.48
0.30903	1.2715	159.2
0.31046	1.2662	158.92
0.31189	1.2612	158.63
0.31333	1.2565	158.35
0.31477	1.2521	158.06
0.31623	1.2479	157.77
0.31769	1.244	157.48
0.31915	1.2404	157.18
0.32063	1.2371	156.88
0.32211	1.234	156.58
0.32359	1.2312	156.28
0.32509	1.2287	155.98
0.32659	1.2264	155.67
0.3281	1.2244	155.36
0.32961	1.2227	155.04
0.33113	1.2213	154.73
0.33266	1.2202	154.4
0.3342	1.2193	154.08
0.33574	1.2188	153.75
0.33729	1.2185	153.42
0.33884	1.2185	153.08
0.34041	1.2189	152.74
0.34198	1.2195	152.39
0.34356	1.2204	152.04
0.34514	1.2217	151.69
0.34674	1.2232	151.33
0.34834	1.2251	150.96
0.34995	1.2274	150.59
0.35156	1.2299	150.21
0.35318	1.2329	149.83
0.35481	1.2361	149.44
0.35645	1.2398	149.04
0.3581	1.2438	148.64
0.35975	1.2482	148.23
0.36141	1.2529	147.81
0.36308	1.2581	147.38
0.36475	1.2637	146.95
0.36644	1.2698	146.51
0.36813	1.2763	146.05
0.36983	1.2832	145.59
0.37154	1.2906	145.12
0.37325	1.2985	144.64
0.37497	1.3069	144.15
0.3767	1.3158	143.64
0.37844	1.3253	143.13
0.38019	1.3354	142.6
0.38194	1.346	142.05
0.38371	1.3572	141.5
0.38548	1.3691	140.93
0.38726	1.3817	140.34
0.38905	1.3949	139.74
0.39084	1.4088	139.13
0.39264	1.4235	138.49
0.39446	1.439	137.84
0.39628	1.4553	137.16
0.39811	1.4724	136.47
0.39994	1.4905	135.75
0.40179	1.5095	135.01
0.40365	1.5294	134.25
0.40551	1.5504	133.46
0.40738	1.5724	132.64
0.40926	1.5956	131.79
0.41115	1.6199	130.92
0.41305	1.6455	130.01
0.41495	1.6723	129.06
0.41687	1.7004	128.08
0.41879	1.73	127.06
0.42073	1.761	126
0.42267	1.7935	124.9
0.42462	1.8276	123.75
0.42658	1.8634	122.54
0.42855	1.9008	121.29
0.43053	1.9399	119.98
0.43251	1.9808	118.61
0.43451	2.0235	117.18
0.43652	2.0681	115.68
0.43853	2.1145	114.11
0.44055	2.1627	112.46
0.44259	2.2127	110.73
0.44463	2.2644	108.92
0.44668	2.3178	107.03
0.44875	2.3726	105.03
0.45082	2.4287	102.95
0.4529	2.4859	100.76
0.45499	2.5438	98.462
0.45709	2.602	96.061
0.4592	2.66	93.552
0.46132	2.7174	90.932
0.46345	2.7735	88.203
0.46559	2.8277	85.366
0.46774	2.8791	82.425
0.46989	2.927	79.386
0.47206	2.9707	76.255
0.47424	3.0094	73.044
0.47643	3.0424	69.761
0.47863	3.0691	66.422
0.48084	3.0891	63.041
0.48306	3.102	59.632
0.48529	3.1079	56.213
0.48753	3.1067	52.798
0.48978	3.0988	49.403
0.49204	3.0847	46.043
0.49431	3.0649	42.728
0.49659	3.0402	39.471
0.49888	3.0114	36.279
0.50119	2.9792	33.158
0.5035	2.9446	30.113
0.50582	2.9082	27.146
0.50816	2.8709	24.256
0.5105	2.8334	21.442
0.51286	2.7962	18.701
0.51523	2.76	16.028
0.51761	2.7253	13.418
0.52	2.6925	10.863
0.5224	2.6619	8.3575
0.52481	2.634	5.8917
0.52723	2.609	3.457
0.52966	2.5871	1.0436
0.53211	2.5686	-1.3592
0.53456	2.5538	-3.7627
0.53703	2.5428	-6.1793
0.53951	2.5357	-8.6225
0.542	2.5328	-11.107
0.5445	2.5342	-13.649
0.54702	2.5401	-16.267
0.54954	2.5505	-18.98
0.55208	2.5655	-21.811
0.55463	2.5851	-24.785
0.55719	2.6092	-27.93
0.55976	2.6373	-31.277
0.56234	2.6689	-34.86
0.56494	2.7031	-38.716
0.56754	2.7382	-42.883
0.57016	2.7722	-47.399
0.5728	2.802	-52.294
0.57544	2.8238	-57.593
0.5781	2.8329	-63.3
0.58076	2.824	-69.396
0.58345	2.7922	-75.827
0.58614	2.734	-82.505
0.58884	2.6479	-89.31
0.59156	2.5356	-96.103
0.59429	2.4015	-102.74
0.59704	2.252	-109.11
0.59979	2.0942	-115.11
0.60256	1.9347	-120.69
0.60534	1.7789	-125.81
0.60814	1.6304	-130.5
0.61094	1.4916	-134.76
0.61376	1.3635	-138.62
0.6166	1.2465	-142.13
0.61944	1.1403	-145.32
0.6223	1.0442	-148.22
0.62517	0.95753	-150.87
0.62806	0.87935	-153.29
0.63096	0.80887	-155.51
0.63387	0.74527	-157.56
0.6368	0.68782	-159.46
0.63973	0.63586	-161.22
0.64269	0.58879	-162.85
0.64565	0.54606	-164.38
0.64863	0.50721	-165.8
0.65163	0.47183	-167.14
0.65464	0.43953	-168.41
0.65766	0.41	-169.6
0.66069	0.38295	-170.72
0.66374	0.35814	-171.79
0.66681	0.33533	-172.81
0.66988	0.31433	-173.77
0.67298	0.29497	-174.69
0.67608	0.27708	-175.57
0.6792	0.26055	-176.42
0.68234	0.24523	-177.22
0.68549	0.23102	-178
0.68865	0.21783	-178.75
0.69183	0.20556	-179.47
0.69502	0.19414	179.84
0.69823	0.1835	179.17
0.70146	0.17357	178.52
0.70469	0.16429	177.9
0.70795	0.15561	177.29
0.71121	0.14749	176.7
0.7145	0.13989	176.13
0.71779	0.13275	175.57
0.72111	0.12606	175.03
0.72444	0.11977	174.5
0.72778	0.11386	173.99
0.73114	0.10829	173.49
0.73451	0.10305	173
0.7379	0.098117	172.53
0.74131	0.093461	172.06
0.74473	0.089068	171.6
0.74817	0.08492	171.16
0.75162	0.081	170.72
0.75509	0.077294	170.29
0.75858	0.073787	169.87
0.76208	0.070468	169.46
0.7656	0.067324	169.06
0.76913	0.064345	168.66
0.77268	0.06152	168.27
0.77625	0.058839	167.89
0.77983	0.056295	167.51
0.78343	0.053879	167.14
0.78705	0.051584	166.78
0.79068	0.049402	166.42
0.79433	0.047327	166.06
0.79799	0.045353	165.72
0.80168	0.043474	165.37
0.80538	0.041684	165.03
0.8091	0.03998	164.7
0.81283	0.038356	164.37
0.81658	0.036807	164.04
0.82035	0.035331	163.72
0.82414	0.033922	163.41
0.82794	0.032577	163.09
0.83176	0.031294	162.78
0.8356	0.030068	162.48
0.83946	0.028896	162.17
0.84333	0.027777	161.87
0.84723	0.026707	161.58
0.85114	0.025684	161.29
0.85507	0.024705	160.99
0.85901	0.023769	160.71
0.86298	0.022872	160.42
0.86696	0.022014	160.14
0.87096	0.021192	159.86
0.87498	0.020405	159.59
0.87902	0.019651	159.31
0.88308	0.018928	159.04
0.88716	0.018235	158.77
0.89125	0.01757	158.5
0.89536	0.016933	158.24
0.8995	0.016321	157.98
0.90365	0.015734	157.72
0.90782	0.015171	157.46
0.91201	0.01463	157.2
0.91622	0.014111	156.95
0.92045	0.013613	156.69
0.9247	0.013134	156.44
0.92897	0.012673	156.19
0.93325	0.012231	155.95
0.93756	0.011806	155.7
0.94189	0.011397	155.46
0.94624	0.011004	155.21
0.9506	0.010626	154.97
0.95499	0.010262	154.73
0.9594	0.0099121	154.5
0.96383	0.0095754	154.26
0.96828	0.0092513	154.02
0.97275	0.0089392	153.79
0.97724	0.0086388	153.56
0.98175	0.0083495	153.33
0.98628	0.0080709	153.1
0.99083	0.0078025	152.87
0.99541	0.0075439	152.64
1	0.0072947	152.41
1.0046	0.0070545	152.19
1.0093	0.006823	151.97
1.0139	0.0065999	151.74
1.0186	0.0063847	151.52
1.0233	0.0061772	151.3
1.028	0.0059771	151.08
1.0328	0.005784	150.86
1.0375	0.0055978	150.64
1.0423	0.0054181	150.43
1.0471	0.0052447	150.21
1.052	0.0050773	150
1.0568	0.0049158	149.78
1.0617	0.0047598	149.57
1.0666	0.0046093	149.36
1.0715	0.0044639	149.15
1.0765	0.0043235	148.94
1.0814	0.0041879	148.73
1.0864	0.0040569	148.52
1.0914	0.0039303	148.31
1.0965	0.003808	148.11
1.1015	0.0036899	147.9
1.1066	0.0035757	147.7
1.1117	0.0034653	147.49
1.1169	0.0033587	147.29
1.122	0.0032555	147.08
1.1272	0.0031558	146.88
1.1324	0.0030594	146.68
1.1376	0.0029662	146.48
1.1429	0.002876	146.28
1.1482	0.0027888	146.08
1.1535	0.0027044	145.88
1.1588	0.0026228	145.68
1.1641	0.0025438	145.49
1.1695	0.0024674	145.29
1.1749	0.0023935	145.09
1.1803	0.0023219	144.9
1.1858	0.0022526	144.7
1.1912	0.0021856	144.51
1.1967	0.0021207	144.32
1.2023	0.0020578	144.12
1.2078	0.001997	143.93
1.2134	0.0019381	143.74
1.219	0.001881	143.55
1.2246	0.0018258	143.36
1.2303	0.0017723	143.17
1.2359	0.0017204	142.98
1.2417	0.0016702	142.79
1.2474	0.0016216	142.6
1.2531	0.0015744	142.41
1.2589	0.0015287	142.23
1.2647	0.0014845	142.04
1.2706	0.0014416	141.85
1.2764	0.0014	141.67
1.2823	0.0013597	141.48
1.2882	0.0013207	141.3
1.2942	0.0012828	141.11
1.3002	0.0012461	140.93
1.3062	0.0012105	140.75
1.3122	0.001176	140.57
1.3183	0.0011426	140.38
1.3243	0.0011101	140.2
1.3305	0.0010786	140.02
1.3366	0.0010481	139.84
1.3428	0.0010185	139.66
1.349	0.0009898	139.48
1.3552	0.00096194	139.3
1.3614	0.00093492	139.12
1.3677	0.0009087	138.95
1.374	0.00088326	138.77
1.3804	0.00085857	138.59
1.3868	0.00083462	138.42
1.3932	0.00081137	138.24
1.3996	0.00078881	138.06
1.406	0.00076692	137.89
1.4125	0.00074566	137.71
1.4191	0.00072503	137.54
1.4256	0.00070501	137.37
1.4322	0.00068556	137.19
1.4388	0.00066669	137.02
1.4454	0.00064836	136.85
1.4521	0.00063057	136.68
1.4588	0.00061329	136.5
1.4655	0.00059651	136.33
1.4723	0.00058021	136.16
1.4791	0.00056439	135.99
1.4859	0.00054902	135.82
1.4928	0.00053409	135.65
1.4997	0.00051959	135.48
1.5066	0.0005055	135.32
1.5136	0.00049182	135.15
1.5205	0.00047853	134.98
1.5276	0.00046561	134.81
1.5346	0.00045306	134.65
1.5417	0.00044087	134.48
1.5488	0.00042902	134.31
1.556	0.00041751	134.15
1.5631	0.00040632	133.98
1.5704	0.00039545	133.82
1.5776	0.00038488	133.66
1.5849	0.00037461	133.49
1.5922	0.00036463	133.33
1.5996	0.00035492	133.17
1.6069	0.00034549	133
1.6144	0.00033632	132.84
1.6218	0.00032741	132.68
1.6293	0.00031874	132.52
1.6368	0.00031031	132.36
1.6444	0.00030212	132.2
1.652	0.00029416	132.04
1.6596	0.00028641	131.88
1.6672	0.00027888	131.72
1.6749	0.00027155	131.56
1.6827	0.00026443	131.4
1.6904	0.0002575	131.24
1.6982	0.00025077	131.09
1.7061	0.00024421	130.93
1.714	0.00023784	130.77
1.7219	0.00023164	130.62
1.7298	0.00022561	130.46
1.7378	0.00021974	130.31
1.7458	0.00021404	130.15
1.7539	0.00020848	130
1.762	0.00020308	129.84
1.7701	0.00019783	129.69
1.7783	0.00019271	129.54
1.7865	0.00018774	129.38
1.7947	0.00018289	129.23
1.803	0.00017818	129.08
1.8113	0.0001736	128.93
1.8197	0.00016914	128.78
1.8281	0.0001648	128.63
1.8365	0.00016057	128.48
1.845	0.00015646	128.33
1.8535	0.00015245	128.18
1.8621	0.00014856	128.03
1.8707	0.00014477	127.88
1.8793	0.00014107	127.73
1.888	0.00013748	127.58
1.8967	0.00013398	127.43
1.9055	0.00013058	127.29
1.9143	0.00012726	127.14
1.9231	0.00012403	127
1.932	0.00012089	126.85
1.9409	0.00011783	126.7
1.9498	0.00011485	126.56
1.9588	0.00011195	126.41
1.9679	0.00010913	126.27
1.977	0.00010638	126.13
1.9861	0.0001037	125.98
1.9953	0.00010109	125.84
2.0045	9.8549e-05	125.7
2.0137	9.6075e-05	125.56
2.023	9.3666e-05	125.41
2.0324	9.1319e-05	125.27
2.0417	8.9034e-05	125.13
2.0512	8.6808e-05	124.99
2.0606	8.4639e-05	124.85
2.0701	8.2527e-05	124.71
2.0797	8.047e-05	124.57
2.0893	7.8466e-05	124.43
2.0989	7.6514e-05	124.3
2.1086	7.4612e-05	124.16
2.1184	7.2759e-05	124.02
2.1281	7.0954e-05	123.88
2.138	6.9195e-05	123.75
2.1478	6.7481e-05	123.61
2.1577	6.5812e-05	123.47
2.1677	6.4185e-05	123.34
2.1777	6.26e-05	123.2
2.1878	6.1056e-05	123.07
2.1979	5.9551e-05	122.94
2.208	5.8084e-05	122.8
2.2182	5.6655e-05	122.67
2.2284	5.5262e-05	122.53
2.2387	5.3905e-05	122.4
2.2491	5.2582e-05	122.27
2.2594	5.1293e-05	122.14
2.2699	5.0037e-05	122.01
2.2803	4.8812e-05	121.88
2.2909	4.7619e-05	121.75
2.3014	4.6455e-05	121.62
2.3121	4.5322e-05	121.49
2.3227	4.4216e-05	121.36
2.3335	4.3139e-05	121.23
2.3442	4.2089e-05	121.1
2.355	4.1065e-05	120.97
2.3659	4.0067e-05	120.84
2.3768	3.9094e-05	120.72
2.3878	3.8146e-05	120.59
2.3988	3.7221e-05	120.46
2.4099	3.6319e-05	120.34
2.421	3.544e-05	120.21
2.4322	3.4583e-05	120.08
2.4434	3.3748e-05	119.96
2.4547	3.2933e-05	119.84
2.466	3.2139e-05	119.71
2.4774	3.1364e-05	119.59
2.4889	3.0609e-05	119.46
2.5003	2.9873e-05	119.34
2.5119	2.9154e-05	119.22
2.5235	2.8454e-05	119.1
2.5351	2.7771e-05	118.98
2.5468	2.7105e-05	118.85
2.5586	2.6456e-05	118.73
2.5704	2.5822e-05	118.61
2.5823	2.5204e-05	118.49
2.5942	2.4602e-05	118.37
2.6062	2.4014e-05	118.25
2.6182	2.3441e-05	118.13
2.6303	2.2882e-05	118.02
2.6424	2.2337e-05	117.9
2.6546	2.1805e-05	117.78
2.6669	2.1286e-05	117.66
2.6792	2.078e-05	117.55
2.6915	2.0287e-05	117.43
2.704	1.9805e-05	117.31
2.7164	1.9335e-05	117.2
2.729	1.8877e-05	117.08
2.7416	1.843e-05	116.97
2.7542	1.7994e-05	116.85
2.7669	1.7569e-05	116.74
2.7797	1.7154e-05	116.63
2.7925	1.6749e-05	116.51
2.8054	1.6354e-05	116.4
2.8184	1.5968e-05	116.29
2.8314	1.5592e-05	116.17
2.8445	1.5225e-05	116.06
2.8576	1.4867e-05	115.95
2.8708	1.4518e-05	115.84
2.884	1.4177e-05	115.73
2.8973	1.3844e-05	115.62
2.9107	1.352e-05	115.51
2.9242	1.3203e-05	115.4
2.9376	1.2894e-05	115.29
2.9512	1.2592e-05	115.18
2.9648	1.2298e-05	115.07
2.9785	1.2011e-05	114.97
2.9923	1.173e-05	114.86
3.0061	1.1457e-05	114.75
3.02	1.119e-05	114.65
3.0339	1.0929e-05	114.54
3.0479	1.0675e-05	114.43
3.062	1.0427e-05	114.33
3.0761	1.0185e-05	114.22
3.0903	9.9482e-06	114.12
3.1046	9.7175e-06	114.01
3.1189	9.4922e-06	113.91
3.1333	9.2724e-06	113.8
3.1477	9.0578e-06	113.7
3.1623	8.8483e-06	113.6
3.1769	8.6439e-06	113.5
3.1915	8.4443e-06	113.39
3.2063	8.2495e-06	113.29
3.2211	8.0593e-06	113.19
3.2359	7.8736e-06	113.09
3.2509	7.6924e-06	112.99
3.2659	7.5154e-06	112.89
3.281	7.3427e-06	112.79
3.2961	7.174e-06	112.69
3.3113	7.0094e-06	112.59
3.3266	6.8487e-06	112.49
3.342	6.6918e-06	112.39
3.3574	6.5385e-06	112.29
3.3729	6.389e-06	112.2
3.3884	6.2429e-06	112.1
3.4041	6.1003e-06	112
3.4198	5.9611e-06	111.9
3.4356	5.8251e-06	111.81
3.4514	5.6924e-06	111.71
3.4674	5.5628e-06	111.62
3.4834	5.4362e-06	111.52
3.4995	5.3126e-06	111.43
3.5156	5.1919e-06	111.33
3.5318	5.0741e-06	111.24
3.5481	4.959e-06	111.14
3.5645	4.8466e-06	111.05
3.581	4.7369e-06	110.96
3.5975	4.6297e-06	110.86
3.6141	4.525e-06	110.77
3.6308	4.4228e-06	110.68
3.6475	4.323e-06	110.59
3.6644	4.2255e-06	110.5
3.6813	4.1303e-06	110.41
3.6983	4.0373e-06	110.31
3.7154	3.9465e-06	110.22
3.7325	3.8577e-06	110.13
3.7497	3.7711e-06	110.04
3.767	3.6865e-06	109.96
3.7844	3.6038e-06	109.87
3.8019	3.5231e-06	109.78
3.8194	3.4442e-06	109.69
3.8371	3.3672e-06	109.6
3.8548	3.292e-06	109.51
3.8726	3.2185e-06	109.43
3.8905	3.1467e-06	109.34
3.9084	3.0766e-06	109.25
3.9264	3.0081e-06	109.17
3.9446	2.9411e-06	109.08
3.9628	2.8758e-06	109
3.9811	2.8119e-06	108.91
3.9994	2.7495e-06	108.83
4.0179	2.6886e-06	108.74
4.0365	2.629e-06	108.66
4.0551	2.5709e-06	108.57
4.0738	2.514e-06	108.49
4.0926	2.4585e-06	108.41
4.1115	2.4043e-06	108.32
4.1305	2.3513e-06	108.24
4.1495	2.2995e-06	108.16
4.1687	2.2489e-06	108.08
4.1879	2.1995e-06	107.99
4.2073	2.1512e-06	107.91
4.2267	2.104e-06	107.83
4.2462	2.0579e-06	107.75
4.2658	2.0128e-06	107.67
4.2855	1.9688e-06	107.59
4.3053	1.9258e-06	107.51
4.3251	1.8837e-06	107.43
4.3451	1.8427e-06	107.35
4.3652	1.8025e-06	107.27
4.3853	1.7633e-06	107.19
4.4055	1.725e-06	107.12
4.4259	1.6875e-06	107.04
4.4463	1.6509e-06	106.96
4.4668	1.6151e-06	106.88
4.4875	1.5802e-06	106.81
4.5082	1.546e-06	106.73
4.529	1.5126e-06	106.65
4.5499	1.48e-06	106.58
4.5709	1.4481e-06	106.5
4.592	1.4169e-06	106.43
4.6132	1.3865e-06	106.35
4.6345	1.3567e-06	106.28
4.6559	1.3276e-06	106.2
4.6774	1.2992e-06	106.13
4.6989	1.2714e-06	106.05
4.7206	1.2442e-06	105.98
4.7424	1.2176e-06	105.91
4.7643	1.1917e-06	105.83
4.7863	1.1663e-06	105.76
4.8084	1.1415e-06	105.69
4.8306	1.1172e-06	105.62
4.8529	1.0935e-06	105.54
4.8753	1.0704e-06	105.47
4.8978	1.0477e-06	105.4
4.9204	1.0256e-06	105.33
4.9431	1.004e-06	105.26
4.9659	9.8281e-07	105.19
4.9888	9.6213e-07	105.12
5.0119	9.4191e-07	105.05
5.035	9.2215e-07	104.98
5.0582	9.0283e-07	104.91
5.0816	8.8394e-07	104.84
5.105	8.6547e-07	104.77
5.1286	8.4742e-07	104.7
5.1523	8.2977e-07	104.63
5.1761	8.1251e-07	104.57
5.2	7.9564e-07	104.5
5.224	7.7914e-07	104.43
5.2481	7.6301e-07	104.36
5.2723	7.4724e-07	104.3
5.2966	7.3183e-07	104.23
5.3211	7.1675e-07	104.16
5.3456	7.0201e-07	104.1
5.3703	6.876e-07	104.03
5.3951	6.735e-07	103.97
5.42	6.5973e-07	103.9
5.445	6.4625e-07	103.84
5.4702	6.3308e-07	103.77
5.4954	6.2019e-07	103.71
5.5208	6.0759e-07	103.64
5.5463	5.9528e-07	103.58
5.5719	5.8323e-07	103.52
5.5976	5.7145e-07	103.45
5.6234	5.5993e-07	103.39
5.6494	5.4866e-07	103.33
5.6754	5.3765e-07	103.26
5.7016	5.2687e-07	103.2
5.728	5.1634e-07	103.14
5.7544	5.0604e-07	103.08
5.781	4.9596e-07	103.02
5.8076	4.8611e-07	102.95
5.8345	4.7647e-07	102.89
5.8614	4.6705e-07	102.83
5.8884	4.5783e-07	102.77
5.9156	4.4881e-07	102.71
5.9429	4.4e-07	102.65
5.9704	4.3138e-07	102.59
5.9979	4.2294e-07	102.53
6.0256	4.147e-07	102.47
6.0534	4.0663e-07	102.41
6.0814	3.9874e-07	102.35
6.1094	3.9103e-07	102.29
6.1376	3.8348e-07	102.24
6.166	3.761e-07	102.18
6.1944	3.6888e-07	102.12
6.223	3.6182e-07	102.06
6.2517	3.5492e-07	102
6.2806	3.4817e-07	101.95
6.3096	3.4156e-07	101.89
6.3387	3.351e-07	101.83
6.368	3.2878e-07	101.78
6.3973	3.226e-07	101.72
6.4269	3.1656e-07	101.66
6.4565	3.1065e-07	101.61
6.4863	3.0487e-07	101.55
6.5163	2.9921e-07	101.5
6.5464	2.9368e-07	101.44
6.5766	2.8827e-07	101.39
6.6069	2.8298e-07	101.33
6.6374	2.7781e-07	101.28
6.6681	2.7275e-07	101.22
6.6988	2.678e-07	101.17
6.7298	2.6296e-07	101.12
6.7608	2.5823e-07	101.06
6.792	2.536e-07	101.01
6.8234	2.4908e-07	100.96
6.8549	2.4465e-07	100.9
6.8865	2.4033e-07	100.85
6.9183	2.3609e-07	100.8
6.9502	2.3196e-07	100.74
6.9823	2.2791e-07	100.69
7.0146	2.2395e-07	100.64
7.0469	2.2009e-07	100.59
7.0795	2.163e-07	100.54
7.1121	2.1261e-07	100.49
7.145	2.0899e-07	100.43
7.1779	2.0546e-07	100.38
7.2111	2.0201e-07	100.33
7.2444	1.9863e-07	100.28
7.2778	1.9533e-07	100.23
7.3114	1.9211e-07	100.18
7.3451	1.8896e-07	100.13
7.379	1.8588e-07	100.08
7.4131	1.8287e-07	100.03
7.4473	1.7993e-07	99.983
7.4817	1.7706e-07	99.934
7.5162	1.7426e-07	99.885
7.5509	1.7152e-07	99.836
7.5858	1.6884e-07	99.788
7.6208	1.6623e-07	99.739
7.656	1.6368e-07	99.691
7.6913	1.6119e-07	99.643
7.7268	1.5876e-07	99.595
7.7625	1.5639e-07	99.548
7.7983	1.5408e-07	99.5
7.8343	1.5182e-07	99.453
7.8705	1.4962e-07	99.406
7.9068	1.4747e-07	99.359
7.9433	1.4538e-07	99.313
7.9799	1.4334e-07	99.266
8.0168	1.4136e-07	99.22
8.0538	1.3942e-07	99.174
8.091	1.3754e-07	99.128
8.1283	1.3571e-07	99.082
8.1658	1.3392e-07	99.036
8.2035	1.3219e-07	98.991
8.2414	1.305e-07	98.946
8.2794	1.2887e-07	98.901
8.3176	1.2728e-07	98.856
8.356	1.2573e-07	98.811
8.3946	1.2424e-07	98.767
8.4333	1.2279e-07	98.722
8.4723	1.2138e-07	98.678
8.5114	1.2002e-07	98.634
8.5507	1.1871e-07	98.59
8.5901	1.1744e-07	98.547
8.6298	1.1622e-07	98.503
8.6696	1.1504e-07	98.46
8.7096	1.1391e-07	98.417
8.7498	1.1283e-07	98.373
8.7902	1.1179e-07	98.331
8.8308	1.1079e-07	98.288
8.8716	1.0984e-07	98.245
8.9125	1.0894e-07	98.203
8.9536	1.0808e-07	98.161
8.995	1.0728e-07	98.119
9.0365	1.0652e-07	98.077
9.0782	1.0581e-07	98.035
9.1201	1.0514e-07	97.993
9.1622	1.0453e-07	97.952
9.2045	1.0398e-07	97.911
9.247	1.0347e-07	97.869
9.2897	1.0302e-07	97.828
9.3325	1.0263e-07	97.787
9.3756	1.023e-07	97.747
9.4189	1.0203e-07	97.706
9.4624	1.0182e-07	97.666
9.506	1.0168e-07	97.625
9.5499	1.0161e-07	97.585
9.594	1.0161e-07	97.545
9.6383	1.017e-07	97.505
9.6828	1.0186e-07	97.465
9.7275	1.0211e-07	97.425
9.7724	1.0246e-07	97.386
9.8175	1.0291e-07	97.346
9.8628	1.0347e-07	97.307
9.9083	1.0414e-07	97.267
9.9541	1.0495e-07	97.228
10	1.0589e-07	97.189
10.046	1.0699e-07	97.15
10.093	1.0827e-07	97.111
10.139	1.0973e-07	97.072
10.186	1.1141e-07	97.033
10.233	1.1332e-07	96.994
10.28	1.1551e-07	96.955
10.328	1.1801e-07	96.916
10.375	1.2086e-07	96.877
10.423	1.2413e-07	96.838
10.471	1.2788e-07	96.799
10.52	1.322e-07	96.76
10.568	1.372e-07	96.72
10.617	1.4304e-07	96.68
10.666	1.4988e-07	96.64
10.715	1.5799e-07	96.6
10.765	1.6771e-07	96.558
10.814	1.7952e-07	96.516
10.864	1.941e-07	96.472
10.914	2.1251e-07	96.427
10.965	2.3638e-07	96.378
11.015	2.6845e-07	96.326
11.066	3.1365e-07	96.267
11.117	3.8189e-07	96.196
11.169	4.9638e-07	96.101
11.22	7.2736e-07	95.945
11.272	1.433e-06	95.54
11.324	4.9154e-05	-57.062
11.376	1.2908e-06	-83.104
11.429	6.3554e-07	-83.481
11.482	4.1386e-07	-83.632
11.535	3.0257e-07	-83.724
11.588	2.3576e-07	-83.793
11.641	1.9128e-07	-83.851
11.695	1.5958e-07	-83.901
11.749	1.359e-07	-83.947
11.803	1.1755e-07	-83.991
11.858	1.0294e-07	-84.032
11.912	9.1055e-08	-84.071
11.967	8.1209e-08	-84.11
12.023	7.2931e-08	-84.147
12.078	6.5886e-08	-84.184
12.134	5.9825e-08	-84.22
12.19	5.4563e-08	-84.256
12.246	4.9958e-08	-84.291
12.303	4.59e-08	-84.326
12.359	4.2301e-08	-84.36
12.417	3.9092e-08	-84.394
12.474	3.6217e-08	-84.428
12.531	3.363e-08	-84.461
12.589	3.1291e-08	-84.495
12.647	2.917e-08	-84.528
12.706	2.724e-08	-84.56
12.764	2.5478e-08	-84.593
12.823	2.3866e-08	-84.626
12.882	2.2385e-08	-84.658
12.942	2.1024e-08	-84.69
13.002	1.9768e-08	-84.722
13.062	1.8608e-08	-84.754
13.122	1.7534e-08	-84.785
13.183	1.6539e-08	-84.817
13.243	1.5614e-08	-84.848
13.305	1.4753e-08	-84.879
13.366	1.3951e-08	-84.91
13.428	1.3203e-08	-84.941
13.49	1.2504e-08	-84.972
13.552	1.185e-08	-85.002
13.614	1.1238e-08	-85.033
13.677	1.0664e-08	-85.063
13.74	1.0125e-08	-85.094
13.804	9.6192e-09	-85.124
13.868	9.1432e-09	-85.154
13.932	8.6952e-09	-85.184
13.996	8.2733e-09	-85.214
14.06	7.8755e-09	-85.244
14.125	7.5001e-09	-85.273
14.191	7.1457e-09	-85.303
14.256	6.8109e-09	-85.332
14.322	6.4943e-09	-85.362
14.388	6.1948e-09	-85.391
14.454	5.9113e-09	-85.42
14.521	5.6427e-09	-85.449
14.588	5.3881e-09	-85.478
14.655	5.1467e-09	-85.507
14.723	4.9176e-09	-85.535
14.791	4.7002e-09	-85.564
14.859	4.4937e-09	-85.593
14.928	4.2975e-09	-85.621
14.997	4.111e-09	-85.65
15.066	3.9336e-09	-85.678
15.136	3.7648e-09	-85.706
15.205	3.6041e-09	-85.734
15.276	3.4512e-09	-85.762
15.346	3.3054e-09	-85.79
15.417	3.1666e-09	-85.818
15.488	3.0342e-09	-85.846
15.56	2.908e-09	-85.873
15.631	2.7876e-09	-85.901
15.704	2.6728e-09	-85.929
15.776	2.5631e-09	-85.956
15.849	2.4584e-09	-85.983
15.922	2.3585e-09	-86.011
15.996	2.2629e-09	-86.038
16.069	2.1717e-09	-86.065
16.144	2.0844e-09	-86.092
16.218	2.001e-09	-86.119
16.293	1.9213e-09	-86.146
16.368	1.845e-09	-86.173
16.444	1.772e-09	-86.2
16.52	1.7021e-09	-86.227
16.596	1.6352e-09	-86.253
16.672	1.5712e-09	-86.28
16.749	1.5099e-09	-86.306
16.827	1.4512e-09	-86.333
16.904	1.3949e-09	-86.359
16.982	1.341e-09	-86.385
17.061	1.2893e-09	-86.412
17.14	1.2398e-09	-86.438
17.219	1.1923e-09	-86.464
17.298	1.1468e-09	-86.49
17.378	1.1031e-09	-86.516
17.458	1.0612e-09	-86.542
17.539	1.021e-09	-86.568
17.62	9.8246e-10	-86.594
17.701	9.4545e-10	-86.619
17.783	9.0993e-10	-86.645
17.865	8.7582e-10	-86.671
17.947	8.4308e-10	-86.696
18.03	8.1163e-10	-86.722
18.113	7.8143e-10	-86.747
18.197	7.5243e-10	-86.773
18.281	7.2456e-10	-86.798
18.365	6.9778e-10	-86.823
18.45	6.7205e-10	-86.849
18.535	6.4733e-10	-86.874
18.621	6.2356e-10	-86.899
18.707	6.0071e-10	-86.924
18.793	5.7875e-10	-86.949
18.88	5.5763e-10	-86.974
18.967	5.3732e-10	-86.999
19.055	5.1779e-10	-87.024
19.143	4.9901e-10	-87.049
19.231	4.8093e-10	-87.074
19.32	4.6355e-10	-87.099
19.409	4.4683e-10	-87.124
19.498	4.3073e-10	-87.148
19.588	4.1524e-10	-87.173
19.679	4.0034e-10	-87.198
19.77	3.8599e-10	-87.222
19.861	3.7218e-10	-87.247
19.953	3.5889e-10	-87.271
20.045	3.4609e-10	-87.296
20.137	3.3376e-10	-87.32
20.23	3.219e-10	-87.345
20.324	3.1047e-10	-87.369
20.417	2.9946e-10	-87.394
20.512	2.8886e-10	-87.418
20.606	2.7865e-10	-87.442
20.701	2.6881e-10	-87.467
20.797	2.5933e-10	-87.491
20.893	2.502e-10	-87.515
20.989	2.414e-10	-87.539
21.086	2.3293e-10	-87.564
21.184	2.2475e-10	-87.588
21.281	2.1688e-10	-87.612
21.38	2.0929e-10	-87.636
21.478	2.0197e-10	-87.66
21.577	1.9492e-10	-87.684
21.677	1.8812e-10	-87.709
21.777	1.8157e-10	-87.733
21.878	1.7525e-10	-87.757
21.979	1.6916e-10	-87.781
22.08	1.6328e-10	-87.805
22.182	1.5762e-10	-87.829
22.284	1.5215e-10	-87.853
22.387	1.4688e-10	-87.877
22.491	1.418e-10	-87.901
22.594	1.3689e-10	-87.925
22.699	1.3217e-10	-87.949
22.803	1.276e-10	-87.973
22.909	1.232e-10	-87.997
23.014	1.1895e-10	-88.021
23.121	1.1486e-10	-88.045
23.227	1.109e-10	-88.069
23.335	1.0709e-10	-88.093
23.442	1.0341e-10	-88.117
23.55	9.9854e-11	-88.141
23.659	9.6426e-11	-88.165
23.768	9.3117e-11	-88.189
23.878	8.9922e-11	-88.213
23.988	8.6839e-11	-88.237
24.099	8.3863e-11	-88.261
24.21	8.0991e-11	-88.285
24.322	7.8217e-11	-88.31
24.434	7.554e-11	-88.334
24.547	7.2955e-11	-88.358
24.66	7.0459e-11	-88.382
24.774	6.8049e-11	-88.406
24.889	6.5722e-11	-88.431
25.003	6.3474e-11	-88.455
25.119	6.1304e-11	-88.479
25.235	5.9208e-11	-88.504
25.351	5.7184e-11	-88.528
25.468	5.5229e-11	-88.552
25.586	5.3341e-11	-88.577
25.704	5.1517e-11	-88.601
25.823	4.9755e-11	-88.626
25.942	4.8054e-11	-88.651
26.062	4.641e-11	-88.675
26.182	4.4821e-11	-88.7
26.303	4.3287e-11	-88.725
26.424	4.1804e-11	-88.75
26.546	4.0371e-11	-88.774
26.669	3.8987e-11	-88.799
26.792	3.765e-11	-88.824
26.915	3.6357e-11	-88.849
27.04	3.5108e-11	-88.875
27.164	3.3901e-11	-88.9
27.29	3.2734e-11	-88.925
27.416	3.1606e-11	-88.95
27.542	3.0516e-11	-88.976
27.669	2.9463e-11	-89.002
27.797	2.8444e-11	-89.027
27.925	2.746e-11	-89.053
28.054	2.6508e-11	-89.079
28.184	2.5588e-11	-89.105
28.314	2.4698e-11	-89.131
28.445	2.3838e-11	-89.157
28.576	2.3006e-11	-89.183
28.708	2.2201e-11	-89.209
28.84	2.1423e-11	-89.236
28.973	2.0671e-11	-89.263
29.107	1.9943e-11	-89.289
29.242	1.924e-11	-89.316
29.376	1.8559e-11	-89.343
29.512	1.79e-11	-89.37
29.648	1.7263e-11	-89.398
29.785	1.6646e-11	-89.425
29.923	1.605e-11	-89.453
30.061	1.5473e-11	-89.48
30.2	1.4914e-11	-89.508
30.339	1.4374e-11	-89.536
30.479	1.385e-11	-89.565
30.62	1.3344e-11	-89.593
30.761	1.2854e-11	-89.622
30.903	1.2379e-11	-89.651
31.046	1.1919e-11	-89.68
31.189	1.1474e-11	-89.709
31.333	1.1043e-11	-89.739
31.477	1.0625e-11	-89.768
31.623	1.0221e-11	-89.798
31.769	9.8289e-12	-89.828
31.915	9.4491e-12	-89.859
32.063	9.081e-12	-89.89
32.211	8.7242e-12	-89.921
32.359	8.3782e-12	-89.952
32.509	8.0428e-12	-89.983
32.659	7.7174e-12	-90.015
32.81	7.4018e-12	-90.047
32.961	7.0956e-12	-90.08
33.113	6.7983e-12	-90.113
33.266	6.5098e-12	-90.146
33.42	6.2296e-12	-90.179
33.574	5.9574e-12	-90.213
33.729	5.693e-12	-90.247
33.884	5.436e-12	-90.282
34.041	5.1861e-12	-90.317
34.198	4.943e-12	-90.352
34.356	4.7065e-12	-90.388
34.514	4.4762e-12	-90.424
34.674	4.2519e-12	-90.461
34.834	4.0334e-12	-90.498
34.995	3.8204e-12	-90.536
35.156	3.6126e-12	-90.574
35.318	3.4097e-12	-90.613
35.481	3.2116e-12	-90.652
35.645	3.0179e-12	-90.692
35.81	2.8285e-12	-90.732
35.975	2.6431e-12	-90.773
36.141	2.4614e-12	-90.814
36.308	2.2833e-12	-90.856
36.475	2.1084e-12	-90.898
36.644	1.9366e-12	-90.941
36.813	1.7675e-12	-90.984
36.983	1.601e-12	-91.028
37.154	1.4368e-12	-91.071
37.325	1.2747e-12	-91.115
37.497	1.1143e-12	-91.158
37.67	9.5554e-13	-91.2
37.844	7.98e-13	-91.239
38.019	6.4144e-13	-91.274
38.194	4.8559e-13	-91.297
38.371	3.3013e-13	-91.293
38.548	1.7474e-13	-91.181
38.726	1.9128e-14	-88.321
38.905	1.3716e-13	87.884
39.084	2.9439e-13	88.066
39.264	4.5301e-13	88.076
39.446	6.1344e-13	88.047
39.628	7.7615e-13	88.001
39.811	9.4163e-13	87.945
39.994	1.1104e-12	87.883
40.179	1.2832e-12	87.817
40.365	1.4605e-12	87.746
40.551	1.6431e-12	87.672
40.738	1.8318e-12	87.594
40.926	2.0275e-12	87.513
41.115	2.2312e-12	87.428
41.305	2.444e-12	87.339
41.495	2.6672e-12	87.247
41.687	2.9023e-12	87.15
41.879	3.1509e-12	87.05
42.073	3.4148e-12	86.944
42.267	3.6964e-12	86.834
42.462	3.998e-12	86.718
42.658	4.3228e-12	86.597
42.855	4.6742e-12	86.47
43.053	5.0564e-12	86.336
43.251	5.4743e-12	86.195
43.451	5.9337e-12	86.046
43.652	6.442e-12	85.889
43.853	7.008e-12	85.722
44.055	7.6424e-12	85.546
44.259	8.3588e-12	85.357
44.463	9.1745e-12	85.157
44.668	1.0111e-11	84.942
44.875	1.1198e-11	84.712
45.082	1.2472e-11	84.464
45.29	1.3985e-11	84.197
45.499	1.5807e-11	83.908
45.709	1.8037e-11	83.593
45.92	2.0822e-11	83.249
46.132	2.4384e-11	82.872
46.345	2.9075e-11	82.456
46.559	3.5495e-11	81.994
46.774	4.4741e-11	81.476
46.989	5.9058e-11	80.89
47.206	8.3858e-11	80.215
47.424	1.3629e-10	79.41
47.643	3.144e-10	78.298
47.863	1.8783e-09	-99.165
48.084	2.6419e-10	-102.86
48.306	1.5234e-10	-104.38
48.529	1.1296e-10	-106.05
48.753	9.4017e-11	-108.06
48.978	8.4015e-11	-110.57
49.204	7.9072e-11	-113.79
49.431	7.7653e-11	-118.06
49.659	7.9146e-11	-123.92
49.888	8.3199e-11	-132.28
50.119	8.8796e-11	-144.43
50.35	9.2334e-11	-161.64
50.582	8.729e-11	177.14
50.816	7.2598e-11	156.7
51.05	5.5855e-11	140.97
51.286	4.2286e-11	130.05
51.523	3.2432e-11	122.52
51.761	2.5397e-11	117.18
52	2.0302e-11	113.26
52.24	1.6528e-11	110.29
52.481	1.3668e-11	107.96
52.723	1.1456e-11	106.1
52.966	9.7111e-12	104.57
53.211	8.3134e-12	103.3
53.456	7.1776e-12	102.23
53.703	6.2432e-12	101.31
53.951	5.466e-12	100.52
54.2	4.8133e-12	99.824
54.45	4.2605e-12	99.211
54.702	3.7886e-12	98.667
54.954	3.3831e-12	98.18
55.208	3.0325e-12	97.741
55.463	2.7275e-12	97.344
55.719	2.4609e-12	96.982
55.976	2.2268e-12	96.651
56.234	2.0203e-12	96.348
56.494	1.8375e-12	96.068
56.754	1.675e-12	95.809
57.016	1.5301e-12	95.568
57.28	1.4004e-12	95.344
57.544	1.2841e-12	95.135
57.81	1.1795e-12	94.939
58.076	1.0851e-12	94.755
58.345	9.9979e-13	94.582
58.614	9.2248e-13	94.419
58.884	8.5228e-13	94.265
59.156	7.8841e-13	94.119
59.429	7.302e-13	93.98
59.704	6.7704e-13	93.848
59.979	6.2842e-13	93.723
60.256	5.8388e-13	93.603
60.534	5.4302e-13	93.489
60.814	5.0548e-13	93.38
61.094	4.7094e-13	93.275
61.376	4.3913e-13	93.175
61.66	4.0979e-13	93.078
61.944	3.8269e-13	92.985
62.23	3.5765e-13	92.896
62.517	3.3447e-13	92.81
62.806	3.13e-13	92.727
63.096	2.931e-13	92.647
63.387	2.7463e-13	92.57
63.68	2.5747e-13	92.495
63.973	2.4152e-13	92.422
64.269	2.2667e-13	92.352
64.565	2.1285e-13	92.284
64.863	1.9997e-13	92.218
65.163	1.8796e-13	92.153
65.464	1.7676e-13	92.091
65.766	1.6629e-13	92.03
66.069	1.5651e-13	91.971
66.374	1.4737e-13	91.913
66.681	1.3881e-13	91.857
66.988	1.3081e-13	91.802
67.298	1.2331e-13	91.748
67.608	1.1628e-13	91.696
67.92	1.0969e-13	91.645
68.234	1.0351e-13	91.594
68.549	9.7707e-14	91.545
68.865	9.226e-14	91.497
69.183	8.7142e-14	91.45
69.502	8.2333e-14	91.404
69.823	7.7812e-14	91.359
70.146	7.3559e-14	91.315
70.469	6.9557e-14	91.271
70.795	6.579e-14	91.229
71.121	6.2242e-14	91.187
71.45	5.89e-14	91.146
71.779	5.5751e-14	91.105
72.111	5.2783e-14	91.065
72.444	4.9983e-14	91.026
72.778	4.7342e-14	90.987
73.114	4.4851e-14	90.949
73.451	4.2499e-14	90.912
73.79	4.0278e-14	90.875
74.131	3.8181e-14	90.838
74.473	3.62e-14	90.803
74.817	3.4327e-14	90.767
75.162	3.2558e-14	90.732
75.509	3.0885e-14	90.698
75.858	2.9303e-14	90.664
76.208	2.7806e-14	90.63
76.56	2.639e-14	90.597
76.913	2.505e-14	90.564
77.268	2.3781e-14	90.532
77.625	2.258e-14	90.5
77.983	2.1443e-14	90.468
78.343	2.0366e-14	90.437
78.705	1.9345e-14	90.406
79.068	1.8378e-14	90.375
79.433	1.7461e-14	90.345
79.799	1.6592e-14	90.314
80.168	1.5769e-14	90.285
80.538	1.4988e-14	90.255
80.91	1.4247e-14	90.226
81.283	1.3544e-14	90.197
81.658	1.2877e-14	90.168
82.035	1.2244e-14	90.14
82.414	1.1644e-14	90.112
82.794	1.1074e-14	90.084
83.176	1.0532e-14	90.056
83.56	1.0018e-14	90.028
83.946	9.5305e-15	90.001
84.333	9.067e-15	89.974
84.723	8.6267e-15	89.947
85.114	8.2084e-15	89.92
85.507	7.8109e-15	89.893
85.901	7.4332e-15	89.867
86.298	7.0742e-15	89.841
86.696	6.7329e-15	89.815
87.096	6.4085e-15	89.789
87.498	6.1001e-15	89.763
87.902	5.8068e-15	89.738
88.308	5.5278e-15	89.713
88.716	5.2625e-15	89.687
89.125	5.0102e-15	89.662
89.536	4.7701e-15	89.638
89.95	4.5417e-15	89.613
90.365	4.3244e-15	89.588
90.782	4.1175e-15	89.564
91.201	3.9207e-15	89.539
91.622	3.7333e-15	89.515
92.045	3.555e-15	89.491
92.47	3.3852e-15	89.467
92.897	3.2235e-15	89.443
93.325	3.0696e-15	89.42
93.756	2.923e-15	89.396
94.189	2.7834e-15	89.373
94.624	2.6504e-15	89.35
95.06	2.5238e-15	89.326
95.499	2.4031e-15	89.303
95.94	2.2881e-15	89.28
96.383	2.1786e-15	89.258
96.828	2.0742e-15	89.235
97.275	1.9747e-15	89.212
97.724	1.8798e-15	89.19
98.175	1.7895e-15	89.168
98.628	1.7033e-15	89.146
99.083	1.6211e-15	89.124
99.541	1.5428e-15	89.102
100	1.4681e-15	89.08
