0.01	1.0307	-8.2671
0.010046	1.031	-8.3077
0.010093	1.0313	-8.3486
0.010139	1.0316	-8.3898
0.010186	1.0319	-8.4311
0.010233	1.0322	-8.4727
0.01028	1.0325	-8.5145
0.010328	1.0328	-8.5566
0.010375	1.0331	-8.5989
0.010423	1.0334	-8.6414
0.010471	1.0337	-8.6842
0.01052	1.034	-8.7272
0.010568	1.0344	-8.7704
0.010617	1.0347	-8.8139
0.010666	1.035	-8.8576
0.010715	1.0353	-8.9016
0.010765	1.0357	-8.9458
0.010814	1.036	-8.9902
0.010864	1.0363	-9.035
0.010914	1.0367	-9.0799
0.010965	1.037	-9.1251
0.011015	1.0374	-9.1706
0.011066	1.0377	-9.2164
0.011117	1.0381	-9.2624
0.011169	1.0385	-9.3086
0.01122	1.0388	-9.3552
0.011272	1.0392	-9.402
0.011324	1.0396	-9.449
0.011376	1.0399	-9.4963
0.011429	1.0403	-9.544
0.011482	1.0407	-9.5918
0.011535	1.0411	-9.64
0.011588	1.0415	-9.6884
0.011641	1.0419	-9.7371
0.011695	1.0423	-9.7861
0.011749	1.0427	-9.8354
0.011803	1.0431	-9.885
0.011858	1.0435	-9.9349
0.011912	1.0439	-9.985
0.011967	1.0443	-10.035
0.012023	1.0447	-10.086
0.012078	1.0451	-10.137
0.012134	1.0456	-10.189
0.01219	1.046	-10.24
0.012246	1.0464	-10.292
0.012303	1.0469	-10.344
0.012359	1.0473	-10.397
0.012417	1.0478	-10.45
0.012474	1.0482	-10.503
0.012531	1.0487	-10.557
0.012589	1.0491	-10.61
0.012647	1.0496	-10.665
0.012706	1.0501	-10.719
0.012764	1.0506	-10.774
0.012823	1.051	-10.829
0.012882	1.0515	-10.885
0.012942	1.052	-10.94
0.013002	1.0525	-10.997
0.013062	1.053	-11.053
0.013122	1.0535	-11.11
0.013183	1.054	-11.167
0.013243	1.0545	-11.225
0.013305	1.0551	-11.283
0.013366	1.0556	-11.341
0.013428	1.0561	-11.399
0.01349	1.0567	-11.458
0.013552	1.0572	-11.518
0.013614	1.0577	-11.578
0.013677	1.0583	-11.638
0.01374	1.0589	-11.698
0.013804	1.0594	-11.759
0.013868	1.06	-11.82
0.013932	1.0606	-11.882
0.013996	1.0611	-11.944
0.01406	1.0617	-12.006
0.014125	1.0623	-12.069
0.014191	1.0629	-12.132
0.014256	1.0635	-12.196
0.014322	1.0641	-12.26
0.014388	1.0647	-12.324
0.014454	1.0653	-12.389
0.014521	1.066	-12.454
0.014588	1.0666	-12.52
0.014655	1.0672	-12.586
0.014723	1.0679	-12.653
0.014791	1.0685	-12.719
0.014859	1.0692	-12.787
0.014928	1.0699	-12.855
0.014997	1.0705	-12.923
0.015066	1.0712	-12.992
0.015136	1.0719	-13.061
0.015205	1.0726	-13.13
0.015276	1.0733	-13.201
0.015346	1.074	-13.271
0.015417	1.0747	-13.342
0.015488	1.0754	-13.414
0.01556	1.0761	-13.486
0.015631	1.0769	-13.558
0.015704	1.0776	-13.631
0.015776	1.0784	-13.705
0.015849	1.0791	-13.779
0.015922	1.0799	-13.853
0.015996	1.0807	-13.928
0.016069	1.0814	-14.003
0.016144	1.0822	-14.079
0.016218	1.083	-14.156
0.016293	1.0838	-14.233
0.016368	1.0846	-14.311
0.016444	1.0854	-14.389
0.01652	1.0863	-14.467
0.016596	1.0871	-14.547
0.016672	1.0879	-14.626
0.016749	1.0888	-14.707
0.016827	1.0897	-14.787
0.016904	1.0905	-14.869
0.016982	1.0914	-14.951
0.017061	1.0923	-15.034
0.01714	1.0932	-15.117
0.017219	1.0941	-15.201
0.017298	1.095	-15.285
0.017378	1.0959	-15.37
0.017458	1.0968	-15.456
0.017539	1.0978	-15.542
0.01762	1.0987	-15.629
0.017701	1.0997	-15.716
0.017783	1.1007	-15.804
0.017865	1.1016	-15.893
0.017947	1.1026	-15.983
0.01803	1.1036	-16.073
0.018113	1.1046	-16.164
0.018197	1.1057	-16.255
0.018281	1.1067	-16.347
0.018365	1.1077	-16.44
0.01845	1.1088	-16.534
0.018535	1.1098	-16.628
0.018621	1.1109	-16.723
0.018707	1.112	-16.818
0.018793	1.1131	-16.915
0.01888	1.1142	-17.012
0.018967	1.1153	-17.11
0.019055	1.1164	-17.208
0.019143	1.1176	-17.308
0.019231	1.1187	-17.408
0.01932	1.1199	-17.509
0.019409	1.121	-17.611
0.019498	1.1222	-17.713
0.019588	1.1234	-17.816
0.019679	1.1246	-17.921
0.01977	1.1259	-18.026
0.019861	1.1271	-18.131
0.019953	1.1283	-18.238
0.020045	1.1296	-18.346
0.020137	1.1309	-18.454
0.02023	1.1321	-18.563
0.020324	1.1334	-18.673
0.020417	1.1348	-18.784
0.020512	1.1361	-18.896
0.020606	1.1374	-19.009
0.020701	1.1388	-19.123
0.020797	1.1401	-19.238
0.020893	1.1415	-19.353
0.020989	1.1429	-19.47
0.021086	1.1443	-19.587
0.021184	1.1457	-19.706
0.021281	1.1472	-19.826
0.02138	1.1486	-19.946
0.021478	1.1501	-20.068
0.021577	1.1516	-20.19
0.021677	1.1531	-20.314
0.021777	1.1546	-20.439
0.021878	1.1561	-20.565
0.021979	1.1576	-20.692
0.02208	1.1592	-20.82
0.022182	1.1608	-20.949
0.022284	1.1623	-21.079
0.022387	1.1639	-21.21
0.022491	1.1656	-21.343
0.022594	1.1672	-21.477
0.022699	1.1689	-21.612
0.022803	1.1705	-21.748
0.022909	1.1722	-21.885
0.023014	1.1739	-22.024
0.023121	1.1756	-22.163
0.023227	1.1774	-22.305
0.023335	1.1791	-22.447
0.023442	1.1809	-22.591
0.02355	1.1827	-22.736
0.023659	1.1845	-22.882
0.023768	1.1863	-23.03
0.023878	1.1882	-23.179
0.023988	1.19	-23.329
0.024099	1.1919	-23.481
0.02421	1.1938	-23.634
0.024322	1.1957	-23.789
0.024434	1.1977	-23.945
0.024547	1.1996	-24.103
0.02466	1.2016	-24.262
0.024774	1.2036	-24.423
0.024889	1.2056	-24.585
0.025003	1.2077	-24.749
0.025119	1.2097	-24.914
0.025235	1.2118	-25.081
0.025351	1.2139	-25.25
0.025468	1.216	-25.42
0.025586	1.2182	-25.592
0.025704	1.2203	-25.766
0.025823	1.2225	-25.941
0.025942	1.2247	-26.119
0.026062	1.2269	-26.298
0.026182	1.2292	-26.478
0.026303	1.2315	-26.661
0.026424	1.2337	-26.846
0.026546	1.2361	-27.032
0.026669	1.2384	-27.22
0.026792	1.2408	-27.41
0.026915	1.2431	-27.603
0.02704	1.2455	-27.797
0.027164	1.248	-27.993
0.02729	1.2504	-28.191
0.027416	1.2529	-28.392
0.027542	1.2554	-28.594
0.027669	1.2579	-28.799
0.027797	1.2604	-29.006
0.027925	1.263	-29.215
0.028054	1.2656	-29.426
0.028184	1.2682	-29.639
0.028314	1.2708	-29.855
0.028445	1.2735	-30.073
0.028576	1.2761	-30.294
0.028708	1.2788	-30.517
0.02884	1.2816	-30.742
0.028973	1.2843	-30.97
0.029107	1.2871	-31.2
0.029242	1.2899	-31.433
0.029376	1.2927	-31.669
0.029512	1.2956	-31.907
0.029648	1.2984	-32.148
0.029785	1.3013	-32.392
0.029923	1.3042	-32.638
0.030061	1.3072	-32.887
0.0302	1.3101	-33.139
0.030339	1.3131	-33.394
0.030479	1.3161	-33.652
0.03062	1.3192	-33.913
0.030761	1.3222	-34.176
0.030903	1.3253	-34.443
0.031046	1.3284	-34.713
0.031189	1.3315	-34.986
0.031333	1.3346	-35.263
0.031477	1.3378	-35.542
0.031623	1.341	-35.825
0.031769	1.3442	-36.111
0.031915	1.3474	-36.401
0.032063	1.3507	-36.694
0.032211	1.3539	-36.991
0.032359	1.3572	-37.291
0.032509	1.3605	-37.594
0.032659	1.3639	-37.902
0.03281	1.3672	-38.213
0.032961	1.3706	-38.528
0.033113	1.3739	-38.846
0.033266	1.3773	-39.169
0.03342	1.3807	-39.495
0.033574	1.3841	-39.825
0.033729	1.3876	-40.16
0.033884	1.391	-40.498
0.034041	1.3945	-40.841
0.034198	1.398	-41.188
0.034356	1.4014	-41.539
0.034514	1.4049	-41.895
0.034674	1.4084	-42.255
0.034834	1.4119	-42.619
0.034995	1.4154	-42.988
0.035156	1.4189	-43.361
0.035318	1.4224	-43.739
0.035481	1.4259	-44.122
0.035645	1.4295	-44.51
0.03581	1.433	-44.902
0.035975	1.4365	-45.299
0.036141	1.44	-45.701
0.036308	1.4435	-46.108
0.036475	1.4469	-46.52
0.036644	1.4504	-46.937
0.036813	1.4539	-47.36
0.036983	1.4573	-47.787
0.037154	1.4607	-48.22
0.037325	1.4641	-48.658
0.037497	1.4675	-49.102
0.03767	1.4709	-49.551
0.037844	1.4742	-50.005
0.038019	1.4775	-50.466
0.038194	1.4808	-50.931
0.038371	1.484	-51.403
0.038548	1.4872	-51.88
0.038726	1.4903	-52.362
0.038905	1.4934	-52.851
0.039084	1.4965	-53.345
0.039264	1.4995	-53.845
0.039446	1.5024	-54.352
0.039628	1.5053	-54.864
0.039811	1.5081	-55.382
0.039994	1.5109	-55.906
0.040179	1.5136	-56.436
0.040365	1.5162	-56.972
0.040551	1.5187	-57.514
0.040738	1.5211	-58.063
0.040926	1.5235	-58.617
0.041115	1.5257	-59.177
0.041305	1.5279	-59.744
0.041495	1.53	-60.317
0.041687	1.5319	-60.896
0.041879	1.5338	-61.481
0.042073	1.5355	-62.072
0.042267	1.5371	-62.669
0.042462	1.5386	-63.272
0.042658	1.5399	-63.881
0.042855	1.5411	-64.497
0.043053	1.5422	-65.118
0.043251	1.5431	-65.745
0.043451	1.5439	-66.378
0.043652	1.5445	-67.016
0.043853	1.545	-67.661
0.044055	1.5453	-68.31
0.044259	1.5454	-68.966
0.044463	1.5454	-69.627
0.044668	1.5452	-70.293
0.044875	1.5448	-70.965
0.045082	1.5442	-71.642
0.04529	1.5434	-72.324
0.045499	1.5424	-73.01
0.045709	1.5412	-73.702
0.04592	1.5398	-74.398
0.046132	1.5382	-75.099
0.046345	1.5364	-75.804
0.046559	1.5344	-76.513
0.046774	1.5321	-77.226
0.046989	1.5297	-77.943
0.047206	1.527	-78.664
0.047424	1.5241	-79.388
0.047643	1.521	-80.116
0.047863	1.5176	-80.846
0.048084	1.514	-81.58
0.048306	1.5102	-82.316
0.048529	1.5061	-83.055
0.048753	1.5018	-83.796
0.048978	1.4973	-84.539
0.049204	1.4925	-85.284
0.049431	1.4875	-86.031
0.049659	1.4823	-86.778
0.049888	1.4769	-87.527
0.050119	1.4712	-88.277
0.05035	1.4653	-89.028
0.050582	1.4592	-89.779
0.050816	1.4528	-90.53
0.05105	1.4463	-91.281
0.051286	1.4395	-92.031
0.051523	1.4325	-92.781
0.051761	1.4253	-93.531
0.052	1.4179	-94.279
0.05224	1.4103	-95.026
0.052481	1.4026	-95.771
0.052723	1.3946	-96.515
0.052966	1.3864	-97.257
0.053211	1.3781	-97.997
0.053456	1.3696	-98.734
0.053703	1.361	-99.469
0.053951	1.3521	-100.2
0.0542	1.3432	-100.93
0.05445	1.3341	-101.65
0.054702	1.3248	-102.38
0.054954	1.3154	-103.1
0.055208	1.3059	-103.81
0.055463	1.2963	-104.52
0.055719	1.2866	-105.23
0.055976	1.2767	-105.93
0.056234	1.2668	-106.63
0.056494	1.2568	-107.32
0.056754	1.2466	-108.01
0.057016	1.2365	-108.69
0.05728	1.2262	-109.37
0.057544	1.2159	-110.05
0.05781	1.2055	-110.71
0.058076	1.1951	-111.38
0.058345	1.1846	-112.04
0.058614	1.1741	-112.69
0.058884	1.1636	-113.33
0.059156	1.153	-113.98
0.059429	1.1424	-114.61
0.059704	1.1318	-115.24
0.059979	1.1212	-115.86
0.060256	1.1106	-116.48
0.060534	1.1	-117.09
0.060814	1.0894	-117.7
0.061094	1.0788	-118.3
0.061376	1.0683	-118.89
0.06166	1.0577	-119.48
0.061944	1.0472	-120.06
0.06223	1.0368	-120.64
0.062517	1.0263	-121.2
0.062806	1.0159	-121.77
0.063096	1.0055	-122.33
0.063387	0.99523	-122.88
0.06368	0.98497	-123.42
0.063973	0.97476	-123.96
0.064269	0.9646	-124.49
0.064565	0.9545	-125.02
0.064863	0.94447	-125.54
0.065163	0.9345	-126.05
0.065464	0.92459	-126.56
0.065766	0.91475	-127.07
0.066069	0.90499	-127.56
0.066374	0.89529	-128.05
0.066681	0.88567	-128.54
0.066988	0.87613	-129.02
0.067298	0.86666	-129.49
0.067608	0.85728	-129.96
0.06792	0.84797	-130.42
0.068234	0.83874	-130.88
0.068549	0.8296	-131.33
0.068865	0.82054	-131.78
0.069183	0.81156	-132.22
0.069502	0.80267	-132.66
0.069823	0.79386	-133.09
0.070146	0.78514	-133.51
0.070469	0.7765	-133.93
0.070795	0.76795	-134.35
0.071121	0.75949	-134.75
0.07145	0.75111	-135.16
0.071779	0.74282	-135.56
0.072111	0.73462	-135.95
0.072444	0.72651	-136.34
0.072778	0.71848	-136.73
0.073114	0.71054	-137.11
0.073451	0.70268	-137.49
0.07379	0.69492	-137.86
0.074131	0.68724	-138.22
0.074473	0.67964	-138.59
0.074817	0.67213	-138.94
0.075162	0.66471	-139.3
0.075509	0.65737	-139.65
0.075858	0.65011	-139.99
0.076208	0.64294	-140.33
0.07656	0.63585	-140.67
0.076913	0.62885	-141
0.077268	0.62192	-141.33
0.077625	0.61508	-141.66
0.077983	0.60832	-141.98
0.078343	0.60164	-142.3
0.078705	0.59504	-142.61
0.079068	0.58852	-142.92
0.079433	0.58207	-143.23
0.079799	0.57571	-143.53
0.080168	0.56942	-143.83
0.080538	0.5632	-144.12
0.08091	0.55707	-144.41
0.081283	0.551	-144.7
0.081658	0.54501	-144.99
0.082035	0.5391	-145.27
0.082414	0.53325	-145.55
0.082794	0.52748	-145.83
0.083176	0.52178	-146.1
0.08356	0.51615	-146.37
0.083946	0.51059	-146.63
0.084333	0.50509	-146.9
0.084723	0.49967	-147.16
0.085114	0.49431	-147.41
0.085507	0.48902	-147.67
0.085901	0.48379	-147.92
0.086298	0.47863	-148.17
0.086696	0.47353	-148.41
0.087096	0.46849	-148.66
0.087498	0.46352	-148.9
0.087902	0.45861	-149.14
0.088308	0.45375	-149.37
0.088716	0.44896	-149.61
0.089125	0.44423	-149.84
0.089536	0.43956	-150.06
0.08995	0.43494	-150.29
0.090365	0.43039	-150.51
0.090782	0.42588	-150.73
0.091201	0.42144	-150.95
0.091622	0.41705	-151.17
0.092045	0.41271	-151.38
0.09247	0.40843	-151.59
0.092897	0.4042	-151.8
0.093325	0.40002	-152.01
0.093756	0.39589	-152.21
0.094189	0.39182	-152.42
0.094624	0.38779	-152.62
0.09506	0.38381	-152.82
0.095499	0.37989	-153.01
0.09594	0.37601	-153.21
0.096383	0.37218	-153.4
0.096828	0.36839	-153.59
0.097275	0.36466	-153.78
0.097724	0.36096	-153.97
0.098175	0.35732	-154.15
0.098628	0.35371	-154.34
0.099083	0.35016	-154.52
0.099541	0.34664	-154.7
0.1	0.34317	-154.88
0.10046	0.33974	-155.05
0.10093	0.33635	-155.23
0.10139	0.33301	-155.4
0.10186	0.3297	-155.57
0.10233	0.32643	-155.74
0.1028	0.32321	-155.91
0.10328	0.32002	-156.07
0.10375	0.31687	-156.24
0.10423	0.31376	-156.4
0.10471	0.31069	-156.57
0.1052	0.30765	-156.73
0.10568	0.30465	-156.88
0.10617	0.30169	-157.04
0.10666	0.29876	-157.2
0.10715	0.29587	-157.35
0.10765	0.29301	-157.51
0.10814	0.29018	-157.66
0.10864	0.28739	-157.81
0.10914	0.28464	-157.96
0.10965	0.28191	-158.11
0.11015	0.27922	-158.25
0.11066	0.27656	-158.4
0.11117	0.27393	-158.54
0.11169	0.27134	-158.68
0.1122	0.26877	-158.83
0.11272	0.26623	-158.97
0.11324	0.26373	-159.1
0.11376	0.26125	-159.24
0.11429	0.25881	-159.38
0.11482	0.25639	-159.51
0.11535	0.254	-159.65
0.11588	0.25164	-159.78
0.11641	0.2493	-159.91
0.11695	0.247	-160.05
0.11749	0.24472	-160.18
0.11803	0.24247	-160.3
0.11858	0.24024	-160.43
0.11912	0.23804	-160.56
0.11967	0.23587	-160.69
0.12023	0.23372	-160.81
0.12078	0.23159	-160.93
0.12134	0.22949	-161.06
0.1219	0.22742	-161.18
0.12246	0.22537	-161.3
0.12303	0.22334	-161.42
0.12359	0.22134	-161.54
0.12417	0.21936	-161.66
0.12474	0.2174	-161.77
0.12531	0.21547	-161.89
0.12589	0.21355	-162
0.12647	0.21167	-162.12
0.12706	0.2098	-162.23
0.12764	0.20795	-162.35
0.12823	0.20613	-162.46
0.12882	0.20432	-162.57
0.12942	0.20254	-162.68
0.13002	0.20077	-162.79
0.13062	0.19903	-162.9
0.13122	0.19731	-163
0.13183	0.19561	-163.11
0.13243	0.19392	-163.22
0.13305	0.19226	-163.32
0.13366	0.19062	-163.43
0.13428	0.18899	-163.53
0.1349	0.18738	-163.63
0.13552	0.18579	-163.74
0.13614	0.18422	-163.84
0.13677	0.18267	-163.94
0.1374	0.18114	-164.04
0.13804	0.17962	-164.14
0.13868	0.17812	-164.24
0.13932	0.17664	-164.33
0.13996	0.17517	-164.43
0.1406	0.17372	-164.53
0.14125	0.17229	-164.62
0.14191	0.17087	-164.72
0.14256	0.16947	-164.82
0.14322	0.16809	-164.91
0.14388	0.16672	-165
0.14454	0.16537	-165.1
0.14521	0.16403	-165.19
0.14588	0.16271	-165.28
0.14655	0.1614	-165.37
0.14723	0.16011	-165.46
0.14791	0.15884	-165.55
0.14859	0.15757	-165.64
0.14928	0.15633	-165.73
0.14997	0.15509	-165.82
0.15066	0.15388	-165.9
0.15136	0.15267	-165.99
0.15205	0.15148	-166.08
0.15276	0.1503	-166.16
0.15346	0.14914	-166.25
0.15417	0.14799	-166.33
0.15488	0.14685	-166.42
0.1556	0.14573	-166.5
0.15631	0.14462	-166.58
0.15704	0.14352	-166.67
0.15776	0.14243	-166.75
0.15849	0.14136	-166.83
0.15922	0.1403	-166.91
0.15996	0.13925	-166.99
0.16069	0.13821	-167.07
0.16144	0.13719	-167.15
0.16218	0.13618	-167.23
0.16293	0.13518	-167.31
0.16368	0.13419	-167.39
0.16444	0.13321	-167.47
0.1652	0.13225	-167.54
0.16596	0.13129	-167.62
0.16672	0.13035	-167.7
0.16749	0.12942	-167.77
0.16827	0.1285	-167.85
0.16904	0.12759	-167.93
0.16982	0.12669	-168
0.17061	0.12581	-168.07
0.1714	0.12493	-168.15
0.17219	0.12406	-168.22
0.17298	0.12321	-168.29
0.17378	0.12236	-168.37
0.17458	0.12152	-168.44
0.17539	0.1207	-168.51
0.1762	0.11988	-168.58
0.17701	0.11908	-168.65
0.17783	0.11828	-168.73
0.17865	0.1175	-168.8
0.17947	0.11672	-168.87
0.1803	0.11596	-168.94
0.18113	0.1152	-169.01
0.18197	0.11445	-169.07
0.18281	0.11372	-169.14
0.18365	0.11299	-169.21
0.1845	0.11227	-169.28
0.18535	0.11156	-169.35
0.18621	0.11086	-169.41
0.18707	0.11017	-169.48
0.18793	0.10948	-169.55
0.1888	0.10881	-169.61
0.18967	0.10815	-169.68
0.19055	0.10749	-169.75
0.19143	0.10684	-169.81
0.19231	0.1062	-169.88
0.1932	0.10558	-169.94
0.19409	0.10495	-170.01
0.19498	0.10434	-170.07
0.19588	0.10374	-170.13
0.19679	0.10314	-170.2
0.1977	0.10255	-170.26
0.19861	0.10197	-170.32
0.19953	0.1014	-170.39
0.20045	0.10084	-170.45
0.20137	0.10029	-170.51
0.2023	0.099741	-170.57
0.20324	0.099203	-170.63
0.20417	0.098673	-170.7
0.20512	0.098151	-170.76
0.20606	0.097636	-170.82
0.20701	0.09713	-170.88
0.20797	0.096632	-170.94
0.20893	0.096142	-171
0.20989	0.09566	-171.06
0.21086	0.095185	-171.12
0.21184	0.094718	-171.18
0.21281	0.094259	-171.24
0.2138	0.093808	-171.29
0.21478	0.093365	-171.35
0.21577	0.092929	-171.41
0.21677	0.092501	-171.47
0.21777	0.092081	-171.53
0.21878	0.091668	-171.59
0.21979	0.091264	-171.64
0.2208	0.090867	-171.7
0.22182	0.090477	-171.76
0.22284	0.090095	-171.82
0.22387	0.089721	-171.87
0.22491	0.089355	-171.93
0.22594	0.088996	-171.99
0.22699	0.088645	-172.04
0.22803	0.088302	-172.1
0.22909	0.087966	-172.15
0.23014	0.087638	-172.21
0.23121	0.087318	-172.27
0.23227	0.087006	-172.32
0.23335	0.086701	-172.38
0.23442	0.086404	-172.43
0.2355	0.086116	-172.49
0.23659	0.085834	-172.54
0.23768	0.085561	-172.6
0.23878	0.085296	-172.65
0.23988	0.085039	-172.71
0.24099	0.08479	-172.76
0.2421	0.084549	-172.81
0.24322	0.084316	-172.87
0.24434	0.084091	-172.92
0.24547	0.083875	-172.98
0.2466	0.083667	-173.03
0.24774	0.083467	-173.08
0.24889	0.083276	-173.14
0.25003	0.083093	-173.19
0.25119	0.082919	-173.25
0.25235	0.082754	-173.3
0.25351	0.082597	-173.35
0.25468	0.082449	-173.41
0.25586	0.082311	-173.46
0.25704	0.082181	-173.51
0.25823	0.082061	-173.57
0.25942	0.081951	-173.62
0.26062	0.081849	-173.67
0.26182	0.081758	-173.72
0.26303	0.081676	-173.78
0.26424	0.081604	-173.83
0.26546	0.081543	-173.88
0.26669	0.081492	-173.94
0.26792	0.081451	-173.99
0.26915	0.081421	-174.04
0.2704	0.081402	-174.1
0.27164	0.081394	-174.15
0.2729	0.081398	-174.2
0.27416	0.081413	-174.26
0.27542	0.08144	-174.31
0.27669	0.08148	-174.36
0.27797	0.081532	-174.42
0.27925	0.081596	-174.47
0.28054	0.081675	-174.53
0.28184	0.081766	-174.58
0.28314	0.081872	-174.63
0.28445	0.081992	-174.69
0.28576	0.082127	-174.74
0.28708	0.082277	-174.8
0.2884	0.082443	-174.85
0.28973	0.082626	-174.91
0.29107	0.082826	-174.97
0.29242	0.083045	-175.02
0.29376	0.083281	-175.08
0.29512	0.083538	-175.14
0.29648	0.083816	-175.19
0.29785	0.084115	-175.25
0.29923	0.084438	-175.31
0.30061	0.084787	-175.37
0.302	0.085163	-175.44
0.30339	0.085569	-175.5
0.30479	0.086008	-175.57
0.3062	0.086486	-175.64
0.30761	0.087009	-175.71
0.30903	0.087586	-175.79
0.31046	0.088232	-175.88
0.31189	0.088971	-175.99
0.31333	0.089845	-176.12
0.31477	0.090939	-176.33
0.31623	0.092438	-176.71
0.31769	0.094763	-177.73
0.31915	0.096675	177.98
0.32063	0.083833	178.06
0.32211	0.086052	-177.61
0.32359	0.088531	-176.79
0.32509	0.090236	-176.59
0.32659	0.091604	-176.55
0.3281	0.092821	-176.57
0.32961	0.093974	-176.61
0.33113	0.095105	-176.66
0.33266	0.096242	-176.72
0.3342	0.0974	-176.79
0.33574	0.098592	-176.86
0.33729	0.099825	-176.93
0.33884	0.10111	-177.01
0.34041	0.10245	-177.08
0.34198	0.10385	-177.16
0.34356	0.10532	-177.25
0.34514	0.10686	-177.33
0.34674	0.10849	-177.42
0.34834	0.1102	-177.51
0.34995	0.11201	-177.61
0.35156	0.11392	-177.7
0.35318	0.11594	-177.8
0.35481	0.11808	-177.91
0.35645	0.12035	-178.01
0.3581	0.12276	-178.13
0.35975	0.12533	-178.24
0.36141	0.12806	-178.37
0.36308	0.13098	-178.49
0.36475	0.13409	-178.63
0.36644	0.13743	-178.77
0.36813	0.14101	-178.92
0.36983	0.14486	-179.07
0.37154	0.149	-179.24
0.37325	0.15348	-179.42
0.37497	0.15832	-179.61
0.3767	0.16358	-179.81
0.37844	0.16931	179.98
0.38019	0.17556	179.74
0.38194	0.18241	179.49
0.38371	0.18994	179.22
0.38548	0.19827	178.92
0.38726	0.20751	178.58
0.38905	0.21782	178.22
0.39084	0.22938	177.81
0.39264	0.24245	177.36
0.39446	0.25731	176.84
0.39628	0.27435	176.26
0.39811	0.29407	175.58
0.39994	0.31713	174.79
0.40179	0.34445	173.86
0.40365	0.37726	172.75
0.40551	0.41734	171.38
0.40738	0.46728	169.68
0.40926	0.53099	167.49
0.41115	0.61459	164.58
0.41305	0.72791	160.56
0.41495	0.88682	154.7
0.41687	1.1145	145.62
0.41879	1.4242	130.8
0.42073	1.715	107.41
0.42267	1.6889	79.04
0.42462	1.3747	56.449
0.42658	1.066	42.295
0.42855	0.84313	33.596
0.43053	0.68792	27.951
0.43251	0.57712	24.06
0.43451	0.49522	21.239
0.43652	0.4327	19.11
0.43853	0.38362	17.45
0.44055	0.34419	16.121
0.44259	0.31188	15.035
0.44463	0.28496	14.131
0.44668	0.26222	13.368
0.44875	0.24278	12.715
0.45082	0.22599	12.15
0.4529	0.21134	11.657
0.45499	0.19848	11.222
0.45709	0.1871	10.837
0.4592	0.17697	10.493
0.46132	0.1679	10.184
0.46345	0.15974	9.9049
0.46559	0.15238	9.6515
0.46774	0.14569	9.4203
0.46989	0.13962	9.2085
0.47206	0.13407	9.0136
0.47424	0.12899	8.8335
0.47643	0.12433	8.6665
0.47863	0.12005	8.5109
0.48084	0.1161	8.3654
0.48306	0.11246	8.2288
0.48529	0.1091	8.1
0.48753	0.10599	7.9781
0.48978	0.10311	7.862
0.49204	0.10044	7.7512
0.49431	0.097974	7.6447
0.49659	0.095687	7.542
0.49888	0.09357	7.4423
0.50119	0.09161	7.3452
0.5035	0.089799	7.2499
0.50582	0.088128	7.1559
0.50816	0.086589	7.0627
0.5105	0.085176	6.9698
0.51286	0.083882	6.8766
0.51523	0.082703	6.7827
0.51761	0.081636	6.6874
0.52	0.080675	6.5903
0.5224	0.07982	6.4909
0.52481	0.079067	6.3886
0.52723	0.078415	6.2828
0.52966	0.077864	6.173
0.53211	0.077414	6.0587
0.53456	0.077064	5.939
0.53703	0.076817	5.8134
0.53951	0.076675	5.6811
0.542	0.076641	5.5414
0.5445	0.076719	5.3934
0.54702	0.076914	5.2361
0.54954	0.077232	5.0686
0.55208	0.077682	4.8895
0.55463	0.078273	4.6977
0.55719	0.079017	4.4914
0.55976	0.079927	4.2691
0.56234	0.081022	4.0287
0.56494	0.08232	3.7676
0.56754	0.083848	3.4831
0.57016	0.085637	3.1717
0.5728	0.087724	2.8291
0.57544	0.090156	2.4502
0.5781	0.092992	2.0284
0.58076	0.096309	1.5555
0.58345	0.1002	1.021
0.58614	0.1048	0.41091
0.58884	0.11027	-0.29322
0.59156	0.11683	-1.1167
0.59429	0.12482	-2.0949
0.59704	0.13467	-3.279
0.59979	0.14706	-4.7453
0.60256	0.16301	-6.6131
0.60534	0.18413	-9.0778
0.60814	0.21311	-12.48
0.61094	0.2546	-17.46
0.61376	0.31657	-25.316
0.6166	0.40913	-38.808
0.61944	0.51562	-62.664
0.6223	0.5168	-95.647
0.62517	0.39554	-122.07
0.62806	0.28575	-137.21
0.63096	0.21355	-145.76
0.63387	0.16639	-150.91
0.6368	0.13423	-154.12
0.63973	0.1114	-156.1
0.64269	0.094864	-157.11
0.64565	0.083118	-157.21
0.64863	0.076039	-156.25
0.65163	0.076472	-153.82
0.65464	0.10837	-149.53
0.65766	0.1238	46.835
0.66069	0.01055	61.018
0.66374	0.0018744	-99.992
0.66681	0.0084825	-81.769
0.66988	0.015868	-74.822
0.67298	0.024817	-76.332
0.67608	0.03448	-84.199
0.6792	0.042589	-96.324
0.68234	0.046728	-109.8
0.68549	0.046698	-121.92
0.68865	0.044192	-131.51
0.69183	0.040815	-138.7
0.69502	0.037403	-144.05
0.69823	0.034267	-148.08
0.70146	0.031481	-151.18
0.70469	0.029032	-153.61
0.70795	0.026879	-155.55
0.71121	0.02498	-157.15
0.7145	0.023296	-158.47
0.71779	0.021794	-159.58
0.72111	0.020446	-160.53
0.72444	0.019231	-161.35
0.72778	0.01813	-162.07
0.73114	0.017129	-162.69
0.73451	0.016214	-163.25
0.7379	0.015375	-163.75
0.74131	0.014604	-164.19
0.74473	0.013894	-164.6
0.74817	0.013236	-164.96
0.75162	0.012628	-165.3
0.75509	0.012063	-165.6
0.75858	0.011538	-165.88
0.76208	0.011049	-166.14
0.7656	0.010593	-166.38
0.76913	0.010168	-166.6
0.77268	0.0097714	-166.8
0.77625	0.0094016	-166.99
0.77983	0.0090571	-167.17
0.78343	0.0087371	-167.34
0.78705	0.0084413	-167.5
0.79068	0.0081705	-167.65
0.79433	0.0079271	-167.79
0.79799	0.0077171	-167.93
0.80168	0.0075552	-168.08
0.80538	0.0074817	-168.26
0.8091	0.0076538	-168.58
0.81283	0.0097194	-171.17
0.81658	0.0039821	-171.32
0.82035	0.0052274	-168.74
0.82414	0.0053764	-168.65
0.82794	0.0053505	-168.69
0.83176	0.0052698	-168.76
0.8356	0.0051678	-168.83
0.83946	0.0050577	-168.9
0.84333	0.0049455	-168.98
0.84723	0.0048341	-169.06
0.85114	0.0047251	-169.14
0.85507	0.0046196	-169.22
0.85901	0.004518	-169.31
0.86298	0.0044205	-169.41
0.86696	0.0043272	-169.51
0.87096	0.0042383	-169.62
0.87498	0.0041536	-169.74
0.87902	0.004073	-169.87
0.88308	0.0039965	-170.02
0.88716	0.0039238	-170.18
0.89125	0.0038548	-170.36
0.89536	0.0037894	-170.57
0.8995	0.0037272	-170.79
0.90365	0.0036681	-171.04
0.90782	0.0036118	-171.32
0.91201	0.0035581	-171.63
0.91622	0.0035066	-171.97
0.92045	0.0034572	-172.34
0.9247	0.0034094	-172.74
0.92897	0.003363	-173.18
0.93325	0.0033178	-173.64
0.93756	0.0032735	-174.12
0.94189	0.0032298	-174.63
0.94624	0.0031867	-175.16
0.9506	0.003144	-175.7
0.95499	0.0031016	-176.25
0.9594	0.0030597	-176.8
0.96383	0.0030182	-177.35
0.96828	0.0029772	-177.89
0.97275	0.0029371	-178.42
0.97724	0.002898	-178.93
0.98175	0.00286	-179.42
0.98628	0.0028236	-179.88
0.99083	0.0027888	179.68
0.99541	0.0027561	179.27
1	0.0027255	178.88
1.0046	0.0026973	178.52
1.0093	0.0026718	178.19
1.0139	0.002649	177.88
1.0186	0.0026293	177.59
1.0233	0.0026127	177.32
1.028	0.0025994	177.07
1.0328	0.0025896	176.83
1.0375	0.0025835	176.61
1.0423	0.0025813	176.39
1.0471	0.0025832	176.18
1.052	0.0025894	175.98
1.0568	0.0026004	175.79
1.0617	0.0026163	175.59
1.0666	0.0026377	175.39
1.0715	0.0026651	175.19
1.0765	0.002699	174.98
1.0814	0.0027402	174.76
1.0864	0.0027896	174.54
1.0914	0.0028482	174.29
1.0965	0.0029176	174.03
1.1015	0.0029993	173.75
1.1066	0.0030955	173.44
1.1117	0.0032089	173.1
1.1169	0.0033432	172.72
1.122	0.0035031	172.29
1.1272	0.0036949	171.8
1.1324	0.0039275	171.23
1.1376	0.0042134	170.57
1.1429	0.004571	169.76
1.1482	0.0050283	168.78
1.1535	0.0056305	167.53
1.1588	0.0064552	165.89
1.1641	0.0076462	163.59
1.1695	0.0095031	160.1
1.1749	0.012747	154.08
1.1803	0.019435	141.15
1.1858	0.03281	103.62
1.1912	0.0258	42.389
1.1967	0.013994	17.508
1.2023	0.0087832	7.7047
1.2078	0.0060374	2.3287
1.2134	0.0042996	-1.2431
1.219	0.003013	-3.4441
1.2246	0.0019028	-1.8609
1.2303	0.00096491	26.119
1.2359	0.0016761	81.924
1.2417	0.0032129	68.127
1.2474	0.0035928	45.075
1.2531	0.0032652	30.587
1.2589	0.0028695	22.324
1.2647	0.002537	17.246
1.2706	0.0022696	13.849
1.2764	0.0020532	11.411
1.2823	0.0018753	9.5634
1.2882	0.0017269	8.1001
1.2942	0.0016015	6.8987
1.3002	0.0014944	5.8821
1.3062	0.0014023	4.9989
1.3122	0.0013226	4.2133
1.3183	0.0012533	3.4997
1.3243	0.001193	2.8385
1.3305	0.0011405	2.2144
1.3366	0.0010949	1.615
1.3428	0.0010555	1.0295
1.349	0.0010218	0.44817
1.3552	0.00099334	-0.13823
1.3614	0.00096991	-0.739
1.3677	0.00095135	-1.364
1.374	0.00093763	-2.0242
1.3804	0.00092888	-2.7322
1.3868	0.00092535	-3.5036
1.3932	0.00092748	-4.3573
1.3996	0.00093597	-5.3183
1.406	0.00095182	-6.4194
1.4125	0.00097648	-7.7057
1.4191	0.0010121	-9.241
1.4256	0.0010617	-11.119
1.4322	0.0011299	-13.481
1.4388	0.0012238	-16.554
1.4454	0.0013539	-20.716
1.4521	0.0015361	-26.627
1.4588	0.0017891	-35.486
1.4655	0.0021102	-49.343
1.4723	0.0023734	-70.432
1.4791	0.0022731	-96.474
1.4859	0.0018232	-118.93
1.4928	0.0013674	-134.02
1.4997	0.0010316	-143.63
1.5066	0.00079824	-149.96
1.5136	0.00063364	-154.36
1.5205	0.00051405	-157.57
1.5276	0.00042455	-159.99
1.5346	0.00035579	-161.9
1.5417	0.00030178	-163.42
1.5488	0.00025855	-164.68
1.556	0.0002234	-165.73
1.5631	0.00019444	-166.62
1.5704	0.00017029	-167.39
1.5776	0.00014996	-168.05
1.5849	0.0001327	-168.64
1.5922	0.00011792	-169.16
1.5996	0.00010519	-169.62
1.6069	9.4161e-05	-170.04
1.6144	8.4547e-05	-170.42
1.6218	7.6128e-05	-170.76
1.6293	6.8724e-05	-171.07
1.6368	6.2186e-05	-171.36
1.6444	5.6393e-05	-171.63
1.652	5.1242e-05	-171.87
1.6596	4.6648e-05	-172.1
1.6672	4.2539e-05	-172.31
1.6749	3.8855e-05	-172.51
1.6827	3.5544e-05	-172.7
1.6904	3.2561e-05	-172.87
1.6982	2.9867e-05	-173.04
1.7061	2.7431e-05	-173.19
1.714	2.5224e-05	-173.34
1.7219	2.3219e-05	-173.48
1.7298	2.1397e-05	-173.61
1.7378	1.9738e-05	-173.73
1.7458	1.8224e-05	-173.85
1.7539	1.6842e-05	-173.97
1.762	1.5578e-05	-174.07
1.7701	1.4421e-05	-174.18
1.7783	1.336e-05	-174.28
1.7865	1.2386e-05	-174.37
1.7947	1.1492e-05	-174.46
1.803	1.067e-05	-174.55
1.8113	9.9128e-06	-174.64
1.8197	9.2154e-06	-174.72
1.8281	8.5723e-06	-174.79
1.8365	7.9787e-06	-174.87
1.845	7.4304e-06	-174.94
1.8535	6.9235e-06	-175.01
1.8621	6.4546e-06	-175.08
1.8707	6.0205e-06	-175.15
1.8793	5.6184e-06	-175.21
1.888	5.2455e-06	-175.27
1.8967	4.8997e-06	-175.33
1.9055	4.5787e-06	-175.39
1.9143	4.2805e-06	-175.45
1.9231	4.0034e-06	-175.5
1.932	3.7457e-06	-175.56
1.9409	3.506e-06	-175.61
1.9498	3.2828e-06	-175.66
1.9588	3.075e-06	-175.71
1.9679	2.8814e-06	-175.75
1.977	2.7009e-06	-175.8
1.9861	2.5325e-06	-175.85
1.9953	2.3754e-06	-175.89
2.0045	2.2288e-06	-175.93
2.0137	2.0918e-06	-175.98
2.023	1.9639e-06	-176.02
2.0324	1.8443e-06	-176.06
2.0417	1.7325e-06	-176.1
2.0512	1.6279e-06	-176.14
2.0606	1.53e-06	-176.17
2.0701	1.4385e-06	-176.21
2.0797	1.3527e-06	-176.25
2.0893	1.2724e-06	-176.28
2.0989	1.1971e-06	-176.32
2.1086	1.1265e-06	-176.35
2.1184	1.0604e-06	-176.39
2.1281	9.9837e-07	-176.42
2.138	9.4017e-07	-176.45
2.1478	8.8556e-07	-176.48
2.1577	8.343e-07	-176.51
2.1677	7.8617e-07	-176.54
2.1777	7.4097e-07	-176.57
2.1878	6.985e-07	-176.6
2.1979	6.586e-07	-176.63
2.208	6.2109e-07	-176.66
2.2182	5.8583e-07	-176.69
2.2284	5.5267e-07	-176.72
2.2387	5.2148e-07	-176.74
2.2491	4.9214e-07	-176.77
2.2594	4.6453e-07	-176.79
2.2699	4.3854e-07	-176.82
2.2803	4.1407e-07	-176.85
2.2909	3.9103e-07	-176.87
2.3014	3.6933e-07	-176.89
2.3121	3.4889e-07	-176.92
2.3227	3.2963e-07	-176.94
2.3335	3.1148e-07	-176.97
2.3442	2.9437e-07	-176.99
2.355	2.7825e-07	-177.01
2.3659	2.6304e-07	-177.03
2.3768	2.487e-07	-177.06
2.3878	2.3517e-07	-177.08
2.3988	2.2241e-07	-177.1
2.4099	2.1036e-07	-177.12
2.421	1.99e-07	-177.14
2.4322	1.8827e-07	-177.16
2.4434	1.7814e-07	-177.18
2.4547	1.6858e-07	-177.2
2.466	1.5955e-07	-177.22
2.4774	1.5103e-07	-177.24
2.4889	1.4297e-07	-177.26
2.5003	1.3536e-07	-177.28
2.5119	1.2817e-07	-177.3
2.5235	1.2137e-07	-177.32
2.5351	1.1495e-07	-177.34
2.5468	1.0888e-07	-177.35
2.5586	1.0314e-07	-177.37
2.5704	9.7709e-08	-177.39
2.5823	9.2576e-08	-177.41
2.5942	8.7722e-08	-177.43
2.6062	8.313e-08	-177.44
2.6182	7.8786e-08	-177.46
2.6303	7.4677e-08	-177.48
2.6424	7.0788e-08	-177.49
2.6546	6.7108e-08	-177.51
2.6669	6.3625e-08	-177.53
2.6792	6.0328e-08	-177.54
2.6915	5.7207e-08	-177.56
2.704	5.4252e-08	-177.57
2.7164	5.1454e-08	-177.59
2.729	4.8804e-08	-177.6
2.7416	4.6295e-08	-177.62
2.7542	4.3918e-08	-177.63
2.7669	4.1666e-08	-177.65
2.7797	3.9533e-08	-177.66
2.7925	3.7513e-08	-177.68
2.8054	3.5598e-08	-177.69
2.8184	3.3783e-08	-177.71
2.8314	3.2064e-08	-177.72
2.8445	3.0434e-08	-177.74
2.8576	2.8889e-08	-177.75
2.8708	2.7424e-08	-177.76
2.884	2.6035e-08	-177.78
2.8973	2.4719e-08	-177.79
2.9107	2.3471e-08	-177.8
2.9242	2.2287e-08	-177.82
2.9376	2.1164e-08	-177.83
2.9512	2.0099e-08	-177.84
2.9648	1.9089e-08	-177.86
2.9785	1.8131e-08	-177.87
2.9923	1.7222e-08	-177.88
3.0061	1.6359e-08	-177.89
3.02	1.5541e-08	-177.91
3.0339	1.4765e-08	-177.92
3.0479	1.4028e-08	-177.93
3.062	1.3328e-08	-177.94
3.0761	1.2665e-08	-177.96
3.0903	1.2035e-08	-177.97
3.1046	1.1437e-08	-177.98
3.1189	1.0869e-08	-177.99
3.1333	1.033e-08	-178
3.1477	9.8183e-09	-178.01
3.1623	9.3324e-09	-178.03
3.1769	8.8711e-09	-178.04
3.1915	8.433e-09	-178.05
3.2063	8.0169e-09	-178.06
3.2211	7.6217e-09	-178.07
3.2359	7.2464e-09	-178.08
3.2509	6.8899e-09	-178.09
3.2659	6.5512e-09	-178.1
3.281	6.2295e-09	-178.11
3.2961	5.9239e-09	-178.12
3.3113	5.6335e-09	-178.13
3.3266	5.3576e-09	-178.14
3.342	5.0955e-09	-178.16
3.3574	4.8463e-09	-178.17
3.3729	4.6096e-09	-178.18
3.3884	4.3846e-09	-178.19
3.4041	4.1708e-09	-178.2
3.4198	3.9676e-09	-178.21
3.4356	3.7744e-09	-178.22
3.4514	3.5908e-09	-178.23
3.4674	3.4163e-09	-178.24
3.4834	3.2504e-09	-178.25
3.4995	3.0926e-09	-178.25
3.5156	2.9427e-09	-178.26
3.5318	2.8001e-09	-178.27
3.5481	2.6645e-09	-178.28
3.5645	2.5356e-09	-178.29
3.581	2.413e-09	-178.3
3.5975	2.2964e-09	-178.31
3.6141	2.1855e-09	-178.32
3.6308	2.0801e-09	-178.33
3.6475	1.9798e-09	-178.34
3.6644	1.8844e-09	-178.35
3.6813	1.7937e-09	-178.36
3.6983	1.7074e-09	-178.36
3.7154	1.6253e-09	-178.37
3.7325	1.5472e-09	-178.38
3.7497	1.473e-09	-178.39
3.767	1.4023e-09	-178.4
3.7844	1.335e-09	-178.41
3.8019	1.2711e-09	-178.42
3.8194	1.2102e-09	-178.42
3.8371	1.1523e-09	-178.43
3.8548	1.0971e-09	-178.44
3.8726	1.0447e-09	-178.45
3.8905	9.9479e-10	-178.46
3.9084	9.4729e-10	-178.47
3.9264	9.0209e-10	-178.47
3.9446	8.5907e-10	-178.48
3.9628	8.1812e-10	-178.49
3.9811	7.7915e-10	-178.5
3.9994	7.4205e-10	-178.51
4.0179	7.0674e-10	-178.51
4.0365	6.7313e-10	-178.52
4.0551	6.4113e-10	-178.53
4.0738	6.1068e-10	-178.54
4.0926	5.8168e-10	-178.54
4.1115	5.5408e-10	-178.55
4.1305	5.2779e-10	-178.56
4.1495	5.0277e-10	-178.57
4.1687	4.7895e-10	-178.57
4.1879	4.5626e-10	-178.58
4.2073	4.3466e-10	-178.59
4.2267	4.141e-10	-178.6
4.2462	3.9451e-10	-178.6
4.2658	3.7586e-10	-178.61
4.2855	3.5811e-10	-178.62
4.3053	3.4119e-10	-178.62
4.3251	3.2509e-10	-178.63
4.3451	3.0975e-10	-178.64
4.3652	2.9514e-10	-178.65
4.3853	2.8122e-10	-178.65
4.4055	2.6797e-10	-178.66
4.4259	2.5535e-10	-178.67
4.4463	2.4332e-10	-178.67
4.4668	2.3187e-10	-178.68
4.4875	2.2096e-10	-178.69
4.5082	2.1057e-10	-178.69
4.529	2.0066e-10	-178.7
4.5499	1.9123e-10	-178.71
4.5709	1.8225e-10	-178.71
4.592	1.7368e-10	-178.72
4.6132	1.6553e-10	-178.73
4.6345	1.5776e-10	-178.73
4.6559	1.5035e-10	-178.74
4.6774	1.4329e-10	-178.74
4.6989	1.3657e-10	-178.75
4.7206	1.3016e-10	-178.76
4.7424	1.2404e-10	-178.76
4.7643	1.1822e-10	-178.77
4.7863	1.1266e-10	-178.77
4.8084	1.0736e-10	-178.78
4.8306	1.023e-10	-178.79
4.8529	9.7457e-11	-178.79
4.8753	9.2815e-11	-178.8
4.8978	8.8333e-11	-178.8
4.9204	8.3903e-11	-178.79
4.9431	7.8911e-11	-178.69
4.9659	8.1841e-11	-177.94
4.9888	7.445e-11	-178.79
5.0119	7.0556e-11	-178.82
5.035	6.7113e-11	-178.83
5.0582	6.3908e-11	-178.84
5.0816	6.0887e-11	-178.85
5.105	5.8023e-11	-178.86
5.1286	5.5303e-11	-178.86
5.1523	5.2716e-11	-178.87
5.1761	5.0254e-11	-178.87
5.2	4.791e-11	-178.88
5.224	4.5677e-11	-178.89
5.2481	4.355e-11	-178.89
5.2723	4.1524e-11	-178.9
5.2966	3.9593e-11	-178.9
5.3211	3.7753e-11	-178.91
5.3456	3.5999e-11	-178.91
5.3703	3.4327e-11	-178.92
5.3951	3.2734e-11	-178.92
5.42	3.1215e-11	-178.93
5.445	2.9768e-11	-178.93
5.4702	2.8388e-11	-178.94
5.4954	2.7072e-11	-178.94
5.5208	2.5818e-11	-178.95
5.5463	2.4622e-11	-178.95
5.5719	2.3482e-11	-178.96
5.5976	2.2395e-11	-178.97
5.6234	2.1359e-11	-178.97
5.6494	2.0371e-11	-178.98
5.6754	1.9429e-11	-178.98
5.7016	1.8531e-11	-178.99
5.728	1.7674e-11	-178.99
5.7544	1.6858e-11	-178.99
5.781	1.6079e-11	-179
5.8076	1.5336e-11	-179
5.8345	1.4628e-11	-179.01
5.8614	1.3953e-11	-179.01
5.8884	1.3309e-11	-179.02
5.9156	1.2695e-11	-179.02
5.9429	1.211e-11	-179.03
5.9704	1.1551e-11	-179.03
5.9979	1.1019e-11	-179.04
6.0256	1.0511e-11	-179.04
6.0534	1.0027e-11	-179.05
6.0814	9.5648e-12	-179.05
6.1094	9.1243e-12	-179.06
6.1376	8.7041e-12	-179.06
6.166	8.3034e-12	-179.07
6.1944	7.9212e-12	-179.07
6.223	7.5567e-12	-179.07
6.2517	7.2091e-12	-179.08
6.2806	6.8775e-12	-179.08
6.3096	6.5612e-12	-179.09
6.3387	6.2595e-12	-179.09
6.368	5.9718e-12	-179.1
6.3973	5.6973e-12	-179.1
6.4269	5.4355e-12	-179.11
6.4565	5.1858e-12	-179.11
6.4863	4.9476e-12	-179.11
6.5163	4.7204e-12	-179.12
6.5464	4.5037e-12	-179.12
6.5766	4.2969e-12	-179.13
6.6069	4.0997e-12	-179.13
6.6374	3.9116e-12	-179.13
6.6681	3.7321e-12	-179.14
6.6988	3.5609e-12	-179.14
6.7298	3.3976e-12	-179.15
6.7608	3.2418e-12	-179.15
6.792	3.0932e-12	-179.16
6.8234	2.9514e-12	-179.16
6.8549	2.8162e-12	-179.16
6.8865	2.6871e-12	-179.17
6.9183	2.564e-12	-179.17
6.9502	2.4466e-12	-179.18
6.9823	2.3345e-12	-179.18
7.0146	2.2276e-12	-179.18
7.0469	2.1256e-12	-179.19
7.0795	2.0283e-12	-179.19
7.1121	1.9355e-12	-179.19
7.145	1.8469e-12	-179.2
7.1779	1.7624e-12	-179.2
7.2111	1.6818e-12	-179.21
7.2444	1.6048e-12	-179.21
7.2778	1.5315e-12	-179.21
7.3114	1.4614e-12	-179.22
7.3451	1.3946e-12	-179.22
7.379	1.3309e-12	-179.22
7.4131	1.27e-12	-179.23
7.4473	1.212e-12	-179.23
7.4817	1.1566e-12	-179.24
7.5162	1.1038e-12	-179.24
7.5509	1.0533e-12	-179.24
7.5858	1.0052e-12	-179.25
7.6208	9.5933e-13	-179.25
7.656	9.1552e-13	-179.25
7.6913	8.7373e-13	-179.26
7.7268	8.3384e-13	-179.26
7.7625	7.9578e-13	-179.26
7.7983	7.5946e-13	-179.27
7.8343	7.2481e-13	-179.27
7.8705	6.9174e-13	-179.27
7.9068	6.6018e-13	-179.28
7.9433	6.3007e-13	-179.28
7.9799	6.0133e-13	-179.28
8.0168	5.7391e-13	-179.29
8.0538	5.4774e-13	-179.29
8.091	5.2277e-13	-179.29
8.1283	4.9894e-13	-179.3
8.1658	4.762e-13	-179.3
8.2035	4.545e-13	-179.3
8.2414	4.3379e-13	-179.31
8.2794	4.1402e-13	-179.31
8.3176	3.9516e-13	-179.31
8.356	3.7716e-13	-179.32
8.3946	3.5998e-13	-179.32
8.4333	3.4358e-13	-179.32
8.4723	3.2794e-13	-179.33
8.5114	3.1301e-13	-179.33
8.5507	2.9875e-13	-179.33
8.5901	2.8515e-13	-179.34
8.6298	2.7217e-13	-179.34
8.6696	2.5979e-13	-179.34
8.7096	2.4796e-13	-179.35
8.7498	2.3668e-13	-179.35
8.7902	2.2591e-13	-179.35
8.8308	2.1563e-13	-179.36
8.8716	2.0582e-13	-179.36
8.9125	1.9646e-13	-179.36
8.9536	1.8753e-13	-179.36
8.995	1.79e-13	-179.37
9.0365	1.7086e-13	-179.37
9.0782	1.6309e-13	-179.37
9.1201	1.5568e-13	-179.38
9.1622	1.486e-13	-179.38
9.2045	1.4184e-13	-179.38
9.247	1.354e-13	-179.38
9.2897	1.2924e-13	-179.39
9.3325	1.2337e-13	-179.39
9.3756	1.1776e-13	-179.39
9.4189	1.1241e-13	-179.4
9.4624	1.0731e-13	-179.4
9.506	1.0243e-13	-179.4
9.5499	9.778e-14	-179.4
9.594	9.3339e-14	-179.41
9.6383	8.91e-14	-179.41
9.6828	8.5054e-14	-179.41
9.7275	8.1192e-14	-179.42
9.7724	7.7505e-14	-179.42
9.8175	7.3986e-14	-179.42
9.8628	7.0628e-14	-179.42
9.9083	6.7422e-14	-179.43
9.9541	6.4361e-14	-179.43
10	6.144e-14	-179.43
10.046	5.8652e-14	-179.43
10.093	5.5991e-14	-179.44
10.139	5.345e-14	-179.44
10.186	5.1025e-14	-179.44
10.233	4.871e-14	-179.45
10.28	4.65e-14	-179.45
10.328	4.4391e-14	-179.45
10.375	4.2377e-14	-179.45
10.423	4.0455e-14	-179.46
10.471	3.8621e-14	-179.46
10.52	3.6869e-14	-179.46
10.568	3.5197e-14	-179.46
10.617	3.3601e-14	-179.47
10.666	3.2078e-14	-179.47
10.715	3.0624e-14	-179.47
10.765	2.9235e-14	-179.47
10.814	2.791e-14	-179.48
10.864	2.6645e-14	-179.48
10.914	2.5437e-14	-179.48
10.965	2.4285e-14	-179.48
11.015	2.3184e-14	-179.48
11.066	2.2133e-14	-179.49
11.117	2.1131e-14	-179.49
11.169	2.0173e-14	-179.49
11.22	1.9259e-14	-179.49
11.272	1.8387e-14	-179.5
11.324	1.7554e-14	-179.5
11.376	1.6759e-14	-179.5
11.429	1.5999e-14	-179.5
11.482	1.5275e-14	-179.51
11.535	1.4583e-14	-179.51
11.588	1.3923e-14	-179.51
11.641	1.3292e-14	-179.51
11.695	1.269e-14	-179.52
11.749	1.2116e-14	-179.52
11.803	1.1567e-14	-179.52
11.858	1.1043e-14	-179.52
11.912	1.0543e-14	-179.52
11.967	1.0066e-14	-179.53
12.023	9.6104e-15	-179.53
12.078	9.1754e-15	-179.53
12.134	8.7601e-15	-179.53
12.19	8.3636e-15	-179.54
12.246	7.985e-15	-179.54
12.303	7.6237e-15	-179.54
12.359	7.2787e-15	-179.54
12.417	6.9493e-15	-179.54
12.474	6.6349e-15	-179.55
12.531	6.3347e-15	-179.55
12.589	6.0481e-15	-179.55
12.647	5.7744e-15	-179.55
12.706	5.5132e-15	-179.55
12.764	5.2638e-15	-179.56
12.823	5.0257e-15	-179.56
12.882	4.7983e-15	-179.56
12.942	4.5813e-15	-179.56
13.002	4.3741e-15	-179.56
13.062	4.1763e-15	-179.57
13.122	3.9874e-15	-179.57
13.183	3.8071e-15	-179.57
13.243	3.6349e-15	-179.57
13.305	3.4705e-15	-179.57
13.366	3.3136e-15	-179.58
13.428	3.1638e-15	-179.58
13.49	3.0207e-15	-179.58
13.552	2.8842e-15	-179.58
13.614	2.7538e-15	-179.58
13.677	2.6293e-15	-179.59
13.74	2.5104e-15	-179.59
13.804	2.3969e-15	-179.59
13.868	2.2886e-15	-179.59
13.932	2.1851e-15	-179.59
13.996	2.0864e-15	-179.6
14.06	1.9921e-15	-179.6
14.125	1.9021e-15	-179.6
14.191	1.8161e-15	-179.6
14.256	1.734e-15	-179.6
14.322	1.6557e-15	-179.6
14.388	1.5808e-15	-179.61
14.454	1.5094e-15	-179.61
14.521	1.4412e-15	-179.61
14.588	1.3761e-15	-179.61
14.655	1.3139e-15	-179.61
14.723	1.2546e-15	-179.62
14.791	1.1979e-15	-179.62
14.859	1.1438e-15	-179.62
14.928	1.0921e-15	-179.62
14.997	1.0428e-15	-179.62
15.066	9.9565e-16	-179.62
15.136	9.5067e-16	-179.63
15.205	9.0773e-16	-179.63
15.276	8.6673e-16	-179.63
15.346	8.2759e-16	-179.63
15.417	7.9021e-16	-179.63
15.488	7.5452e-16	-179.63
15.56	7.2044e-16	-179.64
15.631	6.8791e-16	-179.64
15.704	6.5684e-16	-179.64
15.776	6.2718e-16	-179.64
15.849	5.9886e-16	-179.64
15.922	5.7182e-16	-179.64
15.996	5.46e-16	-179.65
16.069	5.2135e-16	-179.65
16.144	4.9781e-16	-179.65
16.218	4.7533e-16	-179.65
16.293	4.5387e-16	-179.65
16.368	4.3338e-16	-179.65
16.444	4.1382e-16	-179.66
16.52	3.9513e-16	-179.66
16.596	3.773e-16	-179.66
16.672	3.6026e-16	-179.66
16.749	3.44e-16	-179.66
16.827	3.2847e-16	-179.66
16.904	3.1365e-16	-179.66
16.982	2.9949e-16	-179.67
17.061	2.8597e-16	-179.67
17.14	2.7307e-16	-179.67
17.219	2.6074e-16	-179.67
17.298	2.4897e-16	-179.67
17.378	2.3774e-16	-179.67
17.458	2.2701e-16	-179.68
17.539	2.1676e-16	-179.68
17.62	2.0698e-16	-179.68
17.701	1.9764e-16	-179.68
17.783	1.8872e-16	-179.68
17.865	1.8021e-16	-179.68
17.947	1.7207e-16	-179.68
18.03	1.6431e-16	-179.69
18.113	1.569e-16	-179.69
18.197	1.4982e-16	-179.69
18.281	1.4306e-16	-179.69
18.365	1.366e-16	-179.69
18.45	1.3044e-16	-179.69
18.535	1.2456e-16	-179.69
18.621	1.1894e-16	-179.7
18.707	1.1357e-16	-179.7
18.793	1.0845e-16	-179.7
18.88	1.0355e-16	-179.7
18.967	9.8883e-17	-179.7
19.055	9.4423e-17	-179.7
19.143	9.0163e-17	-179.7
19.231	8.6096e-17	-179.71
19.32	8.2213e-17	-179.71
19.409	7.8504e-17	-179.71
19.498	7.4963e-17	-179.71
19.588	7.1582e-17	-179.71
19.679	6.8354e-17	-179.71
19.77	6.5271e-17	-179.71
19.861	6.2327e-17	-179.71
19.953	5.9516e-17	-179.72
20.045	5.6832e-17	-179.72
20.137	5.4269e-17	-179.72
20.23	5.1821e-17	-179.72
20.324	4.9484e-17	-179.72
20.417	4.7253e-17	-179.72
20.512	4.5122e-17	-179.72
20.606	4.3087e-17	-179.72
20.701	4.1144e-17	-179.73
20.797	3.9289e-17	-179.73
20.893	3.7517e-17	-179.73
20.989	3.5825e-17	-179.73
21.086	3.421e-17	-179.73
21.184	3.2667e-17	-179.73
21.281	3.1194e-17	-179.73
21.38	2.9788e-17	-179.73
21.478	2.8445e-17	-179.74
21.577	2.7162e-17	-179.74
21.677	2.5938e-17	-179.74
21.777	2.4768e-17	-179.74
21.878	2.3652e-17	-179.74
21.979	2.2585e-17	-179.74
22.08	2.1567e-17	-179.74
22.182	2.0595e-17	-179.74
22.284	1.9666e-17	-179.74
22.387	1.878e-17	-179.75
22.491	1.7933e-17	-179.75
22.594	1.7125e-17	-179.75
22.699	1.6353e-17	-179.75
22.803	1.5616e-17	-179.75
22.909	1.4912e-17	-179.75
23.014	1.4239e-17	-179.75
23.121	1.3598e-17	-179.75
23.227	1.2985e-17	-179.76
23.335	1.2399e-17	-179.76
23.442	1.184e-17	-179.76
23.55	1.1307e-17	-179.76
23.659	1.0797e-17	-179.76
23.768	1.031e-17	-179.76
23.878	9.8458e-18	-179.76
23.988	9.402e-18	-179.76
24.099	8.9782e-18	-179.76
24.21	8.5736e-18	-179.76
24.322	8.1872e-18	-179.77
24.434	7.8182e-18	-179.77
24.547	7.4658e-18	-179.77
24.66	7.1294e-18	-179.77
24.774	6.8081e-18	-179.77
24.889	6.5012e-18	-179.77
25.003	6.2082e-18	-179.77
25.119	5.9285e-18	-179.77
25.235	5.6613e-18	-179.77
25.351	5.4062e-18	-179.78
25.468	5.1625e-18	-179.78
25.586	4.9299e-18	-179.78
25.704	4.7077e-18	-179.78
25.823	4.4956e-18	-179.78
25.942	4.293e-18	-179.78
26.062	4.0996e-18	-179.78
26.182	3.9148e-18	-179.78
26.303	3.7384e-18	-179.78
26.424	3.57e-18	-179.78
26.546	3.4091e-18	-179.78
26.669	3.2555e-18	-179.79
26.792	3.1088e-18	-179.79
26.915	2.9687e-18	-179.79
27.04	2.835e-18	-179.79
27.164	2.7072e-18	-179.79
27.29	2.5853e-18	-179.79
27.416	2.4688e-18	-179.79
27.542	2.3575e-18	-179.79
27.669	2.2513e-18	-179.79
27.797	2.1499e-18	-179.79
27.925	2.053e-18	-179.79
28.054	1.9605e-18	-179.8
28.184	1.8722e-18	-179.8
28.314	1.7879e-18	-179.8
28.445	1.7073e-18	-179.8
28.576	1.6304e-18	-179.8
28.708	1.5569e-18	-179.8
28.84	1.4868e-18	-179.8
28.973	1.4198e-18	-179.8
29.107	1.3558e-18	-179.8
29.242	1.2948e-18	-179.8
29.376	1.2364e-18	-179.8
29.512	1.1807e-18	-179.81
29.648	1.1275e-18	-179.81
29.785	1.0768e-18	-179.81
29.923	1.0282e-18	-179.81
30.061	9.8193e-19	-179.81
30.2	9.3769e-19	-179.81
30.339	8.9545e-19	-179.81
30.479	8.5512e-19	-179.81
30.62	8.166e-19	-179.81
30.761	7.7981e-19	-179.81
30.903	7.4469e-19	-179.81
31.046	7.1114e-19	-179.81
31.189	6.7911e-19	-179.82
31.333	6.4852e-19	-179.82
31.477	6.1931e-19	-179.82
31.623	5.9141e-19	-179.82
31.769	5.6477e-19	-179.82
31.915	5.3933e-19	-179.82
32.063	5.1504e-19	-179.82
32.211	4.9184e-19	-179.82
32.359	4.6969e-19	-179.82
32.509	4.4853e-19	-179.82
32.659	4.2833e-19	-179.82
32.81	4.0904e-19	-179.82
32.961	3.9061e-19	-179.82
33.113	3.7302e-19	-179.83
33.266	3.5622e-19	-179.83
33.42	3.4018e-19	-179.83
33.574	3.2485e-19	-179.83
33.729	3.1022e-19	-179.83
33.884	2.9625e-19	-179.83
34.041	2.8291e-19	-179.83
34.198	2.7017e-19	-179.83
34.356	2.58e-19	-179.83
34.514	2.4638e-19	-179.83
34.674	2.3528e-19	-179.83
34.834	2.2469e-19	-179.83
34.995	2.1457e-19	-179.83
35.156	2.049e-19	-179.83
35.318	1.9568e-19	-179.83
35.481	1.8686e-19	-179.84
35.645	1.7845e-19	-179.84
35.81	1.7041e-19	-179.84
35.975	1.6274e-19	-179.84
36.141	1.5541e-19	-179.84
36.308	1.4841e-19	-179.84
36.475	1.4173e-19	-179.84
36.644	1.3534e-19	-179.84
36.813	1.2925e-19	-179.84
36.983	1.2343e-19	-179.84
37.154	1.1787e-19	-179.84
37.325	1.1256e-19	-179.84
37.497	1.0749e-19	-179.84
37.67	1.0265e-19	-179.84
37.844	9.803e-20	-179.84
38.019	9.3616e-20	-179.84
38.194	8.94e-20	-179.84
38.371	8.5374e-20	-179.85
38.548	8.153e-20	-179.85
38.726	7.7858e-20	-179.85
38.905	7.4352e-20	-179.85
39.084	7.1004e-20	-179.85
39.264	6.7807e-20	-179.85
39.446	6.4754e-20	-179.85
39.628	6.1838e-20	-179.85
39.811	5.9053e-20	-179.85
39.994	5.6394e-20	-179.85
40.179	5.3855e-20	-179.85
40.365	5.143e-20	-179.85
40.551	4.9114e-20	-179.85
40.738	4.6903e-20	-179.85
40.926	4.4791e-20	-179.85
41.115	4.2774e-20	-179.85
41.305	4.0848e-20	-179.85
41.495	3.9009e-20	-179.85
41.687	3.7252e-20	-179.85
41.879	3.5575e-20	-179.85
42.073	3.3973e-20	-179.85
42.267	3.2444e-20	-179.85
42.462	3.0983e-20	-179.86
42.658	2.9588e-20	-179.86
42.855	2.8256e-20	-179.86
43.053	2.6983e-20	-179.86
43.251	2.5768e-20	-179.86
43.451	2.4608e-20	-179.86
43.652	2.35e-20	-179.86
43.853	2.2442e-20	-179.86
44.055	2.1432e-20	-179.86
44.259	2.0467e-20	-179.86
44.463	1.9545e-20	-179.86
44.668	1.8665e-20	-179.86
44.875	1.7825e-20	-179.86
45.082	1.7023e-20	-179.86
45.29	1.6256e-20	-179.86
45.499	1.5524e-20	-179.86
45.709	1.4825e-20	-179.86
45.92	1.4158e-20	-179.86
46.132	1.3521e-20	-179.86
46.345	1.2912e-20	-179.85
46.559	1.2331e-20	-179.85
46.774	1.1776e-20	-179.85
46.989	1.1246e-20	-179.85
47.206	1.0739e-20	-179.85
47.424	1.0256e-20	-179.85
47.643	9.7943e-21	-179.85
47.863	9.3535e-21	-179.85
48.084	8.9325e-21	-179.84
48.306	8.5306e-21	-179.84
48.529	8.1467e-21	-179.84
48.753	7.7803e-21	-179.83
48.978	7.4304e-21	-179.83
49.204	7.0964e-21	-179.82
49.431	6.7776e-21	-179.82
49.659	6.4734e-21	-179.81
49.888	6.1835e-21	-179.8
50.119	5.9074e-21	-179.79
50.35	5.645e-21	-179.78
50.582	5.3959e-21	-179.8
50.816	5.1572e-21	-179.86
51.05	4.9241e-21	-179.94
51.286	4.6981e-21	-179.99
51.523	4.4829e-21	-179.99
51.761	4.2788e-21	-179.98
52	4.0849e-21	-179.97
52.24	3.9002e-21	-179.97
52.481	3.7241e-21	-179.96
52.723	3.5561e-21	-179.95
52.966	3.3958e-21	-179.95
53.211	3.2428e-21	-179.94
53.456	3.0967e-21	-179.94
53.703	2.9572e-21	-179.94
53.951	2.824e-21	-179.93
54.2	2.6968e-21	-179.93
54.45	2.5754e-21	-179.93
54.702	2.4594e-21	-179.93
54.954	2.3487e-21	-179.93
55.208	2.243e-21	-179.93
55.463	2.142e-21	-179.92
55.719	2.0456e-21	-179.92
55.976	1.9535e-21	-179.92
56.234	1.8655e-21	-179.92
56.494	1.7815e-21	-179.92
56.754	1.7013e-21	-179.92
57.016	1.6248e-21	-179.92
57.28	1.5516e-21	-179.92
57.544	1.4818e-21	-179.92
57.81	1.4151e-21	-179.92
58.076	1.3514e-21	-179.92
58.345	1.2905e-21	-179.92
58.614	1.2324e-21	-179.92
58.884	1.177e-21	-179.92
59.156	1.124e-21	-179.92
59.429	1.0734e-21	-179.92
59.704	1.0251e-21	-179.92
59.979	9.7894e-22	-179.92
60.256	9.3487e-22	-179.92
60.534	8.9279e-22	-179.92
60.814	8.5261e-22	-179.92
61.094	8.1423e-22	-179.92
61.376	7.7758e-22	-179.92
61.66	7.4258e-22	-179.92
61.944	7.0916e-22	-179.92
62.23	6.7724e-22	-179.92
62.517	6.4676e-22	-179.92
62.806	6.1765e-22	-179.92
63.096	5.8985e-22	-179.92
63.387	5.633e-22	-179.92
63.68	5.3795e-22	-179.92
63.973	5.1374e-22	-179.92
64.269	4.9061e-22	-179.92
64.565	4.6853e-22	-179.92
64.863	4.4745e-22	-179.92
65.163	4.2731e-22	-179.92
65.464	4.0808e-22	-179.92
65.766	3.8971e-22	-179.92
66.069	3.7217e-22	-179.92
66.374	3.5542e-22	-179.92
66.681	3.3943e-22	-179.92
66.988	3.2415e-22	-179.92
67.298	3.0956e-22	-179.92
67.608	2.9563e-22	-179.92
67.92	2.8233e-22	-179.93
68.234	2.6962e-22	-179.93
68.549	2.5749e-22	-179.93
68.865	2.459e-22	-179.93
69.183	2.3483e-22	-179.93
69.502	2.2427e-22	-179.93
69.823	2.1417e-22	-179.93
70.146	2.0454e-22	-179.93
70.469	1.9533e-22	-179.93
70.795	1.8654e-22	-179.93
71.121	1.7815e-22	-179.93
71.45	1.7013e-22	-179.93
71.779	1.6248e-22	-179.93
72.111	1.5517e-22	-179.93
72.444	1.4818e-22	-179.93
72.778	1.4152e-22	-179.93
73.114	1.3515e-22	-179.93
73.451	1.2907e-22	-179.93
73.79	1.2326e-22	-179.93
74.131	1.1771e-22	-179.93
74.473	1.1242e-22	-179.93
74.817	1.0736e-22	-179.93
75.162	1.0253e-22	-179.93
75.509	9.7916e-23	-179.93
75.858	9.3511e-23	-179.93
76.208	8.9304e-23	-179.93
76.56	8.5287e-23	-179.93
76.913	8.145e-23	-179.93
77.268	7.7786e-23	-179.93
77.625	7.4287e-23	-179.93
77.983	7.0945e-23	-179.93
78.343	6.7754e-23	-179.93
78.705	6.4706e-23	-179.93
79.068	6.1796e-23	-179.93
79.433	5.9016e-23	-179.93
79.799	5.6362e-23	-179.93
80.168	5.3827e-23	-179.94
80.538	5.1406e-23	-179.94
80.91	4.9094e-23	-179.94
81.283	4.6886e-23	-179.94
81.658	4.4778e-23	-179.94
82.035	4.2765e-23	-179.94
82.414	4.0842e-23	-179.94
82.794	3.9005e-23	-179.94
83.176	3.7252e-23	-179.94
83.56	3.5577e-23	-179.94
83.946	3.3978e-23	-179.94
84.333	3.245e-23	-179.94
84.723	3.0992e-23	-179.94
85.114	2.9599e-23	-179.94
85.507	2.8269e-23	-179.94
85.901	2.6999e-23	-179.94
86.298	2.5786e-23	-179.94
86.696	2.4627e-23	-179.94
87.096	2.3521e-23	-179.94
87.498	2.2465e-23	-179.94
87.902	2.1456e-23	-179.94
88.308	2.0492e-23	-179.94
88.716	1.9573e-23	-179.94
89.125	1.8694e-23	-179.94
89.536	1.7855e-23	-179.94
89.95	1.7054e-23	-179.94
90.365	1.629e-23	-179.94
90.782	1.5559e-23	-179.94
91.201	1.4862e-23	-179.94
91.622	1.4196e-23	-179.94
92.045	1.3561e-23	-179.95
92.47	1.2954e-23	-179.95
92.897	1.2375e-23	-179.95
93.325	1.1822e-23	-179.95
93.756	1.1294e-23	-179.95
94.189	1.0791e-23	-179.95
94.624	1.031e-23	-179.95
95.06	9.8524e-24	-179.95
95.499	9.4156e-24	-179.95
95.94	8.9994e-24	-179.95
96.383	8.6032e-24	-179.96
96.828	8.2264e-24	-179.96
97.275	7.8689e-24	-179.96
97.724	7.5307e-24	-179.97
98.175	7.2127e-24	-179.98
98.628	6.9174e-24	-179.99
99.083	6.6508e-24	179.98
99.541	6.4307e-24	179.9
100	6.3285e-24	179.61
