0.01	1.0084	-0.78263
0.010046	1.0085	-0.78626
0.010093	1.0086	-0.78991
0.010139	1.0087	-0.79358
0.010186	1.0088	-0.79726
0.010233	1.0088	-0.80096
0.01028	1.0089	-0.80468
0.010328	1.009	-0.80842
0.010375	1.0091	-0.81217
0.010423	1.0092	-0.81594
0.010471	1.0093	-0.81973
0.01052	1.0094	-0.82354
0.010568	1.0094	-0.82736
0.010617	1.0095	-0.83121
0.010666	1.0096	-0.83507
0.010715	1.0097	-0.83895
0.010765	1.0098	-0.84284
0.010814	1.0099	-0.84676
0.010864	1.01	-0.85069
0.010914	1.0101	-0.85465
0.010965	1.0102	-0.85862
0.011015	1.0103	-0.86261
0.011066	1.0104	-0.86662
0.011117	1.0105	-0.87065
0.011169	1.0106	-0.87469
0.01122	1.0106	-0.87876
0.011272	1.0107	-0.88284
0.011324	1.0108	-0.88695
0.011376	1.0109	-0.89107
0.011429	1.0111	-0.89521
0.011482	1.0112	-0.89938
0.011535	1.0113	-0.90356
0.011588	1.0114	-0.90776
0.011641	1.0115	-0.91198
0.011695	1.0116	-0.91622
0.011749	1.0117	-0.92049
0.011803	1.0118	-0.92477
0.011858	1.0119	-0.92907
0.011912	1.012	-0.93339
0.011967	1.0121	-0.93773
0.012023	1.0122	-0.9421
0.012078	1.0124	-0.94648
0.012134	1.0125	-0.95089
0.01219	1.0126	-0.95531
0.012246	1.0127	-0.95976
0.012303	1.0128	-0.96423
0.012359	1.0129	-0.96871
0.012417	1.0131	-0.97322
0.012474	1.0132	-0.97776
0.012531	1.0133	-0.98231
0.012589	1.0134	-0.98688
0.012647	1.0136	-0.99148
0.012706	1.0137	-0.9961
0.012764	1.0138	-1.0007
0.012823	1.0139	-1.0054
0.012882	1.0141	-1.0101
0.012942	1.0142	-1.0148
0.013002	1.0143	-1.0195
0.013062	1.0145	-1.0243
0.013122	1.0146	-1.029
0.013183	1.0147	-1.0338
0.013243	1.0149	-1.0387
0.013305	1.015	-1.0435
0.013366	1.0152	-1.0484
0.013428	1.0153	-1.0533
0.01349	1.0155	-1.0582
0.013552	1.0156	-1.0631
0.013614	1.0157	-1.0681
0.013677	1.0159	-1.073
0.01374	1.016	-1.078
0.013804	1.0162	-1.0831
0.013868	1.0163	-1.0881
0.013932	1.0165	-1.0932
0.013996	1.0167	-1.0983
0.01406	1.0168	-1.1034
0.014125	1.017	-1.1086
0.014191	1.0171	-1.1138
0.014256	1.0173	-1.119
0.014322	1.0174	-1.1242
0.014388	1.0176	-1.1294
0.014454	1.0178	-1.1347
0.014521	1.0179	-1.14
0.014588	1.0181	-1.1453
0.014655	1.0183	-1.1507
0.014723	1.0185	-1.1561
0.014791	1.0186	-1.1615
0.014859	1.0188	-1.1669
0.014928	1.019	-1.1723
0.014997	1.0192	-1.1778
0.015066	1.0193	-1.1833
0.015136	1.0195	-1.1889
0.015205	1.0197	-1.1944
0.015276	1.0199	-1.2
0.015346	1.0201	-1.2056
0.015417	1.0203	-1.2113
0.015488	1.0205	-1.2169
0.01556	1.0206	-1.2226
0.015631	1.0208	-1.2283
0.015704	1.021	-1.2341
0.015776	1.0212	-1.2399
0.015849	1.0214	-1.2457
0.015922	1.0216	-1.2515
0.015996	1.0218	-1.2574
0.016069	1.022	-1.2632
0.016144	1.0223	-1.2692
0.016218	1.0225	-1.2751
0.016293	1.0227	-1.2811
0.016368	1.0229	-1.2871
0.016444	1.0231	-1.2931
0.01652	1.0233	-1.2992
0.016596	1.0235	-1.3053
0.016672	1.0238	-1.3114
0.016749	1.024	-1.3175
0.016827	1.0242	-1.3237
0.016904	1.0244	-1.3299
0.016982	1.0247	-1.3362
0.017061	1.0249	-1.3424
0.01714	1.0251	-1.3487
0.017219	1.0254	-1.3551
0.017298	1.0256	-1.3614
0.017378	1.0259	-1.3678
0.017458	1.0261	-1.3742
0.017539	1.0264	-1.3807
0.01762	1.0266	-1.3872
0.017701	1.0269	-1.3937
0.017783	1.0271	-1.4002
0.017865	1.0274	-1.4068
0.017947	1.0276	-1.4134
0.01803	1.0279	-1.4201
0.018113	1.0282	-1.4268
0.018197	1.0284	-1.4335
0.018281	1.0287	-1.4402
0.018365	1.029	-1.447
0.01845	1.0292	-1.4538
0.018535	1.0295	-1.4606
0.018621	1.0298	-1.4675
0.018707	1.0301	-1.4744
0.018793	1.0304	-1.4814
0.01888	1.0306	-1.4883
0.018967	1.0309	-1.4954
0.019055	1.0312	-1.5024
0.019143	1.0315	-1.5095
0.019231	1.0318	-1.5166
0.01932	1.0321	-1.5237
0.019409	1.0324	-1.5309
0.019498	1.0327	-1.5381
0.019588	1.0331	-1.5454
0.019679	1.0334	-1.5527
0.01977	1.0337	-1.56
0.019861	1.034	-1.5674
0.019953	1.0343	-1.5748
0.020045	1.0347	-1.5822
0.020137	1.035	-1.5897
0.02023	1.0353	-1.5972
0.020324	1.0357	-1.6048
0.020417	1.036	-1.6123
0.020512	1.0363	-1.62
0.020606	1.0367	-1.6276
0.020701	1.037	-1.6353
0.020797	1.0374	-1.6431
0.020893	1.0377	-1.6508
0.020989	1.0381	-1.6586
0.021086	1.0385	-1.6665
0.021184	1.0388	-1.6744
0.021281	1.0392	-1.6823
0.02138	1.0396	-1.6903
0.021478	1.04	-1.6983
0.021577	1.0403	-1.7063
0.021677	1.0407	-1.7144
0.021777	1.0411	-1.7226
0.021878	1.0415	-1.7307
0.021979	1.0419	-1.739
0.02208	1.0423	-1.7472
0.022182	1.0427	-1.7555
0.022284	1.0431	-1.7638
0.022387	1.0435	-1.7722
0.022491	1.044	-1.7806
0.022594	1.0444	-1.7891
0.022699	1.0448	-1.7976
0.022803	1.0452	-1.8061
0.022909	1.0457	-1.8147
0.023014	1.0461	-1.8234
0.023121	1.0465	-1.8321
0.023227	1.047	-1.8408
0.023335	1.0474	-1.8495
0.023442	1.0479	-1.8584
0.02355	1.0484	-1.8672
0.023659	1.0488	-1.8761
0.023768	1.0493	-1.8851
0.023878	1.0498	-1.894
0.023988	1.0503	-1.9031
0.024099	1.0507	-1.9122
0.02421	1.0512	-1.9213
0.024322	1.0517	-1.9305
0.024434	1.0522	-1.9397
0.024547	1.0527	-1.949
0.02466	1.0532	-1.9583
0.024774	1.0538	-1.9676
0.024889	1.0543	-1.9771
0.025003	1.0548	-1.9865
0.025119	1.0553	-1.996
0.025235	1.0559	-2.0056
0.025351	1.0564	-2.0152
0.025468	1.0569	-2.0248
0.025586	1.0575	-2.0346
0.025704	1.0581	-2.0443
0.025823	1.0586	-2.0541
0.025942	1.0592	-2.064
0.026062	1.0598	-2.0739
0.026182	1.0603	-2.0838
0.026303	1.0609	-2.0939
0.026424	1.0615	-2.1039
0.026546	1.0621	-2.114
0.026669	1.0627	-2.1242
0.026792	1.0633	-2.1344
0.026915	1.064	-2.1447
0.02704	1.0646	-2.155
0.027164	1.0652	-2.1654
0.02729	1.0658	-2.1759
0.027416	1.0665	-2.1863
0.027542	1.0671	-2.1969
0.027669	1.0678	-2.2075
0.027797	1.0685	-2.2182
0.027925	1.0691	-2.2289
0.028054	1.0698	-2.2396
0.028184	1.0705	-2.2505
0.028314	1.0712	-2.2614
0.028445	1.0719	-2.2723
0.028576	1.0726	-2.2833
0.028708	1.0733	-2.2944
0.02884	1.074	-2.3055
0.028973	1.0747	-2.3167
0.029107	1.0755	-2.3279
0.029242	1.0762	-2.3392
0.029376	1.077	-2.3506
0.029512	1.0777	-2.362
0.029648	1.0785	-2.3735
0.029785	1.0793	-2.385
0.029923	1.08	-2.3966
0.030061	1.0808	-2.4083
0.0302	1.0816	-2.42
0.030339	1.0824	-2.4318
0.030479	1.0833	-2.4436
0.03062	1.0841	-2.4556
0.030761	1.0849	-2.4676
0.030903	1.0857	-2.4796
0.031046	1.0866	-2.4917
0.031189	1.0875	-2.5039
0.031333	1.0883	-2.5162
0.031477	1.0892	-2.5285
0.031623	1.0901	-2.5409
0.031769	1.091	-2.5533
0.031915	1.0919	-2.5658
0.032063	1.0928	-2.5784
0.032211	1.0937	-2.5911
0.032359	1.0947	-2.6038
0.032509	1.0956	-2.6166
0.032659	1.0966	-2.6295
0.03281	1.0975	-2.6424
0.032961	1.0985	-2.6554
0.033113	1.0995	-2.6685
0.033266	1.1005	-2.6817
0.03342	1.1015	-2.6949
0.033574	1.1025	-2.7082
0.033729	1.1035	-2.7216
0.033884	1.1046	-2.7351
0.034041	1.1056	-2.7486
0.034198	1.1067	-2.7622
0.034356	1.1078	-2.7759
0.034514	1.1089	-2.7897
0.034674	1.11	-2.8035
0.034834	1.1111	-2.8174
0.034995	1.1122	-2.8314
0.035156	1.1133	-2.8455
0.035318	1.1145	-2.8597
0.035481	1.1156	-2.8739
0.035645	1.1168	-2.8882
0.03581	1.118	-2.9027
0.035975	1.1192	-2.9171
0.036141	1.1204	-2.9317
0.036308	1.1216	-2.9464
0.036475	1.1229	-2.9611
0.036644	1.1241	-2.976
0.036813	1.1254	-2.9909
0.036983	1.1267	-3.0059
0.037154	1.128	-3.021
0.037325	1.1293	-3.0362
0.037497	1.1306	-3.0514
0.03767	1.132	-3.0668
0.037844	1.1333	-3.0823
0.038019	1.1347	-3.0978
0.038194	1.1361	-3.1134
0.038371	1.1375	-3.1292
0.038548	1.1389	-3.145
0.038726	1.1403	-3.1609
0.038905	1.1418	-3.1769
0.039084	1.1432	-3.1931
0.039264	1.1447	-3.2093
0.039446	1.1462	-3.2256
0.039628	1.1477	-3.242
0.039811	1.1493	-3.2585
0.039994	1.1508	-3.2751
0.040179	1.1524	-3.2918
0.040365	1.154	-3.3086
0.040551	1.1556	-3.3255
0.040738	1.1572	-3.3426
0.040926	1.1589	-3.3597
0.041115	1.1605	-3.3769
0.041305	1.1622	-3.3943
0.041495	1.1639	-3.4117
0.041687	1.1656	-3.4293
0.041879	1.1674	-3.447
0.042073	1.1691	-3.4647
0.042267	1.1709	-3.4826
0.042462	1.1727	-3.5007
0.042658	1.1746	-3.5188
0.042855	1.1764	-3.537
0.043053	1.1783	-3.5554
0.043251	1.1802	-3.5739
0.043451	1.1821	-3.5925
0.043652	1.184	-3.6112
0.043853	1.186	-3.63
0.044055	1.188	-3.649
0.044259	1.19	-3.6681
0.044463	1.192	-3.6873
0.044668	1.1941	-3.7066
0.044875	1.1962	-3.7261
0.045082	1.1983	-3.7457
0.04529	1.2004	-3.7654
0.045499	1.2026	-3.7852
0.045709	1.2048	-3.8052
0.04592	1.207	-3.8254
0.046132	1.2092	-3.8456
0.046345	1.2115	-3.866
0.046559	1.2138	-3.8866
0.046774	1.2161	-3.9072
0.046989	1.2185	-3.9281
0.047206	1.2209	-3.949
0.047424	1.2233	-3.9701
0.047643	1.2257	-3.9914
0.047863	1.2282	-4.0128
0.048084	1.2307	-4.0343
0.048306	1.2333	-4.0561
0.048529	1.2359	-4.0779
0.048753	1.2385	-4.0999
0.048978	1.2411	-4.1221
0.049204	1.2438	-4.1444
0.049431	1.2465	-4.1669
0.049659	1.2492	-4.1896
0.049888	1.252	-4.2124
0.050119	1.2548	-4.2354
0.05035	1.2577	-4.2585
0.050582	1.2606	-4.2819
0.050816	1.2635	-4.3054
0.05105	1.2665	-4.329
0.051286	1.2695	-4.3529
0.051523	1.2726	-4.3769
0.051761	1.2757	-4.4011
0.052	1.2788	-4.4255
0.05224	1.282	-4.4501
0.052481	1.2852	-4.4748
0.052723	1.2884	-4.4998
0.052966	1.2917	-4.5249
0.053211	1.2951	-4.5503
0.053456	1.2985	-4.5758
0.053703	1.3019	-4.6016
0.053951	1.3054	-4.6275
0.0542	1.309	-4.6537
0.05445	1.3126	-4.68
0.054702	1.3162	-4.7066
0.054954	1.3199	-4.7334
0.055208	1.3236	-4.7604
0.055463	1.3274	-4.7876
0.055719	1.3313	-4.815
0.055976	1.3352	-4.8427
0.056234	1.3392	-4.8706
0.056494	1.3432	-4.8988
0.056754	1.3472	-4.9271
0.057016	1.3514	-4.9557
0.05728	1.3556	-4.9846
0.057544	1.3598	-5.0137
0.05781	1.3642	-5.0431
0.058076	1.3685	-5.0727
0.058345	1.373	-5.1025
0.058614	1.3775	-5.1327
0.058884	1.3821	-5.1631
0.059156	1.3867	-5.1937
0.059429	1.3915	-5.2247
0.059704	1.3962	-5.2559
0.059979	1.4011	-5.2874
0.060256	1.4061	-5.3192
0.060534	1.4111	-5.3513
0.060814	1.4162	-5.3836
0.061094	1.4213	-5.4163
0.061376	1.4266	-5.4493
0.06166	1.4319	-5.4826
0.061944	1.4374	-5.5163
0.06223	1.4429	-5.5502
0.062517	1.4485	-5.5845
0.062806	1.4541	-5.6191
0.063096	1.4599	-5.654
0.063387	1.4658	-5.6893
0.06368	1.4717	-5.725
0.063973	1.4778	-5.761
0.064269	1.484	-5.7974
0.064565	1.4902	-5.8341
0.064863	1.4966	-5.8713
0.065163	1.5031	-5.9088
0.065464	1.5097	-5.9467
0.065766	1.5164	-5.985
0.066069	1.5232	-6.0237
0.066374	1.5301	-6.0628
0.066681	1.5371	-6.1024
0.066988	1.5443	-6.1424
0.067298	1.5516	-6.1828
0.067608	1.559	-6.2237
0.06792	1.5666	-6.2651
0.068234	1.5743	-6.3069
0.068549	1.5821	-6.3492
0.068865	1.59	-6.392
0.069183	1.5982	-6.4353
0.069502	1.6064	-6.4791
0.069823	1.6148	-6.5234
0.070146	1.6234	-6.5683
0.070469	1.6321	-6.6137
0.070795	1.641	-6.6596
0.071121	1.65	-6.7062
0.07145	1.6593	-6.7533
0.071779	1.6687	-6.801
0.072111	1.6783	-6.8493
0.072444	1.688	-6.8983
0.072778	1.698	-6.9479
0.073114	1.7081	-6.9981
0.073451	1.7185	-7.049
0.07379	1.7291	-7.1006
0.074131	1.7398	-7.1529
0.074473	1.7508	-7.206
0.074817	1.7621	-7.2598
0.075162	1.7735	-7.3143
0.075509	1.7852	-7.3696
0.075858	1.7972	-7.4257
0.076208	1.8093	-7.4827
0.07656	1.8218	-7.5405
0.076913	1.8345	-7.5991
0.077268	1.8475	-7.6587
0.077625	1.8608	-7.7191
0.077983	1.8744	-7.7805
0.078343	1.8882	-7.8429
0.078705	1.9024	-7.9063
0.079068	1.9169	-7.9707
0.079433	1.9318	-8.0361
0.079799	1.947	-8.1027
0.080168	1.9625	-8.1704
0.080538	1.9784	-8.2392
0.08091	1.9947	-8.3092
0.081283	2.0114	-8.3805
0.081658	2.0285	-8.453
0.082035	2.046	-8.5269
0.082414	2.0639	-8.6021
0.082794	2.0823	-8.6786
0.083176	2.1012	-8.7567
0.08356	2.1205	-8.8362
0.083946	2.1403	-8.9173
0.084333	2.1607	-9
0.084723	2.1816	-9.0844
0.085114	2.203	-9.1705
0.085507	2.2251	-9.2584
0.085901	2.2477	-9.3481
0.086298	2.271	-9.4397
0.086696	2.2949	-9.5334
0.087096	2.3195	-9.6291
0.087498	2.3448	-9.727
0.087902	2.3708	-9.8271
0.088308	2.3977	-9.9296
0.088716	2.4253	-10.034
0.089125	2.4537	-10.142
0.089536	2.483	-10.252
0.08995	2.5133	-10.365
0.090365	2.5445	-10.481
0.090782	2.5767	-10.599
0.091201	2.6099	-10.721
0.091622	2.6442	-10.846
0.092045	2.6797	-10.975
0.09247	2.7164	-11.107
0.092897	2.7543	-11.243
0.093325	2.7936	-11.383
0.093756	2.8342	-11.527
0.094189	2.8764	-11.676
0.094624	2.9201	-11.829
0.09506	2.9654	-11.987
0.095499	3.0124	-12.15
0.09594	3.0613	-12.319
0.096383	3.1121	-12.493
0.096828	3.1649	-12.674
0.097275	3.2199	-12.861
0.097724	3.2771	-13.054
0.098175	3.3368	-13.255
0.098628	3.3991	-13.464
0.099083	3.4641	-13.681
0.099541	3.532	-13.906
0.1	3.6031	-14.141
0.10046	3.6775	-14.386
0.10093	3.7554	-14.641
0.10139	3.8372	-14.908
0.10186	3.9231	-15.187
0.10233	4.0134	-15.479
0.1028	4.1084	-15.786
0.10328	4.2086	-16.108
0.10375	4.3142	-16.446
0.10423	4.4259	-16.802
0.10471	4.544	-17.178
0.1052	4.6692	-17.575
0.10568	4.802	-17.996
0.10617	4.9432	-18.442
0.10666	5.0935	-18.915
0.10715	5.2539	-19.42
0.10765	5.4253	-19.958
0.10814	5.6088	-20.533
0.10864	5.8057	-21.15
0.10914	6.0174	-21.814
0.10965	6.2457	-22.529
0.11015	6.4922	-23.302
0.11066	6.7592	-24.141
0.11117	7.0492	-25.054
0.11169	7.3649	-26.051
0.1122	7.7097	-27.144
0.11272	8.0871	-28.347
0.11324	8.5015	-29.677
0.11376	8.9578	-31.155
0.11429	9.4614	-32.804
0.11482	10.019	-34.653
0.11535	10.636	-36.739
0.11588	11.32	-39.103
0.11641	12.079	-41.796
0.11695	12.916	-44.879
0.11749	13.834	-48.423
0.11803	14.829	-52.507
0.11858	15.885	-57.214
0.11912	16.968	-62.622
0.11967	18.02	-68.783
0.12023	18.956	-75.697
0.12078	19.669	-83.278
0.12134	20.053	-91.333
0.1219	20.039	-99.577
0.12246	19.626	-107.68
0.12303	18.878	-115.35
0.12359	17.9	-122.37
0.12417	16.801	-128.64
0.12474	15.671	-134.16
0.12531	14.57	-138.96
0.12589	13.534	-143.14
0.12647	12.579	-146.76
0.12706	11.71	-149.91
0.12764	10.924	-152.66
0.12823	10.215	-155.07
0.12882	9.5778	-157.2
0.12942	9.0032	-159.08
0.13002	8.4845	-160.76
0.13062	8.0153	-162.27
0.13122	7.5897	-163.63
0.13183	7.2026	-164.85
0.13243	6.8494	-165.97
0.13305	6.5264	-166.99
0.13366	6.23	-167.92
0.13428	5.9573	-168.77
0.1349	5.7058	-169.56
0.13552	5.4732	-170.3
0.13614	5.2576	-170.97
0.13677	5.0572	-171.61
0.1374	4.8707	-172.2
0.13804	4.6966	-172.75
0.13868	4.5339	-173.27
0.13932	4.3814	-173.76
0.13996	4.2384	-174.22
0.1406	4.1039	-174.65
0.14125	3.9772	-175.07
0.14191	3.8578	-175.46
0.14256	3.745	-175.83
0.14322	3.6384	-176.18
0.14388	3.5374	-176.52
0.14454	3.4416	-176.84
0.14521	3.3507	-177.15
0.14588	3.2643	-177.45
0.14655	3.182	-177.73
0.14723	3.1037	-178
0.14791	3.0291	-178.26
0.14859	2.9578	-178.51
0.14928	2.8897	-178.76
0.14997	2.8247	-178.99
0.15066	2.7624	-179.22
0.15136	2.7028	-179.44
0.15205	2.6457	-179.65
0.15276	2.5909	-179.86
0.15346	2.5383	179.94
0.15417	2.4878	179.75
0.15488	2.4392	179.56
0.1556	2.3926	179.38
0.15631	2.3477	179.2
0.15704	2.3044	179.02
0.15776	2.2628	178.85
0.15849	2.2226	178.68
0.15922	2.184	178.52
0.15996	2.1466	178.36
0.16069	2.1106	178.21
0.16144	2.0758	178.05
0.16218	2.0422	177.9
0.16293	2.0097	177.76
0.16368	1.9783	177.61
0.16444	1.948	177.47
0.1652	1.9186	177.33
0.16596	1.8902	177.2
0.16672	1.8626	177.06
0.16749	1.836	176.93
0.16827	1.8102	176.8
0.16904	1.7852	176.67
0.16982	1.7609	176.54
0.17061	1.7374	176.42
0.1714	1.7146	176.3
0.17219	1.6925	176.17
0.17298	1.6711	176.05
0.17378	1.6503	175.93
0.17458	1.6301	175.82
0.17539	1.6105	175.7
0.1762	1.5915	175.58
0.17701	1.573	175.47
0.17783	1.5551	175.36
0.17865	1.5377	175.24
0.17947	1.5208	175.13
0.1803	1.5044	175.02
0.18113	1.4884	174.91
0.18197	1.4729	174.8
0.18281	1.4579	174.69
0.18365	1.4433	174.59
0.1845	1.4291	174.48
0.18535	1.4153	174.37
0.18621	1.4019	174.27
0.18707	1.3889	174.16
0.18793	1.3762	174.06
0.1888	1.364	173.95
0.18967	1.352	173.85
0.19055	1.3405	173.74
0.19143	1.3293	173.64
0.19231	1.3184	173.53
0.1932	1.3078	173.43
0.19409	1.2975	173.33
0.19498	1.2876	173.22
0.19588	1.2779	173.12
0.19679	1.2686	173.02
0.1977	1.2595	172.92
0.19861	1.2507	172.81
0.19953	1.2423	172.71
0.20045	1.234	172.61
0.20137	1.2261	172.5
0.2023	1.2184	172.4
0.20324	1.211	172.3
0.20417	1.2038	172.19
0.20512	1.1969	172.09
0.20606	1.1903	171.99
0.20701	1.1839	171.88
0.20797	1.1777	171.78
0.20893	1.1718	171.67
0.20989	1.1661	171.57
0.21086	1.1607	171.46
0.21184	1.1555	171.36
0.21281	1.1505	171.25
0.2138	1.1458	171.15
0.21478	1.1413	171.04
0.21577	1.137	170.93
0.21677	1.133	170.82
0.21777	1.1292	170.71
0.21878	1.1256	170.6
0.21979	1.1222	170.49
0.2208	1.1191	170.38
0.22182	1.1162	170.27
0.22284	1.1135	170.16
0.22387	1.111	170.04
0.22491	1.1088	169.93
0.22594	1.1068	169.81
0.22699	1.1051	169.7
0.22803	1.1036	169.58
0.22909	1.1023	169.46
0.23014	1.1012	169.34
0.23121	1.1004	169.22
0.23227	1.0998	169.1
0.23335	1.0995	168.98
0.23442	1.0994	168.85
0.2355	1.0996	168.73
0.23659	1.1	168.6
0.23768	1.1007	168.47
0.23878	1.1017	168.34
0.23988	1.1029	168.21
0.24099	1.1044	168.08
0.2421	1.1062	167.94
0.24322	1.1082	167.81
0.24434	1.1106	167.67
0.24547	1.1132	167.53
0.2466	1.1162	167.39
0.24774	1.1195	167.24
0.24889	1.1231	167.09
0.25003	1.1271	166.94
0.25119	1.1314	166.79
0.25235	1.136	166.64
0.25351	1.141	166.48
0.25468	1.1464	166.32
0.25586	1.1522	166.16
0.25704	1.1584	165.99
0.25823	1.1651	165.82
0.25942	1.1722	165.65
0.26062	1.1797	165.48
0.26182	1.1877	165.3
0.26303	1.1962	165.11
0.26424	1.2052	164.93
0.26546	1.2148	164.73
0.26669	1.225	164.54
0.26792	1.2357	164.34
0.26915	1.2471	164.13
0.2704	1.2591	163.92
0.27164	1.2719	163.7
0.2729	1.2853	163.48
0.27416	1.2996	163.25
0.27542	1.3146	163.01
0.27669	1.3305	162.77
0.27797	1.3473	162.52
0.27925	1.3651	162.26
0.28054	1.3839	161.99
0.28184	1.4039	161.72
0.28314	1.425	161.43
0.28445	1.4473	161.13
0.28576	1.471	160.83
0.28708	1.4961	160.51
0.2884	1.5227	160.17
0.28973	1.551	159.83
0.29107	1.5811	159.46
0.29242	1.6131	159.09
0.29376	1.6472	158.69
0.29512	1.6836	158.28
0.29648	1.7224	157.84
0.29785	1.7639	157.38
0.29923	1.8083	156.9
0.30061	1.8559	156.39
0.302	1.907	155.85
0.30339	1.962	155.27
0.30479	2.0213	154.66
0.3062	2.0853	154.01
0.30761	2.1545	153.31
0.30903	2.2296	152.56
0.31046	2.3112	151.75
0.31189	2.4001	150.87
0.31333	2.4972	149.92
0.31477	2.6037	148.89
0.31623	2.7207	147.76
0.31769	2.8496	146.52
0.31915	2.9922	145.14
0.32063	3.1503	143.62
0.32211	3.3261	141.92
0.32359	3.5222	140
0.32509	3.7414	137.84
0.32659	3.9866	135.38
0.3281	4.2609	132.57
0.32961	4.567	129.32
0.33113	4.9061	125.57
0.33266	5.2772	121.21
0.3342	5.6741	116.13
0.33574	6.0826	110.24
0.33729	6.477	103.48
0.33884	6.8184	95.845
0.34041	7.0588	87.466
0.34198	7.1543	78.612
0.34356	7.0827	69.666
0.34514	6.8554	61.036
0.34674	6.5114	53.047
0.34834	6.1002	45.888
0.34995	5.6658	39.614
0.35156	5.2389	34.184
0.35318	4.8375	29.51
0.35481	4.4699	25.488
0.35645	4.1382	22.018
0.3581	3.8414	19.007
0.35975	3.5766	16.38
0.36141	3.3407	14.073
0.36308	3.1302	12.033
0.36475	2.9421	10.217
0.36644	2.7734	8.5905
0.36813	2.6218	7.1246
0.36983	2.4851	5.7958
0.37154	2.3614	4.5847
0.37325	2.2492	3.4751
0.37497	2.147	2.4536
0.3767	2.0538	1.5087
0.37844	1.9685	0.63087
0.38019	1.8902	-0.18793
0.38194	1.8182	-0.9547
0.38371	1.7519	-1.6754
0.38548	1.6906	-2.3551
0.38726	1.6339	-2.9984
0.38905	1.5814	-3.6092
0.39084	1.5327	-4.1907
0.39264	1.4873	-4.7461
0.39446	1.4452	-5.2779
0.39628	1.4059	-5.7886
0.39811	1.3692	-6.2802
0.39994	1.335	-6.7545
0.40179	1.3031	-7.2133
0.40365	1.2732	-7.658
0.40551	1.2453	-8.0901
0.40738	1.2193	-8.5108
0.40926	1.1949	-8.9212
0.41115	1.172	-9.3223
0.41305	1.1507	-9.7151
0.41495	1.1308	-10.101
0.41687	1.1122	-10.479
0.41879	1.0949	-10.852
0.42073	1.0788	-11.22
0.42267	1.0638	-11.584
0.42462	1.0499	-11.943
0.42658	1.037	-12.3
0.42855	1.0251	-12.653
0.43053	1.0142	-13.005
0.43251	1.0042	-13.355
0.43451	0.99517	-13.704
0.43652	0.98698	-14.053
0.43853	0.97965	-14.402
0.44055	0.97317	-14.751
0.44259	0.96752	-15.101
0.44463	0.96269	-15.452
0.44668	0.95867	-15.806
0.44875	0.95547	-16.161
0.45082	0.95307	-16.52
0.4529	0.95148	-16.882
0.45499	0.95071	-17.249
0.45709	0.95077	-17.619
0.4592	0.95167	-17.995
0.46132	0.95342	-18.377
0.46345	0.95605	-18.765
0.46559	0.95958	-19.16
0.46774	0.96404	-19.563
0.46989	0.96946	-19.974
0.47206	0.97588	-20.394
0.47424	0.98335	-20.825
0.47643	0.99191	-21.267
0.47863	1.0016	-21.721
0.48084	1.0126	-22.189
0.48306	1.0248	-22.67
0.48529	1.0384	-23.168
0.48753	1.0535	-23.683
0.48978	1.0701	-24.217
0.49204	1.0885	-24.772
0.49431	1.1086	-25.349
0.49659	1.1308	-25.952
0.49888	1.1551	-26.582
0.50119	1.1818	-27.242
0.5035	1.2111	-27.936
0.50582	1.2432	-28.667
0.50816	1.2784	-29.44
0.5105	1.3171	-30.259
0.51286	1.3597	-31.13
0.51523	1.4066	-32.059
0.51761	1.4583	-33.055
0.52	1.5155	-34.124
0.5224	1.5788	-35.279
0.52481	1.6491	-36.531
0.52723	1.7274	-37.894
0.52966	1.8147	-39.387
0.53211	1.9124	-41.031
0.53456	2.0221	-42.85
0.53703	2.1454	-44.877
0.53951	2.2844	-47.148
0.542	2.4414	-49.712
0.5445	2.6187	-52.624
0.54702	2.8186	-55.953
0.54954	3.0427	-59.782
0.55208	3.2917	-64.205
0.55463	3.5631	-69.327
0.55719	3.85	-75.247
0.55976	4.1382	-82.039
0.56234	4.4046	-89.713
0.56494	4.6184	-98.167
0.56754	4.7484	-107.16
0.57016	4.7742	-116.32
0.5728	4.6958	-125.25
0.57544	4.5333	-133.6
0.5781	4.3171	-141.15
0.58076	4.0764	-147.84
0.58345	3.8338	-153.69
0.58614	3.603	-158.79
0.58884	3.3914	-163.23
0.59156	3.202	-167.12
0.59429	3.0351	-170.55
0.59704	2.8897	-173.61
0.59979	2.7643	-176.36
0.60256	2.6573	-178.87
0.60534	2.567	178.83
0.60814	2.4921	176.68
0.61094	2.4314	174.66
0.61376	2.3841	172.74
0.6166	2.3495	170.89
0.61944	2.3275	169.09
0.6223	2.3178	167.3
0.62517	2.3207	165.51
0.62806	2.337	163.7
0.63096	2.3676	161.83
0.63387	2.4139	159.87
0.6368	2.4781	157.79
0.63973	2.563	155.54
0.64269	2.6726	153.05
0.64565	2.8119	150.24
0.64863	2.988	147.01
0.65163	3.2096	143.2
0.65464	3.488	138.58
0.65766	3.8351	132.82
0.66069	4.258	125.47
0.66374	4.7432	115.91
0.66681	5.2199	103.54
0.66988	5.521	88.259
0.67298	5.4468	71.312
0.67608	4.9766	55.084
0.6792	4.3104	41.436
0.68234	3.6502	30.759
0.68549	3.0852	22.574
0.68865	2.6279	16.236
0.69183	2.2635	11.219
0.69502	1.9725	7.1425
0.69823	1.7381	3.7441
0.70146	1.5473	0.84254
0.70469	1.3902	-1.6897
0.70795	1.2595	-3.9441
0.71121	1.1497	-5.9876
0.7145	1.0568	-7.8711
0.71779	0.97755	-9.6335
0.72111	0.90962	-11.306
0.72444	0.85111	-12.914
0.72778	0.80054	-14.48
0.73114	0.75675	-16.022
0.73451	0.71881	-17.558
0.7379	0.68596	-19.103
0.74131	0.65762	-20.675
0.74473	0.6333	-22.29
0.74817	0.61262	-23.965
0.75162	0.59528	-25.719
0.75509	0.58105	-27.575
0.75858	0.56975	-29.555
0.76208	0.56125	-31.691
0.7656	0.55546	-34.015
0.76913	0.55232	-36.569
0.77268	0.55177	-39.403
0.77625	0.55373	-42.576
0.77983	0.55808	-46.161
0.78343	0.56453	-50.245
0.78705	0.57259	-54.925
0.79068	0.58135	-60.309
0.79433	0.58929	-66.498
0.79799	0.59417	-73.564
0.80168	0.59306	-81.507
0.80538	0.58285	-90.206
0.8091	0.56141	-99.398
0.81283	0.52868	-108.7
0.81658	0.48712	-117.69
0.82035	0.44075	-126.05
0.82414	0.39365	-133.57
0.82794	0.34885	-140.2
0.83176	0.30806	-145.98
0.8356	0.27193	-151
0.83946	0.24045	-155.36
0.84333	0.21325	-159.17
0.84723	0.18985	-162.52
0.85114	0.16971	-165.49
0.85507	0.15236	-168.15
0.85901	0.13738	-170.54
0.86298	0.1244	-172.73
0.86696	0.11312	-174.73
0.87096	0.10329	-176.59
0.87498	0.094679	-178.33
0.87902	0.087124	-179.96
0.88308	0.080475	178.48
0.88716	0.074607	176.98
0.89125	0.06942	175.54
0.89536	0.064826	174.13
0.8995	0.060754	172.74
0.90365	0.057143	171.37
0.90782	0.053942	169.99
0.91201	0.051108	168.59
0.91622	0.048605	167.17
0.92045	0.046405	165.71
0.9247	0.044482	164.19
0.92897	0.042818	162.59
0.93325	0.041397	160.89
0.93756	0.040209	159.06
0.94189	0.039247	157.07
0.94624	0.038507	154.88
0.9506	0.037989	152.44
0.95499	0.037696	149.68
0.9594	0.037631	146.52
0.96383	0.037794	142.85
0.96828	0.038177	138.52
0.97275	0.038746	133.34
0.97724	0.039419	127.11
0.98175	0.040025	119.59
0.98628	0.040261	110.58
0.99083	0.039701	100.11
0.99541	0.037934	88.519
1	0.034854	76.565
1.0046	0.03082	65.157
1.0093	0.02646	54.981
1.0139	0.022315	46.319
1.0186	0.018672	39.126
1.0233	0.015605	33.201
1.028	0.013078	28.31
1.0328	0.011011	24.24
1.0375	0.009322	20.817
1.0423	0.0079366	17.906
1.0471	0.0067944	15.402
1.052	0.0058469	13.225
1.0568	0.0050559	11.313
1.0617	0.0043915	9.6184
1.0666	0.0038301	8.1036
1.0715	0.0033531	6.7392
1.0765	0.0029457	5.5017
1.0814	0.0025961	4.372
1.0864	0.0022947	3.3348
1.0914	0.0020339	2.3774
1.0965	0.0018072	1.4894
1.1015	0.0016096	0.6621
1.1066	0.0014367	-0.11183
1.1117	0.001285	-0.83856
1.1169	0.0011515	-1.5233
1.122	0.0010338	-2.1707
1.1272	0.00092961	-2.7844
1.1324	0.00083726	-3.3679
1.1376	0.00075521	-3.9241
1.1429	0.00068216	-4.4555
1.1482	0.000617	-4.9643
1.1535	0.00055877	-5.4526
1.1588	0.00050664	-5.922
1.1641	0.00045991	-6.3741
1.1695	0.00041794	-6.8104
1.1749	0.00038019	-7.2319
1.1803	0.0003462	-7.6399
1.1858	0.00031555	-8.0353
1.1912	0.00028787	-8.419
1.1967	0.00026285	-8.7919
1.2023	0.0002402	-9.1546
1.2078	0.00021969	-9.5079
1.2134	0.00020108	-9.8523
1.219	0.00018418	-10.189
1.2246	0.00016883	-10.517
1.2303	0.00015486	-10.838
1.2359	0.00014214	-11.152
1.2417	0.00013055	-11.46
1.2474	0.00011998	-11.762
1.2531	0.00011033	-12.058
1.2589	0.00010152	-12.348
1.2647	9.3461e-05	-12.633
1.2706	8.6091e-05	-12.914
1.2764	7.9344e-05	-13.19
1.2823	7.3163e-05	-13.461
1.2882	6.7497e-05	-13.728
1.2942	6.23e-05	-13.992
1.3002	5.7531e-05	-14.251
1.3062	5.315e-05	-14.507
1.3122	4.9125e-05	-14.76
1.3183	4.5425e-05	-15.009
1.3243	4.2021e-05	-15.255
1.3305	3.8888e-05	-15.498
1.3366	3.6003e-05	-15.738
1.3428	3.3344e-05	-15.976
1.349	3.0894e-05	-16.211
1.3552	2.8635e-05	-16.443
1.3614	2.655e-05	-16.673
1.3677	2.4626e-05	-16.901
1.374	2.2849e-05	-17.127
1.3804	2.1207e-05	-17.35
1.3868	1.969e-05	-17.572
1.3932	1.8287e-05	-17.791
1.3996	1.699e-05	-18.009
1.406	1.5789e-05	-18.225
1.4125	1.4677e-05	-18.439
1.4191	1.3648e-05	-18.651
1.4256	1.2695e-05	-18.862
1.4322	1.1811e-05	-19.072
1.4388	1.0992e-05	-19.279
1.4454	1.0233e-05	-19.486
1.4521	9.5286e-06	-19.691
1.4588	8.875e-06	-19.895
1.4655	8.2683e-06	-20.097
1.4723	7.7049e-06	-20.298
1.4791	7.1817e-06	-20.498
1.4859	6.6957e-06	-20.697
1.4928	6.244e-06	-20.895
1.4997	5.8241e-06	-21.092
1.5066	5.4336e-06	-21.287
1.5136	5.0705e-06	-21.482
1.5205	4.7326e-06	-21.675
1.5276	4.4183e-06	-21.868
1.5346	4.1256e-06	-22.06
1.5417	3.8532e-06	-22.251
1.5488	3.5994e-06	-22.441
1.556	3.3631e-06	-22.63
1.5631	3.1428e-06	-22.819
1.5704	2.9376e-06	-23.006
1.5776	2.7463e-06	-23.193
1.5849	2.5679e-06	-23.379
1.5922	2.4015e-06	-23.565
1.5996	2.2464e-06	-23.75
1.6069	2.1016e-06	-23.934
1.6144	1.9665e-06	-24.117
1.6218	1.8404e-06	-24.3
1.6293	1.7226e-06	-24.483
1.6368	1.6127e-06	-24.664
1.6444	1.51e-06	-24.845
1.652	1.4141e-06	-25.026
1.6596	1.3245e-06	-25.206
1.6672	1.2408e-06	-25.386
1.6749	1.1625e-06	-25.565
1.6827	1.0894e-06	-25.743
1.6904	1.021e-06	-25.921
1.6982	9.5699e-07	-26.099
1.7061	8.9715e-07	-26.276
1.714	8.4118e-07	-26.453
1.7219	7.8881e-07	-26.629
1.7298	7.3981e-07	-26.805
1.7378	6.9394e-07	-26.98
1.7458	6.51e-07	-27.155
1.7539	6.1081e-07	-27.33
1.762	5.7316e-07	-27.504
1.7701	5.3791e-07	-27.678
1.7783	5.0489e-07	-27.852
1.7865	4.7396e-07	-28.025
1.7947	4.4498e-07	-28.198
1.803	4.1782e-07	-28.37
1.8113	3.9236e-07	-28.542
1.8197	3.685e-07	-28.714
1.8281	3.4613e-07	-28.886
1.8365	3.2516e-07	-29.057
1.845	3.0549e-07	-29.228
1.8535	2.8705e-07	-29.399
1.8621	2.6974e-07	-29.569
1.8707	2.5351e-07	-29.74
1.8793	2.3828e-07	-29.909
1.888	2.2399e-07	-30.079
1.8967	2.1058e-07	-30.248
1.9055	1.98e-07	-30.418
1.9143	1.8618e-07	-30.586
1.9231	1.7509e-07	-30.755
1.932	1.6467e-07	-30.924
1.9409	1.5489e-07	-31.092
1.9498	1.4571e-07	-31.26
1.9588	1.3708e-07	-31.427
1.9679	1.2898e-07	-31.595
1.977	1.2137e-07	-31.762
1.9861	1.1421e-07	-31.929
1.9953	1.0749e-07	-32.096
2.0045	1.0118e-07	-32.263
2.0137	9.5238e-08	-32.429
2.023	8.9658e-08	-32.595
2.0324	8.4412e-08	-32.762
2.0417	7.948e-08	-32.927
2.0512	7.4843e-08	-33.093
2.0606	7.0482e-08	-33.259
2.0701	6.6381e-08	-33.424
2.0797	6.2524e-08	-33.589
2.0893	5.8896e-08	-33.754
2.0989	5.5483e-08	-33.919
2.1086	5.2272e-08	-34.083
2.1184	4.925e-08	-34.248
2.1281	4.6407e-08	-34.412
2.138	4.3732e-08	-34.576
2.1478	4.1214e-08	-34.74
2.1577	3.8844e-08	-34.904
2.1677	3.6613e-08	-35.067
2.1777	3.4513e-08	-35.231
2.1878	3.2536e-08	-35.394
2.1979	3.0674e-08	-35.557
2.208	2.8921e-08	-35.72
2.2182	2.727e-08	-35.883
2.2284	2.5715e-08	-36.045
2.2387	2.4251e-08	-36.208
2.2491	2.2871e-08	-36.37
2.2594	2.1572e-08	-36.532
2.2699	2.0347e-08	-36.694
2.2803	1.9194e-08	-36.856
2.2909	1.8107e-08	-37.018
2.3014	1.7083e-08	-37.179
2.3121	1.6118e-08	-37.341
2.3227	1.5208e-08	-37.502
2.3335	1.4351e-08	-37.663
2.3442	1.3543e-08	-37.824
2.355	1.2781e-08	-37.984
2.3659	1.2062e-08	-38.145
2.3768	1.1385e-08	-38.305
2.3878	1.0747e-08	-38.466
2.3988	1.0145e-08	-38.626
2.4099	9.5771e-09	-38.786
2.421	9.0417e-09	-38.946
2.4322	8.5367e-09	-39.105
2.4434	8.0604e-09	-39.265
2.4547	7.6111e-09	-39.424
2.466	7.1873e-09	-39.583
2.4774	6.7875e-09	-39.742
2.4889	6.4103e-09	-39.901
2.5003	6.0544e-09	-40.06
2.5119	5.7185e-09	-40.218
2.5235	5.4016e-09	-40.377
2.5351	5.1026e-09	-40.535
2.5468	4.8204e-09	-40.693
2.5586	4.554e-09	-40.851
2.5704	4.3026e-09	-41.009
2.5823	4.0652e-09	-41.166
2.5942	3.8412e-09	-41.324
2.6062	3.6297e-09	-41.481
2.6182	3.43e-09	-41.638
2.6303	3.2415e-09	-41.795
2.6424	3.0635e-09	-41.952
2.6546	2.8954e-09	-42.109
2.6669	2.7367e-09	-42.265
2.6792	2.5868e-09	-42.421
2.6915	2.4452e-09	-42.577
2.704	2.3115e-09	-42.733
2.7164	2.1852e-09	-42.889
2.729	2.066e-09	-43.045
2.7416	1.9533e-09	-43.2
2.7542	1.8468e-09	-43.355
2.7669	1.7463e-09	-43.51
2.7797	1.6513e-09	-43.665
2.7925	1.5615e-09	-43.82
2.8054	1.4767e-09	-43.974
2.8184	1.3965e-09	-44.129
2.8314	1.3208e-09	-44.283
2.8445	1.2492e-09	-44.437
2.8576	1.1816e-09	-44.59
2.8708	1.1176e-09	-44.744
2.884	1.0572e-09	-44.897
2.8973	1.0001e-09	-45.051
2.9107	9.461e-10	-45.204
2.9242	8.9506e-10	-45.356
2.9376	8.4681e-10	-45.509
2.9512	8.012e-10	-45.662
2.9648	7.5808e-10	-45.814
2.9785	7.1731e-10	-45.966
2.9923	6.7875e-10	-46.118
3.0061	6.423e-10	-46.269
3.02	6.0783e-10	-46.421
3.0339	5.7523e-10	-46.572
3.0479	5.4441e-10	-46.723
3.062	5.1525e-10	-46.874
3.0761	4.8768e-10	-47.024
3.0903	4.616e-10	-47.175
3.1046	4.3693e-10	-47.325
3.1189	4.136e-10	-47.475
3.1333	3.9152e-10	-47.625
3.1477	3.7064e-10	-47.774
3.1623	3.5089e-10	-47.923
3.1769	3.322e-10	-48.072
3.1915	3.1452e-10	-48.221
3.2063	2.9779e-10	-48.37
3.2211	2.8196e-10	-48.518
3.2359	2.6698e-10	-48.667
3.2509	2.5281e-10	-48.815
3.2659	2.394e-10	-48.962
3.281	2.2671e-10	-49.11
3.2961	2.147e-10	-49.257
3.3113	2.0333e-10	-49.404
3.3266	1.9257e-10	-49.551
3.342	1.8239e-10	-49.698
3.3574	1.7275e-10	-49.844
3.3729	1.6362e-10	-49.99
3.3884	1.5499e-10	-50.136
3.4041	1.4681e-10	-50.282
3.4198	1.3907e-10	-50.427
3.4356	1.3174e-10	-50.572
3.4514	1.2481e-10	-50.717
3.4674	1.1824e-10	-50.862
3.4834	1.1202e-10	-51.006
3.4995	1.0613e-10	-51.15
3.5156	1.0056e-10	-51.294
3.5318	9.5278e-11	-51.438
3.5481	9.0279e-11	-51.581
3.5645	8.5545e-11	-51.724
3.581	8.1062e-11	-51.867
3.5975	7.6816e-11	-52.01
3.6141	7.2795e-11	-52.152
3.6308	6.8987e-11	-52.294
3.6475	6.5379e-11	-52.436
3.6644	6.1963e-11	-52.578
3.6813	5.8726e-11	-52.719
3.6983	5.5661e-11	-52.86
3.7154	5.2757e-11	-53.001
3.7325	5.0006e-11	-53.141
3.7497	4.74e-11	-53.282
3.767	4.4931e-11	-53.422
3.7844	4.2592e-11	-53.561
3.8019	4.0376e-11	-53.701
3.8194	3.8277e-11	-53.84
3.8371	3.6287e-11	-53.979
3.8548	3.4402e-11	-54.117
3.8726	3.2616e-11	-54.256
3.8905	3.0924e-11	-54.394
3.9084	2.932e-11	-54.532
3.9264	2.78e-11	-54.669
3.9446	2.636e-11	-54.806
3.9628	2.4995e-11	-54.943
3.9811	2.3701e-11	-55.08
3.9994	2.2475e-11	-55.216
4.0179	2.1313e-11	-55.352
4.0365	2.0212e-11	-55.488
4.0551	1.9168e-11	-55.623
4.0738	1.8178e-11	-55.759
4.0926	1.724e-11	-55.894
4.1115	1.6351e-11	-56.028
4.1305	1.5508e-11	-56.163
4.1495	1.4709e-11	-56.297
4.1687	1.3952e-11	-56.43
4.1879	1.3234e-11	-56.564
4.2073	1.2553e-11	-56.697
4.2267	1.1907e-11	-56.83
4.2462	1.1295e-11	-56.962
4.2658	1.0715e-11	-57.094
4.2855	1.0165e-11	-57.226
4.3053	9.6433e-12	-57.358
4.3251	9.1486e-12	-57.489
4.3451	8.6795e-12	-57.62
4.3652	8.2347e-12	-57.751
4.3853	7.8129e-12	-57.882
4.4055	7.4129e-12	-58.012
4.4259	7.0336e-12	-58.142
4.4463	6.6738e-12	-58.271
4.4668	6.3326e-12	-58.4
4.4875	6.0089e-12	-58.529
4.5082	5.702e-12	-58.658
4.529	5.4109e-12	-58.786
4.5499	5.1347e-12	-58.914
4.5709	4.8728e-12	-59.042
4.592	4.6244e-12	-59.169
4.6132	4.3887e-12	-59.296
4.6345	4.1651e-12	-59.423
4.6559	3.9531e-12	-59.549
4.6774	3.7519e-12	-59.675
4.6989	3.561e-12	-59.801
4.7206	3.38e-12	-59.926
4.7424	3.2082e-12	-60.051
4.7643	3.0452e-12	-60.176
4.7863	2.8906e-12	-60.301
4.8084	2.7438e-12	-60.425
4.8306	2.6046e-12	-60.549
4.8529	2.4725e-12	-60.672
4.8753	2.3472e-12	-60.796
4.8978	2.2283e-12	-60.919
4.9204	2.1154e-12	-61.041
4.9431	2.0083e-12	-61.163
4.9659	1.9067e-12	-61.285
4.9888	1.8103e-12	-61.407
5.0119	1.7188e-12	-61.528
5.035	1.6319e-12	-61.649
5.0582	1.5495e-12	-61.77
5.0816	1.4712e-12	-61.89
5.105	1.397e-12	-62.01
5.1286	1.3265e-12	-62.13
5.1523	1.2596e-12	-62.249
5.1761	1.1961e-12	-62.369
5.2	1.1359e-12	-62.487
5.224	1.0787e-12	-62.606
5.2481	1.0244e-12	-62.724
5.2723	9.7284e-13	-62.842
5.2966	9.2391e-13	-62.959
5.3211	8.7746e-13	-63.076
5.3456	8.3337e-13	-63.193
5.3703	7.9151e-13	-63.309
5.3951	7.5177e-13	-63.425
5.42	7.1404e-13	-63.541
5.445	6.7822e-13	-63.657
5.4702	6.4421e-13	-63.772
5.4954	6.1192e-13	-63.887
5.5208	5.8127e-13	-64.001
5.5463	5.5216e-13	-64.116
5.5719	5.2452e-13	-64.229
5.5976	4.9827e-13	-64.343
5.6234	4.7335e-13	-64.456
5.6494	4.4969e-13	-64.569
5.6754	4.2721e-13	-64.682
5.7016	4.0588e-13	-64.794
5.728	3.8561e-13	-64.906
5.7544	3.6637e-13	-65.017
5.781	3.4809e-13	-65.129
5.8076	3.3073e-13	-65.24
5.8345	3.1425e-13	-65.35
5.8614	2.9859e-13	-65.461
5.8884	2.8372e-13	-65.571
5.9156	2.696e-13	-65.68
5.9429	2.5618e-13	-65.79
5.9704	2.4344e-13	-65.899
5.9979	2.3134e-13	-66.007
6.0256	2.1984e-13	-66.116
6.0534	2.0892e-13	-66.224
6.0814	1.9855e-13	-66.332
6.1094	1.887e-13	-66.439
6.1376	1.7933e-13	-66.546
6.166	1.7044e-13	-66.653
6.1944	1.62e-13	-66.759
6.223	1.5397e-13	-66.865
6.2517	1.4635e-13	-66.971
6.2806	1.391e-13	-67.077
6.3096	1.3222e-13	-67.182
6.3387	1.2568e-13	-67.287
6.368	1.1947e-13	-67.391
6.3973	1.1357e-13	-67.495
6.4269	1.0796e-13	-67.599
6.4565	1.0263e-13	-67.703
6.4863	9.7563e-14	-67.806
6.5163	9.2752e-14	-67.909
6.5464	8.8179e-14	-68.012
6.5766	8.3834e-14	-68.114
6.6069	7.9705e-14	-68.216
6.6374	7.5781e-14	-68.318
6.6681	7.2052e-14	-68.419
6.6988	6.8508e-14	-68.52
6.7298	6.514e-14	-68.621
6.7608	6.1939e-14	-68.721
6.792	5.8897e-14	-68.822
6.8234	5.6006e-14	-68.921
6.8549	5.3258e-14	-69.021
6.8865	5.0646e-14	-69.12
6.9183	4.8163e-14	-69.219
6.9502	4.5803e-14	-69.318
6.9823	4.356e-14	-69.416
7.0146	4.1428e-14	-69.514
7.0469	3.9401e-14	-69.611
7.0795	3.7474e-14	-69.709
7.1121	3.5642e-14	-69.806
7.145	3.3901e-14	-69.903
7.1779	3.2246e-14	-69.999
7.2111	3.0672e-14	-70.095
7.2444	2.9176e-14	-70.191
7.2778	2.7753e-14	-70.287
7.3114	2.6401e-14	-70.382
7.3451	2.5115e-14	-70.477
7.379	2.3892e-14	-70.571
7.4131	2.273e-14	-70.666
7.4473	2.1625e-14	-70.76
7.4817	2.0574e-14	-70.853
7.5162	1.9574e-14	-70.947
7.5509	1.8624e-14	-71.04
7.5858	1.772e-14	-71.133
7.6208	1.6861e-14	-71.225
7.656	1.6043e-14	-71.318
7.6913	1.5266e-14	-71.41
7.7268	1.4527e-14	-71.501
7.7625	1.3824e-14	-71.593
7.7983	1.3156e-14	-71.684
7.8343	1.252e-14	-71.775
7.8705	1.1915e-14	-71.865
7.9068	1.134e-14	-71.955
7.9433	1.0793e-14	-72.045
7.9799	1.0272e-14	-72.135
8.0168	9.7772e-15	-72.224
8.0538	9.3063e-15	-72.313
8.091	8.8584e-15	-72.402
8.1283	8.4323e-15	-72.491
8.1658	8.0269e-15	-72.579
8.2035	7.6413e-15	-72.667
8.2414	7.2744e-15	-72.754
8.2794	6.9254e-15	-72.842
8.3176	6.5933e-15	-72.929
8.356	6.2774e-15	-73.016
8.3946	5.9768e-15	-73.102
8.4333	5.6908e-15	-73.189
8.4723	5.4186e-15	-73.275
8.5114	5.1597e-15	-73.36
8.5507	4.9133e-15	-73.446
8.5901	4.6788e-15	-73.531
8.6298	4.4557e-15	-73.616
8.6696	4.2434e-15	-73.701
8.7096	4.0413e-15	-73.785
8.7498	3.849e-15	-73.869
8.7902	3.666e-15	-73.953
8.8308	3.4918e-15	-74.036
8.8716	3.326e-15	-74.12
8.9125	3.1683e-15	-74.203
8.9536	3.0181e-15	-74.286
8.995	2.8751e-15	-74.368
9.0365	2.7391e-15	-74.45
9.0782	2.6095e-15	-74.532
9.1201	2.4862e-15	-74.614
9.1622	2.3689e-15	-74.696
9.2045	2.2571e-15	-74.777
9.247	2.1507e-15	-74.858
9.2897	2.0495e-15	-74.938
9.3325	1.9531e-15	-75.019
9.3756	1.8613e-15	-75.099
9.4189	1.7738e-15	-75.179
9.4624	1.6906e-15	-75.259
9.506	1.6114e-15	-75.338
9.5499	1.5359e-15	-75.417
9.594	1.4641e-15	-75.496
9.6383	1.3956e-15	-75.575
9.6828	1.3305e-15	-75.654
9.7275	1.2684e-15	-75.732
9.7724	1.2093e-15	-75.81
9.8175	1.153e-15	-75.887
9.8628	1.0994e-15	-75.965
9.9083	1.0484e-15	-76.042
9.9541	9.9972e-16	-76.119
10	9.5339e-16	-76.196
10.046	9.0926e-16	-76.273
10.093	8.6722e-16	-76.349
10.139	8.2717e-16	-76.425
10.186	7.8902e-16	-76.501
10.233	7.5267e-16	-76.576
10.28	7.1804e-16	-76.652
10.328	6.8504e-16	-76.727
10.375	6.536e-16	-76.802
10.423	6.2365e-16	-76.876
10.471	5.951e-16	-76.951
10.52	5.679e-16	-77.025
10.568	5.4198e-16	-77.099
10.617	5.1728e-16	-77.173
10.666	4.9374e-16	-77.247
10.715	4.7131e-16	-77.32
10.765	4.4992e-16	-77.393
10.814	4.2954e-16	-77.466
10.864	4.1011e-16	-77.539
10.914	3.9159e-16	-77.611
10.965	3.7394e-16	-77.683
11.015	3.5711e-16	-77.755
11.066	3.4107e-16	-77.827
11.117	3.2578e-16	-77.899
11.169	3.112e-16	-77.97
11.22	2.9729e-16	-78.042
11.272	2.8404e-16	-78.113
11.324	2.714e-16	-78.183
11.376	2.5934e-16	-78.254
11.429	2.4785e-16	-78.324
11.482	2.3689e-16	-78.395
11.535	2.2644e-16	-78.465
11.588	2.1647e-16	-78.534
11.641	2.0696e-16	-78.604
11.695	1.9789e-16	-78.673
11.749	1.8924e-16	-78.743
11.803	1.8099e-16	-78.812
11.858	1.7312e-16	-78.88
11.912	1.6561e-16	-78.949
11.967	1.5845e-16	-79.018
12.023	1.5161e-16	-79.086
12.078	1.4509e-16	-79.154
12.134	1.3887e-16	-79.222
12.19	1.3294e-16	-79.289
12.246	1.2727e-16	-79.357
12.303	1.2187e-16	-79.424
12.359	1.1671e-16	-79.491
12.417	1.1179e-16	-79.558
12.474	1.071e-16	-79.625
12.531	1.0262e-16	-79.692
12.589	9.8342e-17	-79.758
12.647	9.4262e-17	-79.825
12.706	9.0367e-17	-79.891
12.764	8.665e-17	-79.957
12.823	8.3103e-17	-80.022
12.882	7.9718e-17	-80.088
12.942	7.6487e-17	-80.153
13.002	7.3404e-17	-80.219
13.062	7.0461e-17	-80.284
13.122	6.7653e-17	-80.349
13.183	6.4974e-17	-80.414
13.243	6.2417e-17	-80.478
13.305	5.9977e-17	-80.543
13.366	5.7649e-17	-80.607
13.428	5.5428e-17	-80.671
13.49	5.331e-17	-80.735
13.552	5.1289e-17	-80.799
13.614	4.9362e-17	-80.863
13.677	4.7525e-17	-80.926
13.74	4.5773e-17	-80.99
13.804	4.4104e-17	-81.053
13.868	4.2514e-17	-81.116
13.932	4.0999e-17	-81.179
13.996	3.9557e-17	-81.242
14.06	3.8184e-17	-81.305
14.125	3.6879e-17	-81.367
14.191	3.5638e-17	-81.43
14.256	3.4459e-17	-81.492
14.322	3.3341e-17	-81.554
14.388	3.228e-17	-81.617
14.454	3.1276e-17	-81.679
14.521	3.0327e-17	-81.74
14.588	2.9431e-17	-81.802
14.655	2.8587e-17	-81.864
14.723	2.7794e-17	-81.925
14.791	2.7051e-17	-81.987
14.859	2.6358e-17	-82.048
14.928	2.5714e-17	-82.11
14.997	2.5119e-17	-82.171
15.066	2.4575e-17	-82.232
15.136	2.4081e-17	-82.293
15.205	2.3639e-17	-82.354
15.276	2.3252e-17	-82.415
15.346	2.2921e-17	-82.476
15.417	2.2651e-17	-82.537
15.488	2.2446e-17	-82.598
15.56	2.2313e-17	-82.659
15.631	2.2262e-17	-82.72
15.704	2.2303e-17	-82.781
15.776	2.2453e-17	-82.843
15.849	2.2733e-17	-82.904
15.922	2.3172e-17	-82.966
15.996	2.3814e-17	-83.029
16.069	2.4721e-17	-83.092
16.144	2.599e-17	-83.157
16.218	2.7773e-17	-83.223
16.293	3.0334e-17	-83.291
16.368	3.4159e-17	-83.364
16.444	4.0264e-17	-83.445
16.52	5.1178e-17	-83.543
16.596	7.5421e-17	-83.688
16.672	1.7105e-16	-84.089
16.749	3.4822e-16	97.711
16.827	7.6376e-17	96.68
16.904	3.9911e-17	96.492
16.982	2.5616e-17	96.384
17.061	1.806e-17	96.299
17.14	1.3432e-17	96.226
17.219	1.0337e-17	96.158
17.298	8.141e-18	96.094
17.378	6.518e-18	96.033
17.458	5.2807e-18	95.973
17.539	4.3149e-18	95.915
17.62	3.5468e-18	95.858
17.701	2.9269e-18	95.802
17.783	2.4204e-18	95.748
17.865	2.0024e-18	95.695
17.947	1.6546e-18	95.644
18.03	1.3632e-18	95.594
18.113	1.1176e-18	95.547
18.197	9.0959e-19	95.503
18.281	7.3273e-19	95.463
18.365	5.8186e-19	95.429
18.45	4.528e-19	95.404
18.535	3.4218e-19	95.394
18.621	2.4721e-19	95.41
18.707	1.6559e-19	95.484
18.793	9.5403e-20	95.717
18.88	3.5053e-20	96.837
18.967	1.6893e-20	-88.94
19.055	6.1428e-20	-86.196
19.143	9.9639e-20	-85.845
19.231	1.3234e-19	-85.739
19.32	1.6024e-19	-85.71
19.409	1.8397e-19	-85.713
19.498	2.0405e-19	-85.734
19.588	2.2094e-19	-85.765
19.679	2.3505e-19	-85.803
19.77	2.4673e-19	-85.846
19.861	2.5628e-19	-85.891
19.953	2.6397e-19	-85.94
20.045	2.7004e-19	-85.99
20.137	2.7469e-19	-86.041
20.23	2.781e-19	-86.094
20.324	2.8043e-19	-86.147
20.417	2.8182e-19	-86.202
20.512	2.824e-19	-86.257
20.606	2.8227e-19	-86.313
20.701	2.8154e-19	-86.369
20.797	2.8028e-19	-86.426
20.893	2.7858e-19	-86.483
20.989	2.765e-19	-86.541
21.086	2.7411e-19	-86.599
21.184	2.7145e-19	-86.657
21.281	2.6858e-19	-86.716
21.38	2.6553e-19	-86.775
21.478	2.6234e-19	-86.834
21.577	2.5906e-19	-86.894
21.677	2.557e-19	-86.954
21.777	2.5229e-19	-87.014
21.878	2.4886e-19	-87.075
21.979	2.4543e-19	-87.136
22.08	2.4201e-19	-87.197
22.182	2.3864e-19	-87.259
22.284	2.3531e-19	-87.321
22.387	2.3205e-19	-87.383
22.491	2.2887e-19	-87.446
22.594	2.2578e-19	-87.509
22.699	2.2279e-19	-87.572
22.803	2.1991e-19	-87.636
22.909	2.1716e-19	-87.7
23.014	2.1454e-19	-87.765
23.121	2.1206e-19	-87.83
23.227	2.0974e-19	-87.895
23.335	2.0758e-19	-87.961
23.442	2.0559e-19	-88.028
23.55	2.0379e-19	-88.095
23.659	2.0218e-19	-88.163
23.768	2.0078e-19	-88.231
23.878	1.9961e-19	-88.3
23.988	1.9868e-19	-88.369
24.099	1.9802e-19	-88.439
24.21	1.9763e-19	-88.51
24.322	1.9755e-19	-88.582
24.434	1.9781e-19	-88.654
24.547	1.9844e-19	-88.728
24.66	1.9949e-19	-88.802
24.774	2.01e-19	-88.877
24.889	2.0304e-19	-88.953
25.003	2.0568e-19	-89.031
25.119	2.0902e-19	-89.109
25.235	2.1317e-19	-89.19
25.351	2.1829e-19	-89.271
25.468	2.2456e-19	-89.355
25.586	2.3224e-19	-89.44
25.704	2.4168e-19	-89.528
25.823	2.5333e-19	-89.619
25.942	2.6787e-19	-89.713
26.062	2.8625e-19	-89.812
26.182	3.0993e-19	-89.916
26.303	3.4122e-19	-90.028
26.424	3.8402e-19	-90.15
26.546	4.4551e-19	-90.29
26.669	5.4042e-19	-90.459
26.792	7.0454e-19	-90.689
26.915	1.0534e-18	-91.076
27.04	2.2826e-18	-92.212
27.164	8.4744e-18	96.83
27.29	1.3926e-18	90.712
27.416	7.3139e-19	90.053
27.542	4.8371e-19	89.742
27.669	3.5449e-19	89.53
27.797	2.7544e-19	89.358
27.925	2.2228e-19	89.206
28.054	1.8422e-19	89.064
28.184	1.5572e-19	88.928
28.314	1.3365e-19	88.794
28.445	1.1612e-19	88.661
28.576	1.019e-19	88.528
28.708	9.0179e-20	88.394
28.84	8.0373e-20	88.257
28.973	7.2076e-20	88.118
29.107	6.4986e-20	87.976
29.242	5.8875e-20	87.831
29.376	5.3568e-20	87.681
29.512	4.893e-20	87.526
29.648	4.4853e-20	87.367
29.785	4.1252e-20	87.202
29.923	3.8056e-20	87.031
30.061	3.5208e-20	86.853
30.2	3.2662e-20	86.668
30.339	3.0379e-20	86.475
30.479	2.8326e-20	86.273
30.62	2.6475e-20	86.061
30.761	2.4804e-20	85.838
30.903	2.3291e-20	85.604
31.046	2.192e-20	85.357
31.189	2.0677e-20	85.095
31.333	1.9549e-20	84.817
31.477	1.8525e-20	84.521
31.623	1.7595e-20	84.205
31.769	1.6752e-20	83.866
31.915	1.5989e-20	83.501
32.063	1.53e-20	83.108
32.211	1.4679e-20	82.681
32.359	1.4124e-20	82.216
32.509	1.363e-20	81.707
32.659	1.3196e-20	81.146
32.81	1.282e-20	80.525
32.961	1.2501e-20	79.833
33.113	1.224e-20	79.056
33.266	1.2039e-20	78.176
33.42	1.1901e-20	77.171
33.574	1.183e-20	76.011
33.729	1.1834e-20	74.655
33.884	1.1924e-20	73.052
34.041	1.2114e-20	71.125
34.198	1.2424e-20	68.769
34.356	1.2881e-20	65.828
34.514	1.3519e-20	62.073
34.674	1.4377e-20	57.154
34.834	1.548e-20	50.537
34.995	1.6785e-20	41.455
35.156	1.8023e-20	29.002
35.318	1.8501e-20	12.804
35.481	1.7395e-20	-5.6173
35.645	1.484e-20	-22.928
35.81	1.1905e-20	-36.763
35.975	9.3591e-21	-46.966
36.141	7.376e-21	-54.374
36.308	5.8782e-21	-59.835
36.475	4.7459e-21	-63.963
36.644	3.8797e-21	-67.167
36.813	3.2069e-21	-69.713
36.983	2.6765e-21	-71.781
37.154	2.2524e-21	-73.491
37.325	1.9092e-21	-74.928
37.497	1.6283e-21	-76.153
37.67	1.3962e-21	-77.21
37.844	1.2028e-21	-78.131
38.019	1.0404e-21	-78.942
38.194	9.0322e-22	-79.663
38.371	7.8656e-22	-80.307
38.548	6.8687e-22	-80.887
38.726	6.0127e-22	-81.412
38.905	5.2746e-22	-81.891
39.084	4.6356e-22	-82.33
39.264	4.0806e-22	-82.733
39.446	3.597e-22	-83.106
39.628	3.1744e-22	-83.452
39.811	2.804e-22	-83.774
39.994	2.4786e-22	-84.075
40.179	2.1921e-22	-84.357
40.365	1.9394e-22	-84.621
40.551	1.7159e-22	-84.871
40.738	1.5179e-22	-85.106
40.926	1.3422e-22	-85.33
41.115	1.186e-22	-85.541
41.305	1.0468e-22	-85.742
41.495	9.2274e-23	-85.933
41.687	8.1183e-23	-86.116
41.879	7.1255e-23	-86.29
42.073	6.235e-23	-86.456
42.267	5.4347e-23	-86.614
42.462	4.7138e-23	-86.766
42.658	4.0627e-23	-86.91
42.855	3.4731e-23	-87.047
43.053	2.9372e-23	-87.176
43.251	2.448e-23	-87.296
43.451	1.9992e-23	-87.405
43.652	1.5848e-23	-87.499
43.853	1.1992e-23	-87.567
44.055	8.3669e-24	-87.583
44.259	4.9157e-24	-87.449
44.463	1.5778e-24	-86.233
44.668	1.7192e-24	89.855
44.875	5.0542e-24	90.928
45.082	8.5381e-24	91.056
45.29	1.2321e-23	91.043
45.499	1.6629e-23	90.98
45.709	2.183e-23	90.891
45.92	2.8587e-23	90.781
46.132	3.8251e-23	90.646
46.345	5.4105e-23	90.465
46.559	8.6824e-23	90.168
46.774	2.0254e-22	89.307
46.989	6.7564e-22	-84.813
47.206	1.2698e-22	-88.613
47.424	6.9515e-23	-89.08
47.643	4.7376e-23	-89.307
47.863	3.5548e-23	-89.464
48.084	2.8142e-23	-89.59
48.306	2.3045e-23	-89.701
48.529	1.9313e-23	-89.801
48.753	1.6456e-23	-89.895
48.978	1.4199e-23	-89.985
49.204	1.237e-23	-90.071
49.431	1.086e-23	-90.154
49.659	9.5933e-24	-90.235
49.888	8.5181e-24	-90.314
50.119	7.5958e-24	-90.392
50.35	6.7981e-24	-90.468
50.582	6.1031e-24	-90.543
50.816	5.4938e-24	-90.617
51.05	4.957e-24	-90.69
51.286	4.4818e-24	-90.762
51.523	4.0596e-24	-90.833
51.761	3.6832e-24	-90.903
52	3.3465e-24	-90.973
52.24	3.0446e-24	-91.041
52.481	2.7732e-24	-91.11
52.723	2.5287e-24	-91.177
52.966	2.3081e-24	-91.244
53.211	2.1086e-24	-91.311
53.456	1.928e-24	-91.376
53.703	1.7642e-24	-91.442
53.951	1.6155e-24	-91.507
54.2	1.4803e-24	-91.571
54.45	1.3572e-24	-91.635
54.702	1.2451e-24	-91.699
54.954	1.1429e-24	-91.762
55.208	1.0496e-24	-91.825
55.463	9.6434e-25	-91.888
55.719	8.8644e-25	-91.95
55.976	8.1517e-25	-92.012
56.234	7.4993e-25	-92.074
56.494	6.9018e-25	-92.135
56.754	6.3542e-25	-92.196
57.016	5.8521e-25	-92.257
57.28	5.3914e-25	-92.317
57.544	4.9685e-25	-92.377
57.81	4.5802e-25	-92.437
58.076	4.2234e-25	-92.497
58.345	3.8955e-25	-92.557
58.614	3.594e-25	-92.616
58.884	3.3166e-25	-92.675
59.156	3.0614e-25	-92.734
59.429	2.8265e-25	-92.793
59.704	2.6102e-25	-92.852
59.979	2.411e-25	-92.91
60.256	2.2274e-25	-92.968
60.534	2.0583e-25	-93.027
60.814	1.9023e-25	-93.085
61.094	1.7585e-25	-93.142
61.376	1.6259e-25	-93.2
61.66	1.5035e-25	-93.258
61.944	1.3906e-25	-93.315
62.23	1.2863e-25	-93.373
62.517	1.1901e-25	-93.43
62.806	1.1013e-25	-93.487
63.096	1.0192e-25	-93.544
63.387	9.4336e-26	-93.601
63.68	8.7331e-26	-93.658
63.973	8.0857e-26	-93.715
64.269	7.4873e-26	-93.772
64.565	6.9341e-26	-93.829
64.863	6.4226e-26	-93.885
65.163	5.9495e-26	-93.942
65.464	5.512e-26	-93.998
65.766	5.1072e-26	-94.055
66.069	4.7327e-26	-94.111
66.374	4.3862e-26	-94.168
66.681	4.0655e-26	-94.224
66.988	3.7686e-26	-94.28
67.298	3.4938e-26	-94.337
67.608	3.2393e-26	-94.393
67.92	3.0037e-26	-94.449
68.234	2.7855e-26	-94.506
68.549	2.5834e-26	-94.562
68.865	2.3962e-26	-94.618
69.183	2.2227e-26	-94.674
69.502	2.062e-26	-94.731
69.823	1.9131e-26	-94.787
70.146	1.7751e-26	-94.843
70.469	1.6471e-26	-94.899
70.795	1.5286e-26	-94.955
71.121	1.4186e-26	-95.012
71.45	1.3167e-26	-95.068
71.779	1.2222e-26	-95.124
72.111	1.1346e-26	-95.181
72.444	1.0533e-26	-95.237
72.778	9.7795e-27	-95.293
73.114	9.0803e-27	-95.35
73.451	8.4317e-27	-95.406
73.79	7.83e-27	-95.462
74.131	7.2717e-27	-95.519
74.473	6.7537e-27	-95.575
74.817	6.273e-27	-95.632
75.162	5.8268e-27	-95.689
75.509	5.4128e-27	-95.745
75.858	5.0285e-27	-95.802
76.208	4.6717e-27	-95.859
76.56	4.3406e-27	-95.916
76.913	4.0331e-27	-95.972
77.268	3.7476e-27	-96.029
77.625	3.4826e-27	-96.086
77.983	3.2365e-27	-96.143
78.343	3.0079e-27	-96.201
78.705	2.7956e-27	-96.258
79.068	2.5985e-27	-96.315
79.433	2.4153e-27	-96.372
79.799	2.2452e-27	-96.43
80.168	2.0872e-27	-96.487
80.538	1.9404e-27	-96.545
80.91	1.804e-27	-96.602
81.283	1.6773e-27	-96.66
81.658	1.5596e-27	-96.718
82.035	1.4502e-27	-96.776
82.414	1.3485e-27	-96.834
82.794	1.254e-27	-96.892
83.176	1.1662e-27	-96.95
83.56	1.0846e-27	-97.008
83.946	1.0087e-27	-97.067
84.333	9.3823e-28	-97.125
84.723	8.7269e-28	-97.184
85.114	8.1176e-28	-97.242
85.507	7.5511e-28	-97.301
85.901	7.0244e-28	-97.36
86.298	6.5348e-28	-97.419
86.696	6.0795e-28	-97.478
87.096	5.6562e-28	-97.537
87.498	5.2625e-28	-97.596
87.902	4.8964e-28	-97.656
88.308	4.556e-28	-97.715
88.716	4.2394e-28	-97.775
89.125	3.9449e-28	-97.835
89.536	3.6711e-28	-97.894
89.95	3.4163e-28	-97.954
90.365	3.1794e-28	-98.014
90.782	2.959e-28	-98.075
91.201	2.7539e-28	-98.135
91.622	2.5632e-28	-98.195
92.045	2.3857e-28	-98.256
92.47	2.2206e-28	-98.317
92.897	2.067e-28	-98.378
93.325	1.9241e-28	-98.439
93.756	1.7911e-28	-98.5
94.189	1.6674e-28	-98.561
94.624	1.5523e-28	-98.622
95.06	1.4451e-28	-98.684
95.499	1.3454e-28	-98.746
95.94	1.2526e-28	-98.807
96.383	1.1663e-28	-98.869
96.828	1.0859e-28	-98.931
97.275	1.0111e-28	-98.994
97.724	9.4148e-29	-99.056
98.175	8.7667e-29	-99.119
98.628	8.1635e-29	-99.181
99.083	7.602e-29	-99.244
99.541	7.0793e-29	-99.307
100	6.5928e-29	-99.37
