0.01	1.0485	-7.2212
0.010046	1.0489	-7.2576
0.010093	1.0494	-7.2942
0.010139	1.0499	-7.331
0.010186	1.0504	-7.3681
0.010233	1.0508	-7.4053
0.01028	1.0513	-7.4428
0.010328	1.0518	-7.4805
0.010375	1.0523	-7.5184
0.010423	1.0528	-7.5566
0.010471	1.0533	-7.5949
0.01052	1.0538	-7.6335
0.010568	1.0544	-7.6724
0.010617	1.0549	-7.7114
0.010666	1.0554	-7.7507
0.010715	1.056	-7.7903
0.010765	1.0565	-7.83
0.010814	1.057	-7.8701
0.010864	1.0576	-7.9103
0.010914	1.0581	-7.9508
0.010965	1.0587	-7.9916
0.011015	1.0593	-8.0326
0.011066	1.0599	-8.0738
0.011117	1.0604	-8.1153
0.011169	1.061	-8.1571
0.01122	1.0616	-8.1991
0.011272	1.0622	-8.2413
0.011324	1.0628	-8.2839
0.011376	1.0634	-8.3267
0.011429	1.064	-8.3697
0.011482	1.0647	-8.413
0.011535	1.0653	-8.4566
0.011588	1.0659	-8.5005
0.011641	1.0666	-8.5446
0.011695	1.0672	-8.5891
0.011749	1.0679	-8.6338
0.011803	1.0685	-8.6787
0.011858	1.0692	-8.724
0.011912	1.0699	-8.7696
0.011967	1.0705	-8.8154
0.012023	1.0712	-8.8615
0.012078	1.0719	-8.908
0.012134	1.0726	-8.9547
0.01219	1.0733	-9.0017
0.012246	1.0741	-9.0491
0.012303	1.0748	-9.0967
0.012359	1.0755	-9.1447
0.012417	1.0763	-9.1929
0.012474	1.077	-9.2415
0.012531	1.0778	-9.2904
0.012589	1.0785	-9.3396
0.012647	1.0793	-9.3891
0.012706	1.0801	-9.439
0.012764	1.0808	-9.4892
0.012823	1.0816	-9.5397
0.012882	1.0824	-9.5905
0.012942	1.0833	-9.6417
0.013002	1.0841	-9.6933
0.013062	1.0849	-9.7451
0.013122	1.0857	-9.7974
0.013183	1.0866	-9.8499
0.013243	1.0874	-9.9029
0.013305	1.0883	-9.9562
0.013366	1.0892	-10.01
0.013428	1.0901	-10.064
0.01349	1.0909	-10.118
0.013552	1.0918	-10.173
0.013614	1.0928	-10.228
0.013677	1.0937	-10.284
0.01374	1.0946	-10.34
0.013804	1.0955	-10.396
0.013868	1.0965	-10.453
0.013932	1.0974	-10.51
0.013996	1.0984	-10.567
0.01406	1.0994	-10.625
0.014125	1.1004	-10.683
0.014191	1.1014	-10.742
0.014256	1.1024	-10.801
0.014322	1.1034	-10.861
0.014388	1.1044	-10.921
0.014454	1.1055	-10.981
0.014521	1.1065	-11.042
0.014588	1.1076	-11.103
0.014655	1.1087	-11.165
0.014723	1.1098	-11.227
0.014791	1.1109	-11.29
0.014859	1.112	-11.353
0.014928	1.1131	-11.416
0.014997	1.1142	-11.48
0.015066	1.1154	-11.545
0.015136	1.1166	-11.61
0.015205	1.1177	-11.675
0.015276	1.1189	-11.741
0.015346	1.1201	-11.808
0.015417	1.1213	-11.875
0.015488	1.1225	-11.942
0.01556	1.1238	-12.01
0.015631	1.125	-12.078
0.015704	1.1263	-12.147
0.015776	1.1276	-12.217
0.015849	1.1289	-12.287
0.015922	1.1302	-12.358
0.015996	1.1315	-12.429
0.016069	1.1328	-12.5
0.016144	1.1342	-12.573
0.016218	1.1355	-12.645
0.016293	1.1369	-12.719
0.016368	1.1383	-12.793
0.016444	1.1397	-12.867
0.01652	1.1412	-12.943
0.016596	1.1426	-13.018
0.016672	1.1441	-13.095
0.016749	1.1455	-13.172
0.016827	1.147	-13.249
0.016904	1.1485	-13.327
0.016982	1.1501	-13.406
0.017061	1.1516	-13.486
0.01714	1.1532	-13.566
0.017219	1.1547	-13.647
0.017298	1.1563	-13.728
0.017378	1.158	-13.811
0.017458	1.1596	-13.893
0.017539	1.1612	-13.977
0.01762	1.1629	-14.061
0.017701	1.1646	-14.146
0.017783	1.1663	-14.232
0.017865	1.168	-14.318
0.017947	1.1698	-14.406
0.01803	1.1715	-14.494
0.018113	1.1733	-14.582
0.018197	1.1751	-14.672
0.018281	1.1769	-14.762
0.018365	1.1788	-14.853
0.01845	1.1807	-14.945
0.018535	1.1826	-15.037
0.018621	1.1845	-15.131
0.018707	1.1864	-15.225
0.018793	1.1884	-15.32
0.01888	1.1903	-15.416
0.018967	1.1923	-15.513
0.019055	1.1944	-15.611
0.019143	1.1964	-15.71
0.019231	1.1985	-15.809
0.01932	1.2006	-15.91
0.019409	1.2027	-16.011
0.019498	1.2049	-16.114
0.019588	1.207	-16.217
0.019679	1.2092	-16.321
0.01977	1.2114	-16.427
0.019861	1.2137	-16.533
0.019953	1.216	-16.64
0.020045	1.2183	-16.748
0.020137	1.2206	-16.858
0.02023	1.223	-16.968
0.020324	1.2254	-17.08
0.020417	1.2278	-17.192
0.020512	1.2302	-17.306
0.020606	1.2327	-17.421
0.020701	1.2352	-17.537
0.020797	1.2377	-17.654
0.020893	1.2403	-17.772
0.020989	1.2429	-17.892
0.021086	1.2455	-18.012
0.021184	1.2482	-18.134
0.021281	1.2509	-18.257
0.02138	1.2536	-18.382
0.021478	1.2564	-18.508
0.021577	1.2591	-18.635
0.021677	1.262	-18.763
0.021777	1.2648	-18.893
0.021878	1.2677	-19.024
0.021979	1.2707	-19.156
0.02208	1.2736	-19.29
0.022182	1.2766	-19.425
0.022284	1.2797	-19.562
0.022387	1.2827	-19.7
0.022491	1.2859	-19.84
0.022594	1.289	-19.981
0.022699	1.2922	-20.124
0.022803	1.2954	-20.269
0.022909	1.2987	-20.415
0.023014	1.302	-20.562
0.023121	1.3054	-20.712
0.023227	1.3088	-20.863
0.023335	1.3122	-21.016
0.023442	1.3157	-21.17
0.02355	1.3193	-21.326
0.023659	1.3228	-21.484
0.023768	1.3264	-21.644
0.023878	1.3301	-21.806
0.023988	1.3338	-21.97
0.024099	1.3376	-22.136
0.02421	1.3414	-22.303
0.024322	1.3452	-22.473
0.024434	1.3491	-22.644
0.024547	1.3531	-22.818
0.02466	1.3571	-22.994
0.024774	1.3612	-23.172
0.024889	1.3653	-23.352
0.025003	1.3694	-23.535
0.025119	1.3736	-23.719
0.025235	1.3779	-23.906
0.025351	1.3822	-24.096
0.025468	1.3866	-24.288
0.025586	1.391	-24.482
0.025704	1.3955	-24.679
0.025823	1.4001	-24.878
0.025942	1.4047	-25.08
0.026062	1.4094	-25.284
0.026182	1.4141	-25.491
0.026303	1.4189	-25.701
0.026424	1.4237	-25.914
0.026546	1.4286	-26.129
0.026669	1.4336	-26.348
0.026792	1.4387	-26.569
0.026915	1.4438	-26.794
0.02704	1.4489	-27.021
0.027164	1.4542	-27.252
0.02729	1.4595	-27.485
0.027416	1.4648	-27.722
0.027542	1.4703	-27.963
0.027669	1.4758	-28.207
0.027797	1.4814	-28.454
0.027925	1.487	-28.704
0.028054	1.4928	-28.959
0.028184	1.4986	-29.217
0.028314	1.5044	-29.478
0.028445	1.5104	-29.744
0.028576	1.5164	-30.013
0.028708	1.5225	-30.286
0.02884	1.5287	-30.564
0.028973	1.5349	-30.845
0.029107	1.5412	-31.131
0.029242	1.5476	-31.421
0.029376	1.5541	-31.715
0.029512	1.5607	-32.014
0.029648	1.5673	-32.318
0.029785	1.5741	-32.626
0.029923	1.5809	-32.939
0.030061	1.5878	-33.257
0.0302	1.5947	-33.579
0.030339	1.6018	-33.907
0.030479	1.6089	-34.24
0.03062	1.6161	-34.578
0.030761	1.6234	-34.922
0.030903	1.6308	-35.271
0.031046	1.6383	-35.626
0.031189	1.6458	-35.986
0.031333	1.6534	-36.352
0.031477	1.6612	-36.724
0.031623	1.6689	-37.103
0.031769	1.6768	-37.487
0.031915	1.6848	-37.878
0.032063	1.6928	-38.276
0.032211	1.7009	-38.68
0.032359	1.7091	-39.09
0.032509	1.7173	-39.508
0.032659	1.7257	-39.932
0.03281	1.7341	-40.364
0.032961	1.7426	-40.803
0.033113	1.7511	-41.25
0.033266	1.7597	-41.704
0.03342	1.7684	-42.166
0.033574	1.7772	-42.635
0.033729	1.786	-43.113
0.033884	1.7948	-43.599
0.034041	1.8037	-44.093
0.034198	1.8127	-44.596
0.034356	1.8217	-45.107
0.034514	1.8307	-45.627
0.034674	1.8398	-46.156
0.034834	1.8489	-46.695
0.034995	1.858	-47.242
0.035156	1.8672	-47.799
0.035318	1.8763	-48.365
0.035481	1.8855	-48.942
0.035645	1.8946	-49.528
0.03581	1.9038	-50.124
0.035975	1.9129	-50.73
0.036141	1.922	-51.346
0.036308	1.9311	-51.973
0.036475	1.9401	-52.611
0.036644	1.9491	-53.259
0.036813	1.958	-53.918
0.036983	1.9668	-54.587
0.037154	1.9755	-55.268
0.037325	1.9841	-55.96
0.037497	1.9927	-56.663
0.03767	2.001	-57.378
0.037844	2.0093	-58.103
0.038019	2.0173	-58.84
0.038194	2.0252	-59.589
0.038371	2.033	-60.349
0.038548	2.0405	-61.12
0.038726	2.0478	-61.903
0.038905	2.0548	-62.697
0.039084	2.0616	-63.503
0.039264	2.0681	-64.32
0.039446	2.0743	-65.148
0.039628	2.0802	-65.988
0.039811	2.0858	-66.838
0.039994	2.091	-67.7
0.040179	2.0959	-68.572
0.040365	2.1003	-69.455
0.040551	2.1044	-70.348
0.040738	2.108	-71.251
0.040926	2.1112	-72.165
0.041115	2.1139	-73.088
0.041305	2.1162	-74.02
0.041495	2.1179	-74.961
0.041687	2.1191	-75.911
0.041879	2.1199	-76.869
0.042073	2.12	-77.835
0.042267	2.1196	-78.808
0.042462	2.1186	-79.788
0.042658	2.1171	-80.775
0.042855	2.115	-81.768
0.043053	2.1122	-82.766
0.043251	2.1089	-83.769
0.043451	2.1049	-84.776
0.043652	2.1003	-85.788
0.043853	2.0951	-86.802
0.044055	2.0893	-87.82
0.044259	2.0829	-88.839
0.044463	2.0758	-89.859
0.044668	2.0682	-90.881
0.044875	2.0599	-91.903
0.045082	2.051	-92.924
0.04529	2.0416	-93.944
0.045499	2.0315	-94.963
0.045709	2.0209	-95.979
0.04592	2.0098	-96.993
0.046132	1.9981	-98.003
0.046345	1.9859	-99.009
0.046559	1.9732	-100.01
0.046774	1.96	-101.01
0.046989	1.9463	-102
0.047206	1.9322	-102.98
0.047424	1.9177	-103.96
0.047643	1.9028	-104.93
0.047863	1.8876	-105.9
0.048084	1.8719	-106.85
0.048306	1.856	-107.8
0.048529	1.8398	-108.74
0.048753	1.8232	-109.67
0.048978	1.8064	-110.59
0.049204	1.7894	-111.5
0.049431	1.7722	-112.4
0.049659	1.7548	-113.29
0.049888	1.7372	-114.17
0.050119	1.7195	-115.04
0.05035	1.7017	-115.9
0.050582	1.6838	-116.74
0.050816	1.6658	-117.58
0.05105	1.6477	-118.41
0.051286	1.6296	-119.22
0.051523	1.6115	-120.02
0.051761	1.5934	-120.82
0.052	1.5753	-121.6
0.05224	1.5572	-122.36
0.052481	1.5391	-123.12
0.052723	1.5211	-123.87
0.052966	1.5032	-124.6
0.053211	1.4854	-125.33
0.053456	1.4676	-126.04
0.053703	1.45	-126.74
0.053951	1.4324	-127.43
0.0542	1.415	-128.11
0.05445	1.3977	-128.78
0.054702	1.3806	-129.43
0.054954	1.3636	-130.08
0.055208	1.3467	-130.72
0.055463	1.33	-131.34
0.055719	1.3135	-131.96
0.055976	1.2972	-132.56
0.056234	1.281	-133.16
0.056494	1.265	-133.74
0.056754	1.2491	-134.32
0.057016	1.2335	-134.89
0.05728	1.218	-135.44
0.057544	1.2027	-135.99
0.05781	1.1876	-136.53
0.058076	1.1727	-137.06
0.058345	1.158	-137.58
0.058614	1.1435	-138.09
0.058884	1.1292	-138.59
0.059156	1.1151	-139.09
0.059429	1.1011	-139.58
0.059704	1.0874	-140.05
0.059979	1.0738	-140.52
0.060256	1.0604	-140.99
0.060534	1.0472	-141.44
0.060814	1.0343	-141.89
0.061094	1.0215	-142.33
0.061376	1.0088	-142.77
0.06166	0.99641	-143.19
0.061944	0.98416	-143.61
0.06223	0.97209	-144.03
0.062517	0.9602	-144.43
0.062806	0.94849	-144.83
0.063096	0.93695	-145.23
0.063387	0.92559	-145.61
0.06368	0.9144	-146
0.063973	0.90338	-146.37
0.064269	0.89253	-146.74
0.064565	0.88185	-147.11
0.064863	0.87133	-147.46
0.065163	0.86097	-147.82
0.065464	0.85077	-148.16
0.065766	0.84072	-148.51
0.066069	0.83083	-148.84
0.066374	0.8211	-149.18
0.066681	0.81151	-149.5
0.066988	0.80208	-149.83
0.067298	0.79279	-150.14
0.067608	0.78364	-150.46
0.06792	0.77463	-150.77
0.068234	0.76577	-151.07
0.068549	0.75704	-151.37
0.068865	0.74845	-151.67
0.069183	0.73999	-151.96
0.069502	0.73166	-152.24
0.069823	0.72346	-152.53
0.070146	0.71538	-152.81
0.070469	0.70743	-153.08
0.070795	0.69961	-153.35
0.071121	0.6919	-153.62
0.07145	0.68432	-153.89
0.071779	0.67685	-154.15
0.072111	0.6695	-154.41
0.072444	0.66226	-154.66
0.072778	0.65513	-154.91
0.073114	0.64811	-155.16
0.073451	0.64119	-155.4
0.07379	0.63439	-155.65
0.074131	0.62768	-155.88
0.074473	0.62108	-156.12
0.074817	0.61459	-156.35
0.075162	0.60819	-156.58
0.075509	0.60188	-156.81
0.075858	0.59568	-157.03
0.076208	0.58956	-157.25
0.07656	0.58354	-157.47
0.076913	0.57762	-157.69
0.077268	0.57178	-157.9
0.077625	0.56603	-158.11
0.077983	0.56036	-158.32
0.078343	0.55478	-158.53
0.078705	0.54929	-158.73
0.079068	0.54388	-158.93
0.079433	0.53855	-159.13
0.079799	0.5333	-159.33
0.080168	0.52813	-159.53
0.080538	0.52303	-159.72
0.08091	0.51801	-159.91
0.081283	0.51307	-160.1
0.081658	0.5082	-160.29
0.082035	0.50341	-160.47
0.082414	0.49868	-160.66
0.082794	0.49403	-160.84
0.083176	0.48944	-161.02
0.08356	0.48492	-161.19
0.083946	0.48047	-161.37
0.084333	0.47609	-161.54
0.084723	0.47177	-161.72
0.085114	0.46752	-161.89
0.085507	0.46333	-162.06
0.085901	0.4592	-162.22
0.086298	0.45513	-162.39
0.086696	0.45112	-162.55
0.087096	0.44718	-162.72
0.087498	0.44329	-162.88
0.087902	0.43946	-163.04
0.088308	0.43568	-163.2
0.088716	0.43196	-163.35
0.089125	0.4283	-163.51
0.089536	0.42469	-163.66
0.08995	0.42114	-163.82
0.090365	0.41764	-163.97
0.090782	0.41419	-164.12
0.091201	0.41079	-164.27
0.091622	0.40744	-164.42
0.092045	0.40415	-164.57
0.09247	0.4009	-164.71
0.092897	0.3977	-164.86
0.093325	0.39455	-165
0.093756	0.39145	-165.14
0.094189	0.38839	-165.29
0.094624	0.38538	-165.43
0.09506	0.38242	-165.57
0.095499	0.3795	-165.7
0.09594	0.37662	-165.84
0.096383	0.37379	-165.98
0.096828	0.37101	-166.12
0.097275	0.36826	-166.25
0.097724	0.36556	-166.38
0.098175	0.3629	-166.52
0.098628	0.36029	-166.65
0.099083	0.35771	-166.78
0.099541	0.35517	-166.91
0.1	0.35268	-167.04
0.10046	0.35022	-167.17
0.10093	0.3478	-167.3
0.10139	0.34543	-167.43
0.10186	0.34309	-167.56
0.10233	0.34078	-167.68
0.1028	0.33852	-167.81
0.10328	0.33629	-167.93
0.10375	0.3341	-168.06
0.10423	0.33195	-168.18
0.10471	0.32984	-168.31
0.1052	0.32775	-168.43
0.10568	0.32571	-168.55
0.10617	0.3237	-168.67
0.10666	0.32173	-168.8
0.10715	0.31979	-168.92
0.10765	0.31788	-169.04
0.10814	0.31601	-169.16
0.10864	0.31417	-169.28
0.10914	0.31237	-169.4
0.10965	0.3106	-169.52
0.11015	0.30887	-169.64
0.11066	0.30716	-169.75
0.11117	0.30549	-169.87
0.11169	0.30386	-169.99
0.1122	0.30225	-170.11
0.11272	0.30068	-170.22
0.11324	0.29914	-170.34
0.11376	0.29764	-170.46
0.11429	0.29616	-170.57
0.11482	0.29472	-170.69
0.11535	0.29331	-170.81
0.11588	0.29193	-170.92
0.11641	0.29058	-171.04
0.11695	0.28927	-171.15
0.11749	0.28798	-171.27
0.11803	0.28673	-171.39
0.11858	0.28551	-171.5
0.11912	0.28432	-171.62
0.11967	0.28317	-171.73
0.12023	0.28204	-171.85
0.12078	0.28095	-171.97
0.12134	0.27989	-172.08
0.1219	0.27886	-172.2
0.12246	0.27786	-172.31
0.12303	0.27689	-172.43
0.12359	0.27596	-172.55
0.12417	0.27506	-172.66
0.12474	0.27419	-172.78
0.12531	0.27336	-172.9
0.12589	0.27256	-173.02
0.12647	0.27179	-173.13
0.12706	0.27105	-173.25
0.12764	0.27035	-173.37
0.12823	0.26968	-173.49
0.12882	0.26905	-173.61
0.12942	0.26845	-173.73
0.13002	0.26788	-173.85
0.13062	0.26735	-173.97
0.13122	0.26686	-174.1
0.13183	0.2664	-174.22
0.13243	0.26598	-174.34
0.13305	0.2656	-174.47
0.13366	0.26526	-174.59
0.13428	0.26495	-174.72
0.1349	0.26468	-174.85
0.13552	0.26445	-174.97
0.13614	0.26427	-175.1
0.13677	0.26412	-175.23
0.1374	0.26402	-175.36
0.13804	0.26395	-175.5
0.13868	0.26394	-175.63
0.13932	0.26396	-175.77
0.13996	0.26403	-175.9
0.1406	0.26415	-176.04
0.14125	0.26432	-176.18
0.14191	0.26453	-176.32
0.14256	0.2648	-176.46
0.14322	0.26512	-176.61
0.14388	0.26549	-176.75
0.14454	0.26591	-176.9
0.14521	0.26639	-177.05
0.14588	0.26693	-177.2
0.14655	0.26753	-177.36
0.14723	0.26819	-177.51
0.14791	0.26891	-177.67
0.14859	0.2697	-177.84
0.14928	0.27056	-178
0.14997	0.27149	-178.17
0.15066	0.27249	-178.34
0.15136	0.27356	-178.52
0.15205	0.27472	-178.69
0.15276	0.27596	-178.87
0.15346	0.27728	-179.06
0.15417	0.27869	-179.25
0.15488	0.2802	-179.44
0.1556	0.2818	-179.64
0.15631	0.2835	-179.84
0.15704	0.28531	179.95
0.15776	0.28723	179.74
0.15849	0.28927	179.52
0.15922	0.29143	179.29
0.15996	0.29372	179.06
0.16069	0.29615	178.82
0.16144	0.29872	178.58
0.16218	0.30144	178.33
0.16293	0.30432	178.06
0.16368	0.30737	177.8
0.16444	0.3106	177.52
0.1652	0.31402	177.23
0.16596	0.31764	176.93
0.16672	0.32148	176.62
0.16749	0.32555	176.3
0.16827	0.32986	175.96
0.16904	0.33444	175.61
0.16982	0.3393	175.24
0.17061	0.34445	174.86
0.1714	0.34993	174.46
0.17219	0.35577	174.04
0.17298	0.36197	173.61
0.17378	0.36859	173.14
0.17458	0.37564	172.66
0.17539	0.38317	172.14
0.1762	0.39122	171.6
0.17701	0.39984	171.02
0.17783	0.40908	170.41
0.17865	0.41899	169.76
0.17947	0.42964	169.06
0.1803	0.44111	168.32
0.18113	0.45347	167.52
0.18197	0.46682	166.66
0.18281	0.48127	165.73
0.18365	0.49693	164.73
0.1845	0.51393	163.63
0.18535	0.53242	162.45
0.18621	0.55257	161.14
0.18707	0.57457	159.72
0.18793	0.5986	158.14
0.1888	0.62489	156.4
0.18967	0.65365	154.46
0.19055	0.68512	152.29
0.19143	0.71947	149.87
0.19231	0.75685	147.14
0.1932	0.79725	144.06
0.19409	0.84046	140.57
0.19498	0.88596	136.62
0.19588	0.93266	132.15
0.19679	0.97882	127.12
0.1977	1.0218	121.5
0.19861	1.0582	115.3
0.19953	1.084	108.59
0.20045	1.0955	101.51
0.20137	1.0904	94.238
0.2023	1.0682	87.007
0.20324	1.0312	80.032
0.20417	0.98283	73.486
0.20512	0.92753	67.478
0.20606	0.86919	62.058
0.20701	0.81087	57.222
0.20797	0.75463	52.936
0.20893	0.7017	49.151
0.20989	0.65265	45.808
0.21086	0.60765	42.851
0.21184	0.56661	40.23
0.21281	0.52929	37.898
0.2138	0.49541	35.814
0.21478	0.46464	33.946
0.21577	0.43667	32.263
0.21677	0.4112	30.74
0.21777	0.38798	29.358
0.21878	0.36675	28.097
0.21979	0.3473	26.944
0.2208	0.32944	25.884
0.22182	0.31301	24.907
0.22284	0.29785	24.005
0.22387	0.28384	23.167
0.22491	0.27086	22.388
0.22594	0.25881	21.662
0.22699	0.2476	20.982
0.22803	0.23716	20.345
0.22909	0.22741	19.746
0.23014	0.21829	19.182
0.23121	0.20974	18.649
0.23227	0.20173	18.146
0.23335	0.19419	17.669
0.23442	0.1871	17.215
0.2355	0.18042	16.784
0.23659	0.17412	16.374
0.23768	0.16816	15.982
0.23878	0.16253	15.607
0.23988	0.1572	15.248
0.24099	0.15214	14.904
0.2421	0.14734	14.574
0.24322	0.14278	14.257
0.24434	0.13845	13.952
0.24547	0.13432	13.658
0.2466	0.13039	13.374
0.24774	0.12664	13.1
0.24889	0.12307	12.834
0.25003	0.11965	12.578
0.25119	0.11639	12.329
0.25235	0.11327	12.088
0.25351	0.11029	11.854
0.25468	0.10743	11.627
0.25586	0.10469	11.406
0.25704	0.10207	11.19
0.25823	0.099553	10.98
0.25942	0.097138	10.776
0.26062	0.094818	10.576
0.26182	0.09259	10.382
0.26303	0.090448	10.191
0.26424	0.088389	10.005
0.26546	0.086408	9.8229
0.26669	0.084502	9.6445
0.26792	0.082666	9.4697
0.26915	0.080898	9.2984
0.2704	0.079195	9.1302
0.27164	0.077554	8.9652
0.2729	0.075971	8.8031
0.27416	0.074445	8.6438
0.27542	0.072972	8.4872
0.27669	0.071552	8.3332
0.27797	0.07018	8.1815
0.27925	0.068857	8.0322
0.28054	0.067578	7.8851
0.28184	0.066344	7.7402
0.28314	0.065151	7.5972
0.28445	0.063999	7.4562
0.28576	0.062886	7.3171
0.28708	0.06181	7.1798
0.2884	0.06077	7.0441
0.28973	0.059765	6.9101
0.29107	0.058793	6.7777
0.29242	0.057854	6.6468
0.29376	0.056946	6.5174
0.29512	0.056068	6.3894
0.29648	0.055219	6.2627
0.29785	0.054399	6.1374
0.29923	0.053606	6.0132
0.30061	0.052839	5.8904
0.302	0.052099	5.7687
0.30339	0.051383	5.6481
0.30479	0.050692	5.5286
0.3062	0.050025	5.4102
0.30761	0.04938	5.2928
0.30903	0.048758	5.1765
0.31046	0.048158	5.0611
0.31189	0.047579	4.9467
0.31333	0.047021	4.8332
0.31477	0.046484	4.7205
0.31623	0.045966	4.6088
0.31769	0.045469	4.4979
0.31915	0.04499	4.3879
0.32063	0.04453	4.2786
0.32211	0.044089	4.1702
0.32359	0.043666	4.0625
0.32509	0.043261	3.9555
0.32659	0.042874	3.8493
0.3281	0.042505	3.7438
0.32961	0.042153	3.639
0.33113	0.041818	3.5349
0.33266	0.0415	3.4314
0.3342	0.0412	3.3285
0.33574	0.040916	3.2263
0.33729	0.04065	3.1247
0.33884	0.040401	3.0236
0.34041	0.040168	2.923
0.34198	0.039953	2.823
0.34356	0.039755	2.7235
0.34514	0.039575	2.6244
0.34674	0.039412	2.5257
0.34834	0.039266	2.4275
0.34995	0.039139	2.3296
0.35156	0.03903	2.232
0.35318	0.03894	2.1346
0.35481	0.038869	2.0375
0.35645	0.038818	1.9406
0.3581	0.038786	1.8438
0.35975	0.038776	1.747
0.36141	0.038787	1.6502
0.36308	0.03882	1.5533
0.36475	0.038876	1.4563
0.36644	0.038956	1.359
0.36813	0.039062	1.2613
0.36983	0.039193	1.1631
0.37154	0.039352	1.0644
0.37325	0.03954	0.96497
0.37497	0.039759	0.86467
0.3767	0.04001	0.76334
0.37844	0.040296	0.6608
0.38019	0.040619	0.55687
0.38194	0.040981	0.45132
0.38371	0.041386	0.34391
0.38548	0.041836	0.23436
0.38726	0.042336	0.12235
0.38905	0.042889	0.0075496
0.39084	0.043501	-0.11045
0.39264	0.044176	-0.23209
0.39446	0.044922	-0.35788
0.39628	0.045745	-0.48842
0.39811	0.046654	-0.62437
0.39994	0.047659	-0.76653
0.40179	0.048771	-0.91579
0.40365	0.050003	-1.0732
0.40551	0.051372	-1.2401
0.40738	0.052896	-1.418
0.40926	0.054598	-1.6086
0.41115	0.056505	-1.8141
0.41305	0.058653	-2.0373
0.41495	0.061081	-2.2813
0.41687	0.063844	-2.5503
0.41879	0.067006	-2.8496
0.42073	0.070654	-3.1858
0.42267	0.0749	-3.5677
0.42462	0.079892	-4.0071
0.42658	0.085834	-4.5201
0.42855	0.093011	-5.1291
0.43053	0.10183	-5.8666
0.43251	0.11292	-6.7817
0.43451	0.12722	-7.9511
0.43652	0.14632	-9.5028
0.43853	0.17301	-11.666
0.44055	0.21266	-14.892
0.44259	0.27667	-20.193
0.44463	0.39195	-30.271
0.44668	0.6076	-53.55
0.44875	0.71925	-101.83
0.45082	0.4733	-138.61
0.4529	0.30724	-153.89
0.45499	0.22019	-161.16
0.45709	0.16934	-165.28
0.4592	0.13652	-167.92
0.46132	0.11373	-169.75
0.46345	0.097049	-171.09
0.46559	0.084333	-172.13
0.46774	0.074338	-172.94
0.46989	0.066284	-173.61
0.47206	0.059663	-174.16
0.47424	0.05413	-174.63
0.47643	0.049441	-175.03
0.47863	0.04542	-175.38
0.48084	0.041936	-175.68
0.48306	0.03889	-175.96
0.48529	0.036208	-176.2
0.48753	0.033828	-176.42
0.48978	0.031705	-176.62
0.49204	0.029799	-176.81
0.49431	0.028081	-176.97
0.49659	0.026524	-177.13
0.49888	0.025109	-177.28
0.50119	0.023816	-177.41
0.5035	0.022632	-177.54
0.50582	0.021543	-177.66
0.50816	0.02054	-177.77
0.5105	0.019613	-177.88
0.51286	0.018754	-177.98
0.51523	0.017955	-178.08
0.51761	0.017212	-178.17
0.52	0.016519	-178.26
0.5224	0.01587	-178.35
0.52481	0.015263	-178.43
0.52723	0.014692	-178.51
0.52966	0.014156	-178.59
0.53211	0.01365	-178.67
0.53456	0.013173	-178.74
0.53703	0.012722	-178.81
0.53951	0.012294	-178.88
0.542	0.011887	-178.95
0.5445	0.0115	-179.01
0.54702	0.011131	-179.08
0.54954	0.010778	-179.14
0.55208	0.01044	-179.2
0.55463	0.010114	-179.26
0.55719	0.0098	-179.32
0.55976	0.0094959	-179.38
0.56234	0.0092002	-179.44
0.56494	0.0089113	-179.49
0.56754	0.0086275	-179.54
0.57016	0.0083471	-179.59
0.5728	0.008068	-179.64
0.57544	0.007788	-179.68
0.5781	0.0075044	-179.72
0.58076	0.0072142	-179.75
0.58345	0.0069135	-179.77
0.58614	0.0065978	-179.78
0.58884	0.0062609	-179.77
0.59156	0.0058953	-179.74
0.59429	0.0054905	-179.67
0.59704	0.0050324	-179.53
0.59979	0.0045009	-179.28
0.60256	0.0038666	-178.8
0.60534	0.0030847	-177.81
0.60814	0.0020844	-175.14
0.61094	0.00077149	-159.29
0.61376	0.0013021	-19.794
0.6166	0.0043528	-10.183
0.61944	0.0099386	-8.971
0.6223	0.023229	-10.677
0.62517	0.091666	-24.313
0.62806	0.090076	-166.73
0.63096	0.039741	-177.03
0.63387	0.028175	-179.33
0.6368	0.023151	179.64
0.63973	0.02041	179.01
0.64269	0.018754	178.52
0.64565	0.01773	178.04
0.64863	0.017167	177.34
0.65163	0.017062	175.72
0.65464	0.016945	169.06
0.65766	0.013516	169.11
0.66069	0.013611	174.92
0.66374	0.013913	176.11
0.66681	0.014128	176.36
0.66988	0.014333	176.35
0.67298	0.014563	176.23
0.67608	0.014836	176.05
0.6792	0.015163	175.83
0.68234	0.015553	175.57
0.68549	0.016016	175.28
0.68865	0.016564	174.95
0.69183	0.01721	174.58
0.69502	0.017972	174.16
0.69823	0.018873	173.68
0.70146	0.019944	173.13
0.70469	0.021226	172.49
0.70795	0.022774	171.74
0.71121	0.024669	170.83
0.7145	0.027027	169.72
0.71779	0.030021	168.33
0.72111	0.033924	166.53
0.72444	0.039187	164.1
0.72778	0.046594	160.64
0.73114	0.057597	155.36
0.73451	0.074908	146.53
0.7379	0.10213	130.04
0.74131	0.12906	99.295
0.74473	0.11354	62.704
0.74817	0.079654	39.942
0.75162	0.05649	28.267
0.75509	0.042032	21.88
0.75858	0.032394	18.2
0.76208	0.025419	16.235
0.7656	0.019938	15.788
0.76913	0.015257	17.472
0.77268	0.010945	23.999
0.77625	0.0072167	46.981
0.77983	0.0082749	100.86
0.78343	0.020011	120.87
0.78705	0.046612	102
0.79068	0.060406	54.102
0.79433	0.045719	26.966
0.79799	0.035797	16.513
0.80168	0.030153	11.539
0.80538	0.026647	8.6798
0.8091	0.02431	6.8036
0.81283	0.022686	5.4481
0.81658	0.021542	4.3936
0.82035	0.020749	3.5231
0.82414	0.020236	2.7677
0.82794	0.019961	2.083
0.83176	0.019907	1.4377
0.8356	0.020071	0.80671
0.83946	0.020467	0.16733
0.84333	0.021129	-0.50401
0.84723	0.022113	-1.2353
0.85114	0.023511	-2.0639
0.85507	0.025475	-3.0447
0.85901	0.028265	-4.2663
0.86298	0.03235	-5.8851
0.86696	0.038665	-8.211
0.87096	0.049331	-11.958
0.87498	0.070184	-19.185
0.87902	0.12084	-38.328
0.88308	0.17754	-100.58
0.88716	0.092561	-147.06
0.89125	0.053924	-160.79
0.89536	0.037179	-166.9
0.8995	0.028403	-171.01
0.90365	0.023331	-176.2
0.90782	0.018324	172.61
0.91201	0.012299	174.14
0.91622	0.010474	179.91
0.92045	0.0093502	-178.42
0.9247	0.008403	-178.04
0.92897	0.0075958	-178.08
0.93325	0.0069108	-178.28
0.93756	0.0063297	-178.55
0.94189	0.0058356	-178.85
0.94624	0.0054145	-179.17
0.9506	0.0050549	-179.51
0.95499	0.0047477	-179.85
0.9594	0.0044857	179.79
0.96383	0.0042632	179.42
0.96828	0.0040759	179.03
0.97275	0.0039207	178.61
0.97724	0.0037955	178.16
0.98175	0.0036995	177.67
0.98628	0.0036329	177.13
0.99083	0.0035978	176.51
0.99541	0.0035988	175.78
1	0.0036454	174.88
1.0046	0.0037565	173.68
1.0093	0.0039749	171.81
1.0139	0.0044137	168
1.0186	0.0053336	155.06
1.0233	0.0035995	117.81
1.028	0.0023727	150.68
1.0328	0.002973	160.92
1.0375	0.0035578	161.11
1.0423	0.0042103	158.23
1.0471	0.0050609	152.81
1.052	0.006262	143.61
1.0568	0.007885	127.63
1.0617	0.009169	101.36
1.0666	0.0082812	70.697
1.0715	0.0061733	48.551
1.0765	0.0045003	35.545
1.0814	0.0033925	27.732
1.0864	0.0026532	22.677
1.0914	0.0021393	19.176
1.0965	0.0017673	16.614
1.1015	0.0014886	14.656
1.1066	0.001274	13.106
1.1117	0.0011048	11.844
1.1169	0.00096902	10.792
1.122	0.00085832	9.8964
1.1272	0.00076692	9.1201
1.1324	0.00069066	8.4365
1.1376	0.00062647	7.8259
1.1429	0.00057205	7.273
1.1482	0.00052567	6.766
1.1535	0.00048597	6.2957
1.1588	0.00045189	5.8543
1.1641	0.00042262	5.4353
1.1695	0.0003975	5.0332
1.1749	0.00037601	4.6429
1.1803	0.00035776	4.2601
1.1858	0.00034243	3.8802
1.1912	0.00032981	3.4989
1.1967	0.00031974	3.1118
1.2023	0.00031215	2.7141
1.2078	0.00030706	2.3004
1.2134	0.00030454	1.8645
1.219	0.0003048	1.3991
1.2246	0.0003082	0.89504
1.2303	0.00031529	0.34082
1.2359	0.00032692	-0.27872
1.2417	0.00034442	-0.98416
1.2474	0.00036989	-1.8045
1.2531	0.00040683	-2.7829
1.2589	0.00046136	-3.987
1.2647	0.00054517	-5.5329
1.2706	0.00068332	-7.6448
1.2764	0.00094024	-10.846
1.2823	0.0015415	-16.841
1.2882	0.0040108	-37.374
1.2942	0.0046818	-157.55
1.3002	0.0018852	176.47
1.3062	0.0012877	164.63
1.3122	0.0010961	149.95
1.3183	0.0010129	124.87
1.3243	0.00077082	88.139
1.3305	0.00043719	58.875
1.3366	0.00023938	42.984
1.3428	0.00013945	34.273
1.349	8.6258e-05	29.014
1.3552	5.5853e-05	25.576
1.3614	3.7412e-05	23.201
1.3677	2.5701e-05	21.503
1.374	1.7991e-05	20.27
1.3804	1.2772e-05	19.377
1.3868	9.1574e-06	18.752
1.3932	6.61e-06	18.353
1.3996	4.7886e-06	18.159
1.406	3.4716e-06	18.168
1.4125	2.5111e-06	18.397
1.4191	1.8061e-06	18.884
1.4256	1.2865e-06	19.701
1.4322	9.0292e-07	20.973
1.4388	6.2006e-07	22.93
1.4454	4.1246e-07	26.015
1.4521	2.6182e-07	31.178
1.4588	1.5546e-07	40.74
1.4655	8.6671e-08	60.932
1.4723	5.7278e-08	100.54
1.4791	6.1695e-08	137.63
1.4859	7.4006e-08	155.76
1.4928	8.2366e-08	164.59
1.4997	8.5237e-08	169.57
1.5066	8.3303e-08	172.73
1.5136	7.7558e-08	174.95
1.5205	6.8906e-08	176.67
1.5276	5.8083e-08	178.14
1.5346	4.5664e-08	179.66
1.5417	3.209e-08	-178.3
1.5488	1.7716e-08	-173.87
1.556	3.6299e-09	-133.53
1.5631	1.3525e-08	-13.842
1.5704	2.9459e-08	-7.3368
1.5776	4.5955e-08	-5.3187
1.5849	6.2993e-08	-4.3483
1.5922	8.0682e-08	-3.8079
1.5996	9.9206e-08	-3.5011
1.6069	1.1883e-07	-3.3477
1.6144	1.3994e-07	-3.3112
1.6218	1.6304e-07	-3.3764
1.6293	1.8884e-07	-3.5406
1.6368	2.1835e-07	-3.8118
1.6444	2.5306e-07	-4.2095
1.652	2.952e-07	-4.7689
1.6596	3.4838e-07	-5.5509
1.6672	4.1871e-07	-6.6638
1.6749	5.1754e-07	-8.3129
1.6827	6.6827e-07	-10.931
1.6904	9.2736e-07	-15.599
1.6982	1.4622e-06	-25.8
1.7061	2.7429e-06	-57.234
1.714	2.5973e-06	-124.71
1.7219	1.3983e-06	-152.77
1.7298	9.0327e-07	-162.19
1.7378	6.5979e-07	-166.63
1.7458	5.1752e-07	-169.18
1.7539	4.2475e-07	-170.83
1.762	3.5969e-07	-171.99
1.7701	3.1168e-07	-172.84
1.7783	2.7491e-07	-173.5
1.7865	2.4597e-07	-174.03
1.7947	2.2272e-07	-174.46
1.803	2.0376e-07	-174.83
1.8113	1.8814e-07	-175.14
1.8197	1.7519e-07	-175.41
1.8281	1.6445e-07	-175.66
1.8365	1.5556e-07	-175.88
1.845	1.483e-07	-176.08
1.8535	1.4251e-07	-176.27
1.8621	1.3811e-07	-176.46
1.8707	1.3506e-07	-176.64
1.8793	1.3344e-07	-176.83
1.888	1.3337e-07	-177.02
1.8967	1.3514e-07	-177.23
1.9055	1.3925e-07	-177.47
1.9143	1.4657e-07	-177.74
1.9231	1.5868e-07	-178.1
1.932	1.7879e-07	-178.58
1.9409	2.1419e-07	-179.33
1.9498	2.8595e-07	179.28
1.9588	4.8843e-07	175.55
1.9679	2.5528e-06	131.83
1.977	5.1554e-07	13.278
1.9861	2.2226e-07	7.9453
1.9953	1.3255e-07	6.2689
2.0045	8.9851e-08	5.4342
2.0137	6.5263e-08	4.9258
2.023	4.9504e-08	4.5781
2.0324	3.8688e-08	4.3217
2.0417	3.0903e-08	4.1223
2.0512	2.51e-08	3.9611
2.0606	2.0657e-08	3.8267
2.0701	1.7184e-08	3.712
2.0797	1.4423e-08	3.6123
2.0893	1.2196e-08	3.5242
2.0989	1.0379e-08	3.4454
2.1086	8.8824e-09	3.3742
2.1184	7.6384e-09	3.3092
2.1281	6.5969e-09	3.2494
2.138	5.7192e-09	3.194
2.1478	4.9753e-09	3.1425
2.1577	4.3415e-09	3.0942
2.1677	3.7991e-09	3.0488
2.1777	3.333e-09	3.006
2.1878	2.9309e-09	2.9654
2.1979	2.5829e-09	2.9268
2.208	2.2807e-09	2.89
2.2182	2.0176e-09	2.8548
2.2284	1.7878e-09	2.8211
2.2387	1.5868e-09	2.7888
2.2491	1.4105e-09	2.7577
2.2594	1.2555e-09	2.7277
2.2699	1.119e-09	2.6988
2.2803	9.9855e-10	2.6708
2.2909	8.9212e-10	2.6438
2.3014	7.979e-10	2.6175
2.3121	7.1437e-10	2.5921
2.3227	6.4021e-10	2.5674
2.3335	5.7429e-10	2.5433
2.3442	5.1561e-10	2.5199
2.355	4.6331e-10	2.4971
2.3659	4.1666e-10	2.4749
2.3768	3.7498e-10	2.4532
2.3878	3.3772e-10	2.4321
2.3988	3.0438e-10	2.4114
2.4099	2.7451e-10	2.3911
2.421	2.4773e-10	2.3713
2.4322	2.237e-10	2.352
2.4434	2.0212e-10	2.333
2.4547	1.8272e-10	2.3144
2.466	1.6528e-10	2.2962
2.4774	1.4958e-10	2.2783
2.4889	1.3543e-10	2.2607
2.5003	1.2269e-10	2.2435
2.5119	1.1119e-10	2.2266
2.5235	1.0082e-10	2.21
2.5351	9.1454e-11	2.1936
2.5468	8.2992e-11	2.1776
2.5586	7.5343e-11	2.1618
2.5704	6.8426e-11	2.1462
2.5823	6.2167e-11	2.1309
2.5942	5.6501e-11	2.1159
2.6062	5.1369e-11	2.1011
2.6182	4.6718e-11	2.0865
2.6303	4.2503e-11	2.0721
2.6424	3.868e-11	2.058
2.6546	3.5211e-11	2.044
2.6669	3.2063e-11	2.0302
2.6792	2.9204e-11	2.0167
2.6915	2.6608e-11	2.0033
2.704	2.4248e-11	1.9901
2.7164	2.2104e-11	1.9771
2.729	2.0154e-11	1.9643
2.7416	1.838e-11	1.9517
2.7542	1.6766e-11	1.9392
2.7669	1.5297e-11	1.9269
2.7797	1.396e-11	1.9147
2.7925	1.2742e-11	1.9028
2.8054	1.1633e-11	1.8909
2.8184	1.0622e-11	1.8792
2.8314	9.7005e-12	1.8677
2.8445	8.8606e-12	1.8563
2.8576	8.0946e-12	1.8451
2.8708	7.396e-12	1.834
2.884	6.7586e-12	1.8231
2.8973	6.177e-12	1.8123
2.9107	5.6462e-12	1.8016
2.9242	5.1615e-12	1.7911
2.9376	4.719e-12	1.7808
2.9512	4.3148e-12	1.7705
2.9648	3.9456e-12	1.7604
2.9785	3.6082e-12	1.7505
2.9923	3.3e-12	1.7407
3.0061	3.0182e-12	1.731
3.02	2.7607e-12	1.7214
3.0339	2.5252e-12	1.7121
3.0479	2.3098e-12	1.7028
3.062	2.1129e-12	1.6937
3.0761	1.9327e-12	1.6848
3.0903	1.7679e-12	1.676
3.1046	1.6171e-12	1.6673
3.1189	1.4791e-12	1.6588
3.1333	1.3528e-12	1.6505
3.1477	1.2372e-12	1.6424
3.1623	1.1313e-12	1.6344
3.1769	1.0344e-12	1.6266
3.1915	9.4566e-13	1.6191
3.2063	8.6438e-13	1.6117
3.2211	7.8994e-13	1.6046
3.2359	7.2173e-13	1.5976
3.2509	6.5925e-13	1.591
3.2659	6.02e-13	1.5846
3.281	5.4953e-13	1.5786
3.2961	5.0143e-13	1.5728
3.3113	4.5735e-13	1.5675
3.3266	4.1693e-13	1.5625
3.342	3.7986e-13	1.558
3.3574	3.4587e-13	1.554
3.3729	3.1468e-13	1.5506
3.3884	2.8606e-13	1.5478
3.4041	2.5979e-13	1.5459
3.4198	2.3566e-13	1.5448
3.4356	2.135e-13	1.5448
3.4514	1.9313e-13	1.546
3.4674	1.744e-13	1.5488
3.4834	1.5715e-13	1.5534
3.4995	1.4127e-13	1.5603
3.5156	1.2662e-13	1.57
3.5318	1.1309e-13	1.5833
3.5481	1.0057e-13	1.6014
3.5645	8.8959e-14	1.6256
3.581	7.8163e-14	1.6583
3.5975	6.8087e-14	1.7027
3.6141	5.8641e-14	1.7643
3.6308	4.9732e-14	1.852
3.6475	4.1266e-14	1.9818
3.6644	3.3142e-14	2.1855
3.6813	2.5248e-14	2.5361
3.6983	1.745e-14	3.242
3.7154	9.5893e-15	5.2299
3.7325	1.5866e-15	29.508
3.7497	7.4356e-15	174.48
3.767	1.7298e-14	177.72
3.7844	2.9095e-14	178.57
3.8019	4.4318e-14	178.84
3.8194	6.6145e-14	178.8
3.8371	1.0272e-13	178.42
3.8548	1.8324e-13	177.27
3.8726	5.5013e-13	171.37
3.8905	6.5588e-13	11.248
3.9084	2.1734e-13	4.1133
3.9264	1.3155e-13	2.78
3.9446	9.4429e-14	2.2315
3.9628	7.3404e-14	1.9375
3.9811	5.9708e-14	1.7562
3.9994	4.999e-14	1.6342
4.0179	4.2687e-14	1.5468
4.0365	3.6971e-14	1.4811
4.0551	3.2361e-14	1.43
4.0738	2.8557e-14	1.3889
4.0926	2.5362e-14	1.3551
4.1115	2.2641e-14	1.3267
4.1305	2.0297e-14	1.3023
4.1495	1.826e-14	1.2811
4.1687	1.6475e-14	1.2623
4.1879	1.4902e-14	1.2456
4.2073	1.3507e-14	1.2304
4.2267	1.2266e-14	1.2165
4.2462	1.1156e-14	1.2038
4.2658	1.0162e-14	1.1919
4.2855	9.267e-15	1.1808
4.3053	8.4604e-15	1.1704
4.3251	7.7317e-15	1.1605
4.3451	7.072e-15	1.1511
4.3652	6.4737e-15	1.1422
4.3853	5.9303e-15	1.1336
4.4055	5.4361e-15	1.1253
4.4259	4.986e-15	1.1174
4.4463	4.5757e-15	1.1096
4.4668	4.2013e-15	1.1022
4.4875	3.8593e-15	1.0949
4.5082	3.5466e-15	1.0878
4.529	3.2606e-15	1.0809
4.5499	2.9988e-15	1.0741
4.5709	2.7589e-15	1.0675
4.592	2.539e-15	1.0611
4.6132	2.3373e-15	1.0547
4.6345	2.1523e-15	1.0485
4.6559	1.9824e-15	1.0423
4.6774	1.8264e-15	1.0363
4.6989	1.6831e-15	1.0303
4.7206	1.5513e-15	1.0245
4.7424	1.4302e-15	1.0187
4.7643	1.3188e-15	1.013
4.7863	1.2163e-15	1.0074
4.8084	1.1219e-15	1.0018
4.8306	1.0351e-15	0.99632
4.8529	9.5512e-16	0.99089
4.8753	8.8146e-16	0.98552
4.8978	8.1361e-16	0.9802
4.9204	7.5109e-16	0.97494
4.9431	6.9346e-16	0.96973
4.9659	6.4034e-16	0.96458
4.9888	5.9136e-16	0.95947
5.0119	5.462e-16	0.95441
5.035	5.0454e-16	0.94939
5.0582	4.6611e-16	0.94442
5.0816	4.3066e-16	0.93949
5.105	3.9794e-16	0.9346
5.1286	3.6774e-16	0.92976
5.1523	3.3987e-16	0.92495
5.1761	3.1414e-16	0.92018
5.2	2.9039e-16	0.91545
5.224	2.6845e-16	0.91075
5.2481	2.4819e-16	0.90609
5.2723	2.2948e-16	0.90147
5.2966	2.122e-16	0.89688
5.3211	1.9623e-16	0.89232
5.3456	1.8148e-16	0.88779
5.3703	1.6785e-16	0.8833
5.3951	1.5526e-16	0.87884
5.42	1.4362e-16	0.87441
5.445	1.3286e-16	0.87
5.4702	1.2292e-16	0.86563
5.4954	1.1372e-16	0.86129
5.5208	1.0522e-16	0.85698
5.5463	9.7366e-17	0.85269
5.5719	9.0101e-17	0.84843
5.5976	8.3383e-17	0.8442
5.6234	7.717e-17	0.84
5.6494	7.1424e-17	0.83582
5.6754	6.6109e-17	0.83167
5.7016	6.1194e-17	0.82755
5.728	5.6646e-17	0.82345
5.7544	5.244e-17	0.81938
5.781	4.8548e-17	0.81533
5.8076	4.4947e-17	0.81131
5.8345	4.1616e-17	0.80731
5.8614	3.8533e-17	0.80333
5.8884	3.5681e-17	0.79938
5.9156	3.3041e-17	0.79545
5.9429	3.0598e-17	0.79155
5.9704	2.8337e-17	0.78766
5.9979	2.6244e-17	0.7838
6.0256	2.4307e-17	0.77997
6.0534	2.2514e-17	0.77615
6.0814	2.0854e-17	0.77236
6.1094	1.9318e-17	0.76858
6.1376	1.7895e-17	0.76483
6.166	1.6578e-17	0.7611
6.1944	1.5359e-17	0.75738
6.223	1.423e-17	0.75369
6.2517	1.3185e-17	0.75002
6.2806	1.2217e-17	0.74636
6.3096	1.1321e-17	0.74272
6.3387	1.0491e-17	0.7391
6.368	9.7229e-18	0.73549
6.3973	9.0115e-18	0.7319
6.4269	8.3528e-18	0.72831
6.4565	7.7429e-18	0.72473
6.4863	7.1784e-18	0.72116
6.5163	6.6557e-18	0.71757
6.5464	6.1721e-18	0.71397
6.5766	5.7247e-18	0.71032
6.6069	5.3111e-18	0.7066
6.6374	4.929e-18	0.70275
6.6681	4.5768e-18	0.69864
6.6988	4.2531e-18	0.69401
6.7298	3.9579e-18	0.68822
6.7608	3.6936e-18	0.67929
6.792	3.472e-18	0.65868
6.8234	3.3677e-18	0.5462
6.8549	1.3807e-18	-11.316
6.8865	2.4749e-18	0.57337
6.9183	2.3719e-18	0.64384
6.9502	2.225e-18	0.65623
6.9823	2.0752e-18	0.65887
7.0146	1.9309e-18	0.65852
7.0469	1.7945e-18	0.65695
7.0795	1.6666e-18	0.6548
7.1121	1.5472e-18	0.65233
7.145	1.4359e-18	0.64968
7.1779	1.3324e-18	0.64691
7.2111	1.2362e-18	0.64409
7.2444	1.1468e-18	0.64121
7.2778	1.0639e-18	0.63832
7.3114	9.8685e-19	0.6354
7.3451	9.1537e-19	0.63248
7.379	8.4905e-19	0.62956
7.4131	7.8753e-19	0.62664
7.4473	7.3045e-19	0.62372
7.4817	6.775e-19	0.62081
7.5162	6.2839e-19	0.6179
7.5509	5.8284e-19	0.61501
7.5858	5.406e-19	0.61212
7.6208	5.0141e-19	0.60925
7.656	4.6507e-19	0.60639
7.6913	4.3137e-19	0.60354
7.7268	4.0011e-19	0.6007
7.7625	3.7112e-19	0.59787
7.7983	3.4424e-19	0.59505
7.8343	3.193e-19	0.59225
7.8705	2.9618e-19	0.58946
7.9068	2.7473e-19	0.58669
7.9433	2.5484e-19	0.58392
7.9799	2.3639e-19	0.58117
8.0168	2.1928e-19	0.57844
8.0538	2.0341e-19	0.57571
8.091	1.8869e-19	0.573
8.1283	1.7504e-19	0.5703
8.1658	1.6238e-19	0.56762
8.2035	1.5063e-19	0.56494
8.2414	1.3974e-19	0.56229
8.2794	1.2964e-19	0.55964
8.3176	1.2027e-19	0.55701
8.356	1.1157e-19	0.55438
8.3946	1.0351e-19	0.55178
8.4333	9.6031e-20	0.54918
8.4723	8.9093e-20	0.5466
8.5114	8.2657e-20	0.54403
8.5507	7.6687e-20	0.54147
8.5901	7.115e-20	0.53893
8.6298	6.6013e-20	0.5364
8.6696	6.1247e-20	0.53388
8.7096	5.6826e-20	0.53137
8.7498	5.2725e-20	0.52888
8.7902	4.8921e-20	0.52639
8.8308	4.5391e-20	0.52392
8.8716	4.2117e-20	0.52146
8.9125	3.9079e-20	0.51902
8.9536	3.6261e-20	0.51658
8.995	3.3647e-20	0.51416
9.0365	3.1221e-20	0.51175
9.0782	2.897e-20	0.50935
9.1201	2.6882e-20	0.50697
9.1622	2.4945e-20	0.50459
9.2045	2.3148e-20	0.50223
9.247	2.148e-20	0.49988
9.2897	1.9933e-20	0.49754
9.3325	1.8497e-20	0.49521
9.3756	1.7165e-20	0.49289
9.4189	1.5929e-20	0.49058
9.4624	1.4782e-20	0.48829
9.506	1.3718e-20	0.48601
9.5499	1.2731e-20	0.48373
9.594	1.1815e-20	0.48147
9.6383	1.0964e-20	0.47922
9.6828	1.0176e-20	0.47698
9.7275	9.4435e-21	0.47476
9.7724	8.7642e-21	0.47254
9.8175	8.1339e-21	0.47033
9.8628	7.5489e-21	0.46814
9.9083	7.0061e-21	0.46595
9.9541	6.5024e-21	0.46378
10	6.0349e-21	0.46161
10.046	5.6011e-21	0.45946
10.093	5.1986e-21	0.45732
10.139	4.825e-21	0.45519
10.186	4.4783e-21	0.45306
10.233	4.1565e-21	0.45095
10.28	3.8579e-21	0.44885
10.328	3.5808e-21	0.44676
10.375	3.3236e-21	0.44468
10.423	3.0849e-21	0.44261
10.471	2.8634e-21	0.44055
10.52	2.6578e-21	0.4385
10.568	2.467e-21	0.43646
10.617	2.2899e-21	0.43443
10.666	2.1255e-21	0.43241
10.715	1.9729e-21	0.43039
10.765	1.8314e-21	0.42839
10.814	1.6999e-21	0.4264
10.864	1.578e-21	0.42442
10.914	1.4648e-21	0.42245
10.965	1.3597e-21	0.42048
11.015	1.2621e-21	0.41853
11.066	1.1716e-21	0.41659
11.117	1.0876e-21	0.41465
11.169	1.0096e-21	0.41273
11.22	9.3721e-22	0.41081
11.272	8.7001e-22	0.4089
11.324	8.0764e-22	0.40701
11.376	7.4974e-22	0.40512
11.429	6.96e-22	0.40324
11.482	6.4612e-22	0.40137
11.535	5.9981e-22	0.39951
11.588	5.5683e-22	0.39765
11.641	5.1693e-22	0.39581
11.695	4.7989e-22	0.39398
11.749	4.4551e-22	0.39215
11.803	4.136e-22	0.39033
11.858	3.8397e-22	0.38853
11.912	3.5647e-22	0.38673
11.967	3.3094e-22	0.38494
12.023	3.0724e-22	0.38315
12.078	2.8524e-22	0.38138
12.134	2.6482e-22	0.37961
12.19	2.4586e-22	0.37786
12.246	2.2826e-22	0.37611
12.303	2.1192e-22	0.37437
12.359	1.9675e-22	0.37264
12.417	1.8266e-22	0.37092
12.474	1.6959e-22	0.3692
12.531	1.5745e-22	0.36749
12.589	1.4619e-22	0.3658
12.647	1.3573e-22	0.36411
12.706	1.2602e-22	0.36242
12.764	1.17e-22	0.36075
12.823	1.0863e-22	0.35908
12.882	1.0086e-22	0.35743
12.942	9.3645e-23	0.35578
13.002	8.6947e-23	0.35413
13.062	8.0729e-23	0.3525
13.122	7.4955e-23	0.35087
13.183	6.9595e-23	0.34925
13.243	6.4619e-23	0.34764
13.305	5.9998e-23	0.34604
13.366	5.5709e-23	0.34444
13.428	5.1726e-23	0.34286
13.49	4.8028e-23	0.34128
13.552	4.4595e-23	0.3397
13.614	4.1407e-23	0.33814
13.677	3.8448e-23	0.33658
13.74	3.57e-23	0.33503
13.804	3.3149e-23	0.33349
13.868	3.078e-23	0.33195
13.932	2.858e-23	0.33042
13.996	2.6538e-23	0.3289
14.06	2.4642e-23	0.32739
14.125	2.2882e-23	0.32588
14.191	2.1247e-23	0.32438
14.256	1.9729e-23	0.32289
14.322	1.832e-23	0.32141
14.388	1.7011e-23	0.31993
14.454	1.5796e-23	0.31846
14.521	1.4668e-23	0.31699
14.588	1.362e-23	0.31554
14.655	1.2648e-23	0.31409
14.723	1.1745e-23	0.31264
14.791	1.0906e-23	0.31121
14.859	1.0127e-23	0.30978
14.928	9.4042e-24	0.30836
14.997	8.7328e-24	0.30694
15.066	8.1093e-24	0.30553
15.136	7.5304e-24	0.30413
15.205	6.9929e-24	0.30274
15.276	6.4937e-24	0.30135
15.346	6.0302e-24	0.29997
15.417	5.5998e-24	0.29859
15.488	5.2002e-24	0.29722
15.56	4.829e-24	0.29586
15.631	4.4844e-24	0.2945
15.704	4.1644e-24	0.29316
15.776	3.8673e-24	0.29181
15.849	3.5913e-24	0.29048
15.922	3.3351e-24	0.28915
15.996	3.0971e-24	0.28782
16.069	2.8762e-24	0.28651
16.144	2.671e-24	0.2852
16.218	2.4805e-24	0.28389
16.293	2.3035e-24	0.28259
16.368	2.1392e-24	0.2813
16.444	1.9866e-24	0.28001
16.52	1.8449e-24	0.27873
16.596	1.7134e-24	0.27746
16.672	1.5912e-24	0.27619
16.749	1.4777e-24	0.27493
16.827	1.3723e-24	0.27368
16.904	1.2745e-24	0.27243
16.982	1.1836e-24	0.27118
17.061	1.0992e-24	0.26995
17.14	1.0208e-24	0.26871
17.219	9.4804e-25	0.26749
17.298	8.8045e-25	0.26627
17.378	8.1769e-25	0.26506
17.458	7.594e-25	0.26385
17.539	7.0527e-25	0.26265
17.62	6.5499e-25	0.26145
17.701	6.0831e-25	0.26026
17.783	5.6495e-25	0.25907
17.865	5.2469e-25	0.25789
17.947	4.8729e-25	0.25672
18.03	4.5257e-25	0.25555
18.113	4.2032e-25	0.25439
18.197	3.9036e-25	0.25323
18.281	3.6255e-25	0.25208
18.365	3.3672e-25	0.25094
18.45	3.1273e-25	0.2498
18.535	2.9045e-25	0.24866
18.621	2.6975e-25	0.24753
18.707	2.5054e-25	0.24641
18.793	2.3269e-25	0.24529
18.88	2.1611e-25	0.24418
18.967	2.0072e-25	0.24307
19.055	1.8642e-25	0.24197
19.143	1.7314e-25	0.24087
19.231	1.6081e-25	0.23978
19.32	1.4936e-25	0.23869
19.409	1.3872e-25	0.23761
19.498	1.2885e-25	0.23653
19.588	1.1967e-25	0.23546
19.679	1.1115e-25	0.2344
19.77	1.0324e-25	0.23333
19.861	9.5887e-26	0.23228
19.953	8.906e-26	0.23123
20.045	8.272e-26	0.23018
20.137	7.6832e-26	0.22914
20.23	7.1363e-26	0.2281
20.324	6.6284e-26	0.22707
20.417	6.1567e-26	0.22605
20.512	5.7186e-26	0.22502
20.606	5.3116e-26	0.22401
20.701	4.9337e-26	0.22299
20.797	4.5827e-26	0.22198
20.893	4.2566e-26	0.22098
20.989	3.9538e-26	0.21998
21.086	3.6726e-26	0.21899
21.184	3.4114e-26	0.21799
21.281	3.1688e-26	0.21701
21.38	2.9435e-26	0.21602
21.478	2.7342e-26	0.21504
21.577	2.5398e-26	0.21407
21.677	2.3593e-26	0.2131
21.777	2.1916e-26	0.21213
21.878	2.0359e-26	0.21116
21.979	1.8913e-26	0.2102
22.08	1.757e-26	0.20923
22.182	1.6322e-26	0.20827
22.284	1.5163e-26	0.20731
22.387	1.4087e-26	0.20635
22.491	1.3088e-26	0.20539
22.594	1.2159e-26	0.20443
22.699	1.1297e-26	0.20346
22.803	1.0497e-26	0.20248
22.909	9.7537e-27	0.2015
23.014	9.0635e-27	0.20051
23.121	8.4227e-27	0.19949
23.227	7.8278e-27	0.19846
23.335	7.2756e-27	0.19739
23.442	6.7632e-27	0.19627
23.55	6.2879e-27	0.19509
23.659	5.8471e-27	0.1938
23.768	5.4387e-27	0.19237
23.878	5.0608e-27	0.19069
23.988	4.7117e-27	0.18862
24.099	4.3903e-27	0.18584
24.21	4.0965e-27	0.18167
24.322	3.8319e-27	0.17439
24.434	3.6035e-27	0.15844
24.547	3.4401e-27	0.10694
24.66	3.5726e-27	-0.34769
24.774	1.9567e-27	-1.7187
24.889	2.3454e-27	0.060924
25.003	2.2625e-27	0.14432
25.119	2.1338e-27	0.16462
25.235	1.9983e-27	0.17217
25.351	1.8657e-27	0.17551
25.468	1.7391e-27	0.17707
25.586	1.6195e-27	0.17775
25.704	1.5072e-27	0.17795
25.823	1.4021e-27	0.17786
25.942	1.304e-27	0.17759
26.062	1.2124e-27	0.1772
26.182	1.1271e-27	0.17673
26.303	1.0477e-27	0.17621
26.424	9.7374e-28	0.17565
26.546	9.0495e-28	0.17506
26.669	8.4096e-28	0.17444
26.792	7.8146e-28	0.17382
26.915	7.2614e-28	0.17318
27.04	6.747e-28	0.17254
27.164	6.2689e-28	0.1719
27.29	5.8245e-28	0.17125
27.416	5.4115e-28	0.1706
27.542	5.0277e-28	0.16995
27.669	4.671e-28	0.1693
27.797	4.3395e-28	0.16866
27.925	4.0316e-28	0.16802
28.054	3.7454e-28	0.16738
28.184	3.4795e-28	0.16675
28.314	3.2324e-28	0.16612
28.445	3.0029e-28	0.1655
28.576	2.7896e-28	0.16488
28.708	2.5915e-28	0.16427
28.84	2.4074e-28	0.16367
28.973	2.2364e-28	0.16307
29.107	2.0776e-28	0.16248
29.242	1.93e-28	0.1619
29.376	1.7928e-28	0.16133
29.512	1.6655e-28	0.16077
29.648	1.5471e-28	0.16021
29.785	1.4372e-28	0.15967
29.923	1.3351e-28	0.15914
30.061	1.2402e-28	0.15862
30.2	1.1521e-28	0.15811
30.339	1.0702e-28	0.15762
30.479	9.9414e-29	0.15714
30.62	9.2348e-29	0.15667
30.761	8.5785e-29	0.15622
30.903	7.9688e-29	0.15579
31.046	7.4025e-29	0.15538
31.189	6.8764e-29	0.15498
31.333	6.3876e-29	0.15461
31.477	5.9336e-29	0.15427
31.623	5.5119e-29	0.15395
31.769	5.1201e-29	0.15366
31.915	4.7562e-29	0.15341
32.063	4.4182e-29	0.15319
32.211	4.1041e-29	0.15301
32.359	3.8124e-29	0.15287
32.509	3.5414e-29	0.15279
32.659	3.2897e-29	0.15277
32.81	3.0559e-29	0.15281
32.961	2.8387e-29	0.15293
33.113	2.6369e-29	0.15314
33.266	2.4495e-29	0.15345
33.42	2.2754e-29	0.15389
33.574	2.1137e-29	0.15447
33.729	1.9635e-29	0.15523
33.884	1.8239e-29	0.15619
34.041	1.6943e-29	0.15741
34.198	1.5739e-29	0.15893
34.356	1.4621e-29	0.16082
34.514	1.3582e-29	0.16315
34.674	1.2617e-29	0.16595
34.834	1.1721e-29	0.16919
34.995	1.089e-29	0.17253
35.156	1.0118e-29	0.17488
35.318	9.401e-30	0.17329
35.481	8.7356e-30	0.16226
35.645	8.1164e-30	0.13845
35.81	7.5389e-30	0.11125
35.975	7.0011e-30	0.094138
36.141	6.5016e-30	0.088066
36.308	6.0382e-30	0.087846
36.475	5.6082e-30	0.089786
36.644	5.209e-30	0.092234
36.813	4.8384e-30	0.094577
36.983	4.4942e-30	0.096626
37.154	4.1746e-30	0.098351
37.325	3.8778e-30	0.099777
37.497	3.6021e-30	0.10094
37.67	3.346e-30	0.10189
37.844	3.1081e-30	0.10265
38.019	2.8872e-30	0.10326
38.194	2.6819e-30	0.10374
38.371	2.4913e-30	0.1041
38.548	2.3142e-30	0.10438
38.726	2.1497e-30	0.10457
38.905	1.9969e-30	0.10469
39.084	1.855e-30	0.10476
39.264	1.7231e-30	0.10477
39.446	1.6006e-30	0.10475
39.628	1.4869e-30	0.10468
39.811	1.3812e-30	0.10458
39.994	1.283e-30	0.10444
40.179	1.1918e-30	0.10428
40.365	1.1071e-30	0.1041
40.551	1.0284e-30	0.1039
40.738	9.5532e-31	0.10368
40.926	8.8743e-31	0.10344
41.115	8.2435e-31	0.10319
41.305	7.6576e-31	0.10292
41.495	7.1134e-31	0.10264
41.687	6.6078e-31	0.10235
41.879	6.1382e-31	0.10205
42.073	5.7019e-31	0.10174
42.267	5.2967e-31	0.10143
42.462	4.9202e-31	0.10111
42.658	4.5705e-31	0.10078
42.855	4.2457e-31	0.10044
43.053	3.9439e-31	0.1001
43.251	3.6636e-31	0.099758
43.451	3.4033e-31	0.099409
43.652	3.1614e-31	0.099056
43.853	2.9367e-31	0.098699
44.055	2.728e-31	0.09834
44.259	2.5341e-31	0.097978
44.463	2.354e-31	0.097613
44.668	2.1867e-31	0.097246
44.875	2.0313e-31	0.096877
45.082	1.887e-31	0.096507
45.29	1.7529e-31	0.096135
45.499	1.6283e-31	0.095761
45.709	1.5126e-31	0.095387
45.92	1.4051e-31	0.095011
46.132	1.3052e-31	0.094635
46.345	1.2125e-31	0.094258
46.559	1.1263e-31	0.09388
46.774	1.0463e-31	0.093502
46.989	9.7191e-32	0.093124
47.206	9.0284e-32	0.092745
47.424	8.3868e-32	0.092367
47.643	7.7908e-32	0.091988
47.863	7.2371e-32	0.091609
48.084	6.7228e-32	0.091231
48.306	6.2451e-32	0.090853
48.529	5.8013e-32	0.090475
48.753	5.389e-32	0.090098
48.978	5.0061e-32	0.08972
49.204	4.6503e-32	0.089344
49.431	4.3198e-32	0.088968
49.659	4.0129e-32	0.088592
49.888	3.7277e-32	0.088217
50.119	3.4628e-32	0.087843
50.35	3.2167e-32	0.08747
50.582	2.9881e-32	0.087097
50.816	2.7758e-32	0.086725
51.05	2.5786e-32	0.086354
51.286	2.3953e-32	0.085984
51.523	2.2251e-32	0.085615
51.761	2.067e-32	0.085246
52	1.9201e-32	0.084879
52.24	1.7837e-32	0.084512
52.481	1.6569e-32	0.084147
52.723	1.5392e-32	0.083782
52.966	1.4298e-32	0.083419
53.211	1.3282e-32	0.083056
53.456	1.2338e-32	0.082695
53.703	1.1461e-32	0.082335
53.951	1.0647e-32	0.081976
54.2	9.8905e-33	0.081618
54.45	9.1877e-33	0.081261
54.702	8.5348e-33	0.080905
54.954	7.9284e-33	0.080551
55.208	7.365e-33	0.080197
55.463	6.8417e-33	0.079845
55.719	6.3555e-33	0.079494
55.976	5.9039e-33	0.079144
56.234	5.4844e-33	0.078795
56.494	5.0947e-33	0.078448
56.754	4.7327e-33	0.078102
57.016	4.3964e-33	0.077757
57.28	4.084e-33	0.077413
57.544	3.7938e-33	0.077071
57.81	3.5243e-33	0.076729
58.076	3.2738e-33	0.076389
58.345	3.0412e-33	0.07605
58.614	2.8251e-33	0.075713
58.884	2.6244e-33	0.075377
59.156	2.4379e-33	0.075042
59.429	2.2647e-33	0.074708
59.704	2.1038e-33	0.074376
59.979	1.9543e-33	0.074044
60.256	1.8154e-33	0.073715
60.534	1.6864e-33	0.073386
60.814	1.5666e-33	0.073059
61.094	1.4553e-33	0.072732
61.376	1.3519e-33	0.072408
61.66	1.2558e-33	0.072084
61.944	1.1666e-33	0.071762
62.23	1.0837e-33	0.071441
62.517	1.0067e-33	0.071121
62.806	9.3519e-34	0.070803
63.096	8.6874e-34	0.070486
63.387	8.0702e-34	0.07017
63.68	7.4968e-34	0.069855
63.973	6.9641e-34	0.069542
64.269	6.4693e-34	0.06923
64.565	6.0096e-34	0.068919
64.863	5.5826e-34	0.068609
65.163	5.186e-34	0.068301
65.464	4.8175e-34	0.067994
65.766	4.4752e-34	0.067689
66.069	4.1573e-34	0.067384
66.374	3.8619e-34	0.067081
66.681	3.5875e-34	0.066779
66.988	3.3326e-34	0.066478
67.298	3.0958e-34	0.066179
67.608	2.8759e-34	0.065881
67.92	2.6715e-34	0.065584
68.234	2.4817e-34	0.065288
68.549	2.3054e-34	0.064994
68.865	2.1416e-34	0.0647
69.183	1.9895e-34	0.064408
69.502	1.8481e-34	0.064118
69.823	1.7168e-34	0.063828
70.146	1.5948e-34	0.06354
70.469	1.4815e-34	0.063253
70.795	1.3763e-34	0.062967
71.121	1.2785e-34	0.062682
71.45	1.1876e-34	0.062399
71.779	1.1033e-34	0.062117
72.111	1.0249e-34	0.061836
72.444	9.5206e-35	0.061556
72.778	8.8442e-35	0.061277
73.114	8.2158e-35	0.061
73.451	7.6321e-35	0.060724
73.79	7.0899e-35	0.060449
74.131	6.5862e-35	0.060175
74.473	6.1182e-35	0.059902
74.817	5.6836e-35	0.059631
75.162	5.2798e-35	0.059361
75.509	4.9047e-35	0.059092
75.858	4.5562e-35	0.058824
76.208	4.2325e-35	0.058557
76.56	3.9318e-35	0.058291
76.913	3.6525e-35	0.058027
77.268	3.393e-35	0.057764
77.625	3.1519e-35	0.057501
77.983	2.928e-35	0.05724
78.343	2.72e-35	0.056981
78.705	2.5267e-35	0.056722
79.068	2.3472e-35	0.056464
79.433	2.1804e-35	0.056208
79.799	2.0255e-35	0.055952
80.168	1.8816e-35	0.055698
80.538	1.7479e-35	0.055445
80.91	1.6238e-35	0.055193
81.283	1.5084e-35	0.054942
81.658	1.4012e-35	0.054692
82.035	1.3017e-35	0.054444
82.414	1.2092e-35	0.054196
82.794	1.1233e-35	0.05395
83.176	1.0435e-35	0.053704
83.56	9.6937e-36	0.05346
83.946	9.005e-36	0.053217
84.333	8.3652e-36	0.052974
84.723	7.7709e-36	0.052733
85.114	7.2189e-36	0.052493
85.507	6.706e-36	0.052254
85.901	6.2296e-36	0.052016
86.298	5.787e-36	0.051779
86.696	5.3759e-36	0.051544
87.096	4.994e-36	0.051309
87.498	4.6392e-36	0.051075
87.902	4.3096e-36	0.050842
88.308	4.0034e-36	0.050611
88.716	3.719e-36	0.05038
89.125	3.4548e-36	0.050151
89.536	3.2094e-36	0.049922
89.95	2.9814e-36	0.049694
90.365	2.7696e-36	0.049468
90.782	2.5728e-36	0.049242
91.201	2.39e-36	0.049018
91.622	2.2202e-36	0.048794
92.045	2.0625e-36	0.048572
92.47	1.916e-36	0.04835
92.897	1.7799e-36	0.04813
93.325	1.6534e-36	0.04791
93.756	1.5359e-36	0.047692
94.189	1.4268e-36	0.047474
94.624	1.3255e-36	0.047257
95.06	1.2313e-36	0.047042
95.499	1.1438e-36	0.046827
95.94	1.0626e-36	0.046613
96.383	9.8708e-37	0.046401
96.828	9.1696e-37	0.046189
97.275	8.5182e-37	0.045978
97.724	7.913e-37	0.045768
98.175	7.3509e-37	0.045559
98.628	6.8287e-37	0.045351
99.083	6.3435e-37	0.045144
99.541	5.8929e-37	0.044938
100	5.4743e-37	0.044733
