0.01	1.0021	-0.17301
0.010046	1.0021	-0.17381
0.010093	1.0022	-0.17462
0.010139	1.0022	-0.17543
0.010186	1.0022	-0.17624
0.010233	1.0022	-0.17705
0.01028	1.0022	-0.17787
0.010328	1.0023	-0.1787
0.010375	1.0023	-0.17953
0.010423	1.0023	-0.18036
0.010471	1.0023	-0.18119
0.01052	1.0023	-0.18203
0.010568	1.0024	-0.18288
0.010617	1.0024	-0.18372
0.010666	1.0024	-0.18457
0.010715	1.0024	-0.18543
0.010765	1.0025	-0.18629
0.010814	1.0025	-0.18715
0.010864	1.0025	-0.18802
0.010914	1.0025	-0.18889
0.010965	1.0025	-0.18976
0.011015	1.0026	-0.19064
0.011066	1.0026	-0.19153
0.011117	1.0026	-0.19241
0.011169	1.0026	-0.19331
0.01122	1.0027	-0.1942
0.011272	1.0027	-0.1951
0.011324	1.0027	-0.19601
0.011376	1.0027	-0.19691
0.011429	1.0028	-0.19783
0.011482	1.0028	-0.19874
0.011535	1.0028	-0.19967
0.011588	1.0028	-0.20059
0.011641	1.0029	-0.20152
0.011695	1.0029	-0.20246
0.011749	1.0029	-0.20339
0.011803	1.003	-0.20434
0.011858	1.003	-0.20528
0.011912	1.003	-0.20624
0.011967	1.003	-0.20719
0.012023	1.0031	-0.20815
0.012078	1.0031	-0.20912
0.012134	1.0031	-0.21009
0.01219	1.0031	-0.21106
0.012246	1.0032	-0.21204
0.012303	1.0032	-0.21302
0.012359	1.0032	-0.21401
0.012417	1.0033	-0.21501
0.012474	1.0033	-0.216
0.012531	1.0033	-0.217
0.012589	1.0034	-0.21801
0.012647	1.0034	-0.21902
0.012706	1.0034	-0.22004
0.012764	1.0035	-0.22106
0.012823	1.0035	-0.22209
0.012882	1.0035	-0.22312
0.012942	1.0036	-0.22415
0.013002	1.0036	-0.22519
0.013062	1.0036	-0.22624
0.013122	1.0037	-0.22729
0.013183	1.0037	-0.22834
0.013243	1.0037	-0.2294
0.013305	1.0038	-0.23047
0.013366	1.0038	-0.23154
0.013428	1.0038	-0.23261
0.01349	1.0039	-0.23369
0.013552	1.0039	-0.23478
0.013614	1.0039	-0.23587
0.013677	1.004	-0.23696
0.01374	1.004	-0.23806
0.013804	1.004	-0.23917
0.013868	1.0041	-0.24028
0.013932	1.0041	-0.24139
0.013996	1.0042	-0.24252
0.01406	1.0042	-0.24364
0.014125	1.0042	-0.24477
0.014191	1.0043	-0.24591
0.014256	1.0043	-0.24705
0.014322	1.0044	-0.2482
0.014388	1.0044	-0.24935
0.014454	1.0044	-0.25051
0.014521	1.0045	-0.25168
0.014588	1.0045	-0.25285
0.014655	1.0046	-0.25402
0.014723	1.0046	-0.2552
0.014791	1.0046	-0.25639
0.014859	1.0047	-0.25758
0.014928	1.0047	-0.25878
0.014997	1.0048	-0.25998
0.015066	1.0048	-0.26119
0.015136	1.0049	-0.2624
0.015205	1.0049	-0.26362
0.015276	1.005	-0.26485
0.015346	1.005	-0.26608
0.015417	1.005	-0.26732
0.015488	1.0051	-0.26856
0.01556	1.0051	-0.26981
0.015631	1.0052	-0.27107
0.015704	1.0052	-0.27233
0.015776	1.0053	-0.27359
0.015849	1.0053	-0.27487
0.015922	1.0054	-0.27615
0.015996	1.0054	-0.27743
0.016069	1.0055	-0.27872
0.016144	1.0055	-0.28002
0.016218	1.0056	-0.28132
0.016293	1.0056	-0.28263
0.016368	1.0057	-0.28395
0.016444	1.0057	-0.28527
0.01652	1.0058	-0.2866
0.016596	1.0059	-0.28793
0.016672	1.0059	-0.28927
0.016749	1.006	-0.29062
0.016827	1.006	-0.29197
0.016904	1.0061	-0.29333
0.016982	1.0061	-0.2947
0.017061	1.0062	-0.29607
0.01714	1.0062	-0.29745
0.017219	1.0063	-0.29884
0.017298	1.0064	-0.30023
0.017378	1.0064	-0.30163
0.017458	1.0065	-0.30304
0.017539	1.0065	-0.30445
0.01762	1.0066	-0.30587
0.017701	1.0067	-0.30729
0.017783	1.0067	-0.30873
0.017865	1.0068	-0.31017
0.017947	1.0068	-0.31161
0.01803	1.0069	-0.31307
0.018113	1.007	-0.31453
0.018197	1.007	-0.31599
0.018281	1.0071	-0.31747
0.018365	1.0072	-0.31895
0.01845	1.0072	-0.32044
0.018535	1.0073	-0.32193
0.018621	1.0074	-0.32343
0.018707	1.0074	-0.32494
0.018793	1.0075	-0.32646
0.01888	1.0076	-0.32798
0.018967	1.0077	-0.32952
0.019055	1.0077	-0.33105
0.019143	1.0078	-0.3326
0.019231	1.0079	-0.33415
0.01932	1.0079	-0.33572
0.019409	1.008	-0.33728
0.019498	1.0081	-0.33886
0.019588	1.0082	-0.34044
0.019679	1.0082	-0.34203
0.01977	1.0083	-0.34363
0.019861	1.0084	-0.34524
0.019953	1.0085	-0.34685
0.020045	1.0086	-0.34847
0.020137	1.0086	-0.3501
0.02023	1.0087	-0.35174
0.020324	1.0088	-0.35338
0.020417	1.0089	-0.35504
0.020512	1.009	-0.3567
0.020606	1.009	-0.35837
0.020701	1.0091	-0.36004
0.020797	1.0092	-0.36173
0.020893	1.0093	-0.36342
0.020989	1.0094	-0.36512
0.021086	1.0095	-0.36683
0.021184	1.0096	-0.36855
0.021281	1.0097	-0.37028
0.02138	1.0097	-0.37201
0.021478	1.0098	-0.37375
0.021577	1.0099	-0.3755
0.021677	1.01	-0.37726
0.021777	1.0101	-0.37903
0.021878	1.0102	-0.38081
0.021979	1.0103	-0.38259
0.02208	1.0104	-0.38439
0.022182	1.0105	-0.38619
0.022284	1.0106	-0.388
0.022387	1.0107	-0.38982
0.022491	1.0108	-0.39165
0.022594	1.0109	-0.39348
0.022699	1.011	-0.39533
0.022803	1.0111	-0.39719
0.022909	1.0112	-0.39905
0.023014	1.0113	-0.40092
0.023121	1.0114	-0.40281
0.023227	1.0115	-0.4047
0.023335	1.0116	-0.4066
0.023442	1.0117	-0.40851
0.02355	1.0118	-0.41043
0.023659	1.012	-0.41235
0.023768	1.0121	-0.41429
0.023878	1.0122	-0.41624
0.023988	1.0123	-0.4182
0.024099	1.0124	-0.42016
0.02421	1.0125	-0.42214
0.024322	1.0126	-0.42412
0.024434	1.0128	-0.42612
0.024547	1.0129	-0.42812
0.02466	1.013	-0.43014
0.024774	1.0131	-0.43216
0.024889	1.0132	-0.4342
0.025003	1.0134	-0.43624
0.025119	1.0135	-0.4383
0.025235	1.0136	-0.44036
0.025351	1.0137	-0.44244
0.025468	1.0139	-0.44452
0.025586	1.014	-0.44662
0.025704	1.0141	-0.44872
0.025823	1.0143	-0.45084
0.025942	1.0144	-0.45296
0.026062	1.0145	-0.4551
0.026182	1.0147	-0.45725
0.026303	1.0148	-0.4594
0.026424	1.0149	-0.46157
0.026546	1.0151	-0.46375
0.026669	1.0152	-0.46594
0.026792	1.0154	-0.46814
0.026915	1.0155	-0.47035
0.02704	1.0157	-0.47257
0.027164	1.0158	-0.47481
0.02729	1.016	-0.47705
0.027416	1.0161	-0.47931
0.027542	1.0163	-0.48157
0.027669	1.0164	-0.48385
0.027797	1.0166	-0.48614
0.027925	1.0167	-0.48844
0.028054	1.0169	-0.49075
0.028184	1.017	-0.49307
0.028314	1.0172	-0.49541
0.028445	1.0174	-0.49776
0.028576	1.0175	-0.50011
0.028708	1.0177	-0.50248
0.02884	1.0179	-0.50487
0.028973	1.018	-0.50726
0.029107	1.0182	-0.50966
0.029242	1.0184	-0.51208
0.029376	1.0185	-0.51451
0.029512	1.0187	-0.51695
0.029648	1.0189	-0.51941
0.029785	1.0191	-0.52187
0.029923	1.0192	-0.52435
0.030061	1.0194	-0.52684
0.0302	1.0196	-0.52935
0.030339	1.0198	-0.53186
0.030479	1.02	-0.53439
0.03062	1.0202	-0.53693
0.030761	1.0204	-0.53949
0.030903	1.0205	-0.54205
0.031046	1.0207	-0.54463
0.031189	1.0209	-0.54723
0.031333	1.0211	-0.54983
0.031477	1.0213	-0.55245
0.031623	1.0215	-0.55508
0.031769	1.0217	-0.55773
0.031915	1.0219	-0.56039
0.032063	1.0221	-0.56306
0.032211	1.0224	-0.56575
0.032359	1.0226	-0.56845
0.032509	1.0228	-0.57116
0.032659	1.023	-0.57389
0.03281	1.0232	-0.57663
0.032961	1.0234	-0.57939
0.033113	1.0236	-0.58216
0.033266	1.0239	-0.58494
0.03342	1.0241	-0.58774
0.033574	1.0243	-0.59055
0.033729	1.0246	-0.59337
0.033884	1.0248	-0.59622
0.034041	1.025	-0.59907
0.034198	1.0253	-0.60194
0.034356	1.0255	-0.60483
0.034514	1.0257	-0.60773
0.034674	1.026	-0.61064
0.034834	1.0262	-0.61357
0.034995	1.0265	-0.61652
0.035156	1.0267	-0.61948
0.035318	1.027	-0.62245
0.035481	1.0272	-0.62544
0.035645	1.0275	-0.62845
0.03581	1.0278	-0.63147
0.035975	1.028	-0.63451
0.036141	1.0283	-0.63756
0.036308	1.0286	-0.64063
0.036475	1.0288	-0.64371
0.036644	1.0291	-0.64682
0.036813	1.0294	-0.64993
0.036983	1.0297	-0.65307
0.037154	1.0299	-0.65622
0.037325	1.0302	-0.65938
0.037497	1.0305	-0.66257
0.03767	1.0308	-0.66577
0.037844	1.0311	-0.66898
0.038019	1.0314	-0.67222
0.038194	1.0317	-0.67547
0.038371	1.032	-0.67874
0.038548	1.0323	-0.68202
0.038726	1.0326	-0.68532
0.038905	1.0329	-0.68864
0.039084	1.0332	-0.69198
0.039264	1.0335	-0.69533
0.039446	1.0339	-0.69871
0.039628	1.0342	-0.7021
0.039811	1.0345	-0.70551
0.039994	1.0348	-0.70893
0.040179	1.0352	-0.71238
0.040365	1.0355	-0.71584
0.040551	1.0358	-0.71933
0.040738	1.0362	-0.72283
0.040926	1.0365	-0.72635
0.041115	1.0369	-0.72988
0.041305	1.0372	-0.73344
0.041495	1.0376	-0.73702
0.041687	1.0379	-0.74062
0.041879	1.0383	-0.74423
0.042073	1.0387	-0.74787
0.042267	1.039	-0.75152
0.042462	1.0394	-0.75519
0.042658	1.0398	-0.75889
0.042855	1.0402	-0.7626
0.043053	1.0406	-0.76634
0.043251	1.0409	-0.77009
0.043451	1.0413	-0.77387
0.043652	1.0417	-0.77767
0.043853	1.0421	-0.78148
0.044055	1.0425	-0.78532
0.044259	1.0429	-0.78918
0.044463	1.0434	-0.79306
0.044668	1.0438	-0.79696
0.044875	1.0442	-0.80088
0.045082	1.0446	-0.80483
0.04529	1.045	-0.8088
0.045499	1.0455	-0.81278
0.045709	1.0459	-0.8168
0.04592	1.0464	-0.82083
0.046132	1.0468	-0.82488
0.046345	1.0473	-0.82896
0.046559	1.0477	-0.83306
0.046774	1.0482	-0.83719
0.046989	1.0486	-0.84133
0.047206	1.0491	-0.8455
0.047424	1.0496	-0.8497
0.047643	1.0501	-0.85392
0.047863	1.0505	-0.85816
0.048084	1.051	-0.86242
0.048306	1.0515	-0.86671
0.048529	1.052	-0.87102
0.048753	1.0525	-0.87536
0.048978	1.053	-0.87973
0.049204	1.0535	-0.88411
0.049431	1.0541	-0.88853
0.049659	1.0546	-0.89296
0.049888	1.0551	-0.89743
0.050119	1.0557	-0.90192
0.05035	1.0562	-0.90643
0.050582	1.0567	-0.91097
0.050816	1.0573	-0.91554
0.05105	1.0578	-0.92013
0.051286	1.0584	-0.92476
0.051523	1.059	-0.9294
0.051761	1.0596	-0.93408
0.052	1.0601	-0.93878
0.05224	1.0607	-0.94351
0.052481	1.0613	-0.94826
0.052723	1.0619	-0.95305
0.052966	1.0625	-0.95786
0.053211	1.0631	-0.9627
0.053456	1.0637	-0.96757
0.053703	1.0644	-0.97247
0.053951	1.065	-0.9774
0.0542	1.0656	-0.98236
0.05445	1.0663	-0.98734
0.054702	1.0669	-0.99236
0.054954	1.0676	-0.99741
0.055208	1.0682	-1.0025
0.055463	1.0689	-1.0076
0.055719	1.0696	-1.0127
0.055976	1.0703	-1.0179
0.056234	1.071	-1.0231
0.056494	1.0716	-1.0283
0.056754	1.0724	-1.0336
0.057016	1.0731	-1.0389
0.05728	1.0738	-1.0442
0.057544	1.0745	-1.0496
0.05781	1.0752	-1.055
0.058076	1.076	-1.0604
0.058345	1.0767	-1.0659
0.058614	1.0775	-1.0714
0.058884	1.0783	-1.0769
0.059156	1.079	-1.0824
0.059429	1.0798	-1.088
0.059704	1.0806	-1.0937
0.059979	1.0814	-1.0993
0.060256	1.0822	-1.105
0.060534	1.083	-1.1108
0.060814	1.0839	-1.1166
0.061094	1.0847	-1.1224
0.061376	1.0855	-1.1282
0.06166	1.0864	-1.1341
0.061944	1.0872	-1.14
0.06223	1.0881	-1.146
0.062517	1.089	-1.152
0.062806	1.0899	-1.158
0.063096	1.0908	-1.1641
0.063387	1.0917	-1.1702
0.06368	1.0926	-1.1764
0.063973	1.0935	-1.1826
0.064269	1.0945	-1.1888
0.064565	1.0954	-1.1951
0.064863	1.0964	-1.2014
0.065163	1.0973	-1.2077
0.065464	1.0983	-1.2141
0.065766	1.0993	-1.2206
0.066069	1.1003	-1.2271
0.066374	1.1013	-1.2336
0.066681	1.1023	-1.2402
0.066988	1.1033	-1.2468
0.067298	1.1044	-1.2534
0.067608	1.1054	-1.2602
0.06792	1.1065	-1.2669
0.068234	1.1076	-1.2737
0.068549	1.1087	-1.2805
0.068865	1.1098	-1.2874
0.069183	1.1109	-1.2944
0.069502	1.112	-1.3014
0.069823	1.1132	-1.3084
0.070146	1.1143	-1.3155
0.070469	1.1155	-1.3226
0.070795	1.1166	-1.3298
0.071121	1.1178	-1.337
0.07145	1.119	-1.3443
0.071779	1.1203	-1.3516
0.072111	1.1215	-1.359
0.072444	1.1227	-1.3664
0.072778	1.124	-1.3739
0.073114	1.1253	-1.3814
0.073451	1.1265	-1.389
0.07379	1.1278	-1.3967
0.074131	1.1292	-1.4044
0.074473	1.1305	-1.4121
0.074817	1.1318	-1.42
0.075162	1.1332	-1.4278
0.075509	1.1346	-1.4358
0.075858	1.136	-1.4437
0.076208	1.1374	-1.4518
0.07656	1.1388	-1.4599
0.076913	1.1402	-1.4681
0.077268	1.1417	-1.4763
0.077625	1.1432	-1.4846
0.077983	1.1447	-1.4929
0.078343	1.1462	-1.5013
0.078705	1.1477	-1.5098
0.079068	1.1492	-1.5183
0.079433	1.1508	-1.5269
0.079799	1.1524	-1.5356
0.080168	1.154	-1.5444
0.080538	1.1556	-1.5532
0.08091	1.1572	-1.562
0.081283	1.1589	-1.571
0.081658	1.1605	-1.58
0.082035	1.1622	-1.5891
0.082414	1.164	-1.5982
0.082794	1.1657	-1.6074
0.083176	1.1674	-1.6167
0.08356	1.1692	-1.6261
0.083946	1.171	-1.6355
0.084333	1.1728	-1.6451
0.084723	1.1747	-1.6547
0.085114	1.1765	-1.6643
0.085507	1.1784	-1.6741
0.085901	1.1803	-1.6839
0.086298	1.1823	-1.6938
0.086696	1.1842	-1.7038
0.087096	1.1862	-1.7139
0.087498	1.1882	-1.7241
0.087902	1.1902	-1.7343
0.088308	1.1923	-1.7446
0.088716	1.1944	-1.7551
0.089125	1.1965	-1.7656
0.089536	1.1986	-1.7762
0.08995	1.2007	-1.7868
0.090365	1.2029	-1.7976
0.090782	1.2051	-1.8085
0.091201	1.2074	-1.8195
0.091622	1.2096	-1.8305
0.092045	1.2119	-1.8417
0.09247	1.2143	-1.8529
0.092897	1.2166	-1.8643
0.093325	1.219	-1.8757
0.093756	1.2214	-1.8873
0.094189	1.2239	-1.899
0.094624	1.2263	-1.9107
0.09506	1.2288	-1.9226
0.095499	1.2314	-1.9346
0.09594	1.2339	-1.9467
0.096383	1.2366	-1.9589
0.096828	1.2392	-1.9712
0.097275	1.2419	-1.9836
0.097724	1.2446	-1.9962
0.098175	1.2473	-2.0088
0.098628	1.2501	-2.0216
0.099083	1.2529	-2.0345
0.099541	1.2558	-2.0475
0.1	1.2587	-2.0607
0.10046	1.2616	-2.074
0.10093	1.2646	-2.0874
0.10139	1.2676	-2.1009
0.10186	1.2706	-2.1146
0.10233	1.2737	-2.1284
0.1028	1.2769	-2.1423
0.10328	1.2801	-2.1564
0.10375	1.2833	-2.1706
0.10423	1.2866	-2.185
0.10471	1.2899	-2.1995
0.1052	1.2932	-2.2142
0.10568	1.2966	-2.229
0.10617	1.3001	-2.244
0.10666	1.3036	-2.2591
0.10715	1.3071	-2.2744
0.10765	1.3107	-2.2898
0.10814	1.3144	-2.3054
0.10864	1.3181	-2.3212
0.10914	1.3219	-2.3372
0.10965	1.3257	-2.3533
0.11015	1.3295	-2.3696
0.11066	1.3335	-2.386
0.11117	1.3374	-2.4027
0.11169	1.3415	-2.4195
0.1122	1.3456	-2.4366
0.11272	1.3497	-2.4538
0.11324	1.354	-2.4712
0.11376	1.3582	-2.4888
0.11429	1.3626	-2.5066
0.11482	1.367	-2.5246
0.11535	1.3715	-2.5429
0.11588	1.376	-2.5613
0.11641	1.3806	-2.58
0.11695	1.3853	-2.5988
0.11749	1.3901	-2.6179
0.11803	1.3949	-2.6373
0.11858	1.3998	-2.6569
0.11912	1.4048	-2.6767
0.11967	1.4099	-2.6967
0.12023	1.415	-2.717
0.12078	1.4202	-2.7376
0.12134	1.4255	-2.7584
0.1219	1.4309	-2.7795
0.12246	1.4364	-2.8008
0.12303	1.442	-2.8224
0.12359	1.4476	-2.8444
0.12417	1.4534	-2.8665
0.12474	1.4592	-2.889
0.12531	1.4652	-2.9118
0.12589	1.4712	-2.9349
0.12647	1.4774	-2.9583
0.12706	1.4836	-2.982
0.12764	1.49	-3.006
0.12823	1.4964	-3.0304
0.12882	1.503	-3.0551
0.12942	1.5097	-3.0802
0.13002	1.5165	-3.1056
0.13062	1.5234	-3.1314
0.13122	1.5304	-3.1575
0.13183	1.5376	-3.184
0.13243	1.5449	-3.2109
0.13305	1.5523	-3.2383
0.13366	1.5599	-3.266
0.13428	1.5676	-3.2941
0.1349	1.5754	-3.3227
0.13552	1.5834	-3.3517
0.13614	1.5915	-3.3811
0.13677	1.5998	-3.411
0.1374	1.6082	-3.4414
0.13804	1.6168	-3.4723
0.13868	1.6255	-3.5036
0.13932	1.6345	-3.5355
0.13996	1.6436	-3.5678
0.1406	1.6528	-3.6008
0.14125	1.6623	-3.6342
0.14191	1.6719	-3.6682
0.14256	1.6817	-3.7028
0.14322	1.6918	-3.738
0.14388	1.702	-3.7738
0.14454	1.7124	-3.8102
0.14521	1.7231	-3.8473
0.14588	1.7339	-3.885
0.14655	1.745	-3.9234
0.14723	1.7564	-3.9625
0.14791	1.7679	-4.0024
0.14859	1.7798	-4.0429
0.14928	1.7918	-4.0843
0.14997	1.8042	-4.1264
0.15066	1.8168	-4.1693
0.15136	1.8296	-4.2131
0.15205	1.8428	-4.2577
0.15276	1.8563	-4.3032
0.15346	1.8701	-4.3496
0.15417	1.8841	-4.3969
0.15488	1.8986	-4.4453
0.1556	1.9133	-4.4946
0.15631	1.9284	-4.545
0.15704	1.9439	-4.5964
0.15776	1.9597	-4.649
0.15849	1.9759	-4.7026
0.15922	1.9925	-4.7575
0.15996	2.0096	-4.8136
0.16069	2.027	-4.871
0.16144	2.0449	-4.9297
0.16218	2.0633	-4.9898
0.16293	2.0821	-5.0512
0.16368	2.1014	-5.1142
0.16444	2.1213	-5.1786
0.1652	2.1417	-5.2446
0.16596	2.1626	-5.3123
0.16672	2.1841	-5.3817
0.16749	2.2062	-5.4528
0.16827	2.2289	-5.5258
0.16904	2.2523	-5.6007
0.16982	2.2763	-5.6776
0.17061	2.301	-5.7565
0.1714	2.3265	-5.8377
0.17219	2.3527	-5.9211
0.17298	2.3798	-6.0068
0.17378	2.4076	-6.095
0.17458	2.4364	-6.1858
0.17539	2.466	-6.2793
0.1762	2.4966	-6.3756
0.17701	2.5282	-6.4748
0.17783	2.5608	-6.5771
0.17865	2.5946	-6.6827
0.17947	2.6294	-6.7916
0.1803	2.6655	-6.9041
0.18113	2.7029	-7.0204
0.18197	2.7415	-7.1406
0.18281	2.7816	-7.265
0.18365	2.8232	-7.3938
0.1845	2.8663	-7.5271
0.18535	2.9111	-7.6654
0.18621	2.9576	-7.8088
0.18707	3.0059	-7.9576
0.18793	3.0562	-8.1122
0.1888	3.1086	-8.2729
0.18967	3.1631	-8.4402
0.19055	3.22	-8.6143
0.19143	3.2793	-8.7958
0.19231	3.3413	-8.9851
0.1932	3.406	-9.1827
0.19409	3.4738	-9.3893
0.19498	3.5447	-9.6054
0.19588	3.6191	-9.8318
0.19679	3.6971	-10.069
0.1977	3.7791	-10.318
0.19861	3.8653	-10.58
0.19953	3.9561	-10.855
0.20045	4.0518	-11.146
0.20137	4.1529	-11.452
0.2023	4.2596	-11.776
0.20324	4.3727	-12.119
0.20417	4.4925	-12.482
0.20512	4.6198	-12.868
0.20606	4.7551	-13.278
0.20701	4.8993	-13.716
0.20797	5.0532	-14.184
0.20893	5.2178	-14.684
0.20989	5.3942	-15.221
0.21086	5.5837	-15.799
0.21184	5.7876	-16.422
0.21281	6.0077	-17.096
0.2138	6.2457	-17.828
0.21478	6.5038	-18.623
0.21577	6.7845	-19.492
0.21677	7.0907	-20.445
0.21777	7.4255	-21.492
0.21878	7.793	-22.65
0.21979	8.1974	-23.935
0.2208	8.6437	-25.367
0.22182	9.138	-26.972
0.22284	9.6865	-28.78
0.22387	10.297	-30.828
0.22491	10.976	-33.161
0.22594	11.733	-35.834
0.22699	12.573	-38.912
0.22803	13.5	-42.473
0.22909	14.511	-46.604
0.23014	15.591	-51.402
0.23121	16.704	-56.956
0.23227	17.79	-63.33
0.23335	18.751	-70.527
0.23442	19.468	-78.448
0.2355	19.824	-86.869
0.23659	19.748	-95.457
0.23768	19.247	-103.84
0.23878	18.406	-111.69
0.23988	17.348	-118.79
0.24099	16.191	-125.07
0.2421	15.026	-130.54
0.24322	13.911	-135.26
0.24434	12.876	-139.32
0.24547	11.932	-142.82
0.2466	11.08	-145.85
0.24774	10.315	-148.49
0.24889	9.6298	-150.79
0.25003	9.0153	-152.81
0.25119	8.4637	-154.59
0.25235	7.9672	-156.18
0.25351	7.5192	-157.59
0.25468	7.1136	-158.86
0.25586	6.7453	-160.01
0.25704	6.4098	-161.05
0.25823	6.1032	-161.99
0.25942	5.8222	-162.85
0.26062	5.5639	-163.64
0.26182	5.3258	-164.37
0.26303	5.1058	-165.04
0.26424	4.902	-165.66
0.26546	4.7126	-166.24
0.26669	4.5364	-166.77
0.26792	4.3721	-167.27
0.26915	4.2184	-167.74
0.2704	4.0745	-168.17
0.27164	3.9395	-168.58
0.2729	3.8127	-168.97
0.27416	3.6932	-169.33
0.27542	3.5806	-169.68
0.27669	3.4743	-170
0.27797	3.3737	-170.31
0.27925	3.2785	-170.6
0.28054	3.1883	-170.88
0.28184	3.1026	-171.15
0.28314	3.0212	-171.4
0.28445	2.9437	-171.64
0.28576	2.8699	-171.87
0.28708	2.7996	-172.09
0.2884	2.7325	-172.29
0.28973	2.6684	-172.5
0.29107	2.6071	-172.69
0.29242	2.5485	-172.87
0.29376	2.4924	-173.05
0.29512	2.4386	-173.22
0.29648	2.3871	-173.39
0.29785	2.3376	-173.55
0.29923	2.2901	-173.7
0.30061	2.2444	-173.85
0.302	2.2005	-173.99
0.30339	2.1583	-174.13
0.30479	2.1176	-174.27
0.3062	2.0785	-174.4
0.30761	2.0408	-174.52
0.30903	2.0044	-174.64
0.31046	1.9694	-174.76
0.31189	1.9355	-174.88
0.31333	1.9029	-174.99
0.31477	1.8713	-175.1
0.31623	1.8409	-175.21
0.31769	1.8114	-175.31
0.31915	1.783	-175.41
0.32063	1.7554	-175.51
0.32211	1.7288	-175.6
0.32359	1.7031	-175.7
0.32509	1.6781	-175.79
0.32659	1.654	-175.88
0.3281	1.6306	-175.97
0.32961	1.608	-176.05
0.33113	1.586	-176.13
0.33266	1.5648	-176.22
0.3342	1.5442	-176.3
0.33574	1.5242	-176.38
0.33729	1.5049	-176.45
0.33884	1.4861	-176.53
0.34041	1.4679	-176.6
0.34198	1.4503	-176.68
0.34356	1.4332	-176.75
0.34514	1.4166	-176.82
0.34674	1.4005	-176.89
0.34834	1.3849	-176.96
0.34995	1.3698	-177.03
0.35156	1.3551	-177.1
0.35318	1.3409	-177.16
0.35481	1.3272	-177.23
0.35645	1.3138	-177.29
0.3581	1.3009	-177.36
0.35975	1.2883	-177.42
0.36141	1.2762	-177.48
0.36308	1.2644	-177.54
0.36475	1.253	-177.6
0.36644	1.242	-177.67
0.36813	1.2313	-177.73
0.36983	1.221	-177.79
0.37154	1.2111	-177.84
0.37325	1.2014	-177.9
0.37497	1.1922	-177.96
0.3767	1.1832	-178.02
0.37844	1.1746	-178.08
0.38019	1.1662	-178.14
0.38194	1.1582	-178.19
0.38371	1.1506	-178.25
0.38548	1.1432	-178.31
0.38726	1.1361	-178.37
0.38905	1.1293	-178.42
0.39084	1.1229	-178.48
0.39264	1.1167	-178.54
0.39446	1.1108	-178.6
0.39628	1.1052	-178.65
0.39811	1.1	-178.71
0.39994	1.095	-178.77
0.40179	1.0903	-178.83
0.40365	1.0859	-178.89
0.40551	1.0818	-178.95
0.40738	1.078	-179
0.40926	1.0745	-179.06
0.41115	1.0713	-179.12
0.41305	1.0685	-179.18
0.41495	1.0659	-179.25
0.41687	1.0636	-179.31
0.41879	1.0617	-179.37
0.42073	1.0601	-179.43
0.42267	1.0588	-179.5
0.42462	1.0579	-179.56
0.42658	1.0573	-179.63
0.42855	1.0571	-179.7
0.43053	1.0572	-179.77
0.43251	1.0578	-179.83
0.43451	1.0587	-179.91
0.43652	1.06	-179.98
0.43853	1.0617	179.95
0.44055	1.0638	179.87
0.44259	1.0664	179.79
0.44463	1.0695	179.72
0.44668	1.073	179.63
0.44875	1.0771	179.55
0.45082	1.0817	179.46
0.4529	1.0868	179.38
0.45499	1.0925	179.28
0.45709	1.0989	179.19
0.4592	1.1059	179.09
0.46132	1.1136	178.99
0.46345	1.122	178.89
0.46559	1.1312	178.78
0.46774	1.1412	178.67
0.46989	1.1521	178.55
0.47206	1.164	178.42
0.47424	1.1769	178.3
0.47643	1.191	178.16
0.47863	1.2062	178.02
0.48084	1.2227	177.87
0.48306	1.2406	177.71
0.48529	1.2601	177.55
0.48753	1.2812	177.37
0.48978	1.3042	177.19
0.49204	1.3293	176.99
0.49431	1.3566	176.78
0.49659	1.3864	176.55
0.49888	1.419	176.3
0.50119	1.4548	176.04
0.5035	1.4941	175.76
0.50582	1.5374	175.45
0.50816	1.5853	175.11
0.5105	1.6384	174.74
0.51286	1.6976	174.34
0.51523	1.7638	173.89
0.51761	1.8382	173.39
0.52	1.9224	172.83
0.5224	2.0182	172.19
0.52481	2.128	171.47
0.52723	2.2549	170.64
0.52966	2.403	169.67
0.53211	2.5776	168.53
0.53456	2.7862	167.17
0.53703	3.0387	165.52
0.53951	3.3496	163.47
0.542	3.7396	160.87
0.5445	4.2387	157.48
0.54702	4.8904	152.91
0.54954	5.7528	146.5
0.55208	6.879	137.17
0.55463	8.2083	123.38
0.55719	9.2668	104.02
0.55976	9.1825	81.515
0.56234	7.9492	61.709
0.56494	6.4683	47.445
0.56754	5.2364	37.798
0.57016	4.3058	31.184
0.5728	3.61	26.481
0.57544	3.0814	23.006
0.5781	2.671	20.351
0.58076	2.3453	18.264
0.58345	2.0817	16.584
0.58614	1.8646	15.203
0.58884	1.6832	14.05
0.59156	1.5295	13.072
0.59429	1.3978	12.233
0.59704	1.2839	11.505
0.59979	1.1844	10.867
0.60256	1.0969	10.304
0.60534	1.0194	9.8025
0.60814	0.9503	9.3534
0.61094	0.88837	8.9487
0.61376	0.83257	8.5821
0.6166	0.78207	8.2482
0.61944	0.73618	7.9429
0.6223	0.69431	7.6626
0.62517	0.65598	7.4041
0.62806	0.62078	7.1651
0.63096	0.58836	6.9434
0.63387	0.55841	6.737
0.6368	0.53067	6.5443
0.63973	0.50493	6.3641
0.64269	0.48098	6.1951
0.64565	0.45866	6.0363
0.64863	0.43781	5.8867
0.65163	0.4183	5.7454
0.65464	0.40002	5.6119
0.65766	0.38285	5.4854
0.66069	0.36672	5.3654
0.66374	0.35152	5.2514
0.66681	0.33719	5.1429
0.66988	0.32367	5.0394
0.67298	0.31089	4.9407
0.67608	0.2988	4.8464
0.6792	0.28734	4.7561
0.68234	0.27648	4.6697
0.68549	0.26616	4.5868
0.68865	0.25637	4.5073
0.69183	0.24705	4.4308
0.69502	0.23818	4.3573
0.69823	0.22974	4.2866
0.70146	0.22168	4.2184
0.70469	0.214	4.1526
0.70795	0.20667	4.0891
0.71121	0.19966	4.0278
0.7145	0.19296	3.9686
0.71779	0.18655	3.9113
0.72111	0.18042	3.8558
0.72444	0.17455	3.802
0.72778	0.16892	3.7499
0.73114	0.16352	3.6994
0.73451	0.15834	3.6504
0.7379	0.15337	3.6028
0.74131	0.14859	3.5565
0.74473	0.14401	3.5116
0.74817	0.1396	3.4678
0.75162	0.13536	3.4253
0.75509	0.13128	3.3838
0.75858	0.12735	3.3435
0.76208	0.12357	3.3042
0.7656	0.11993	3.2658
0.76913	0.11642	3.2284
0.77268	0.11303	3.1919
0.77625	0.10977	3.1563
0.77983	0.10662	3.1215
0.78343	0.10359	3.0876
0.78705	0.10065	3.0543
0.79068	0.097824	3.0219
0.79433	0.09509	2.9901
0.79799	0.092448	2.9591
0.80168	0.089895	2.9287
0.80538	0.087426	2.8989
0.8091	0.085039	2.8698
0.81283	0.08273	2.8412
0.81658	0.080496	2.8133
0.82035	0.078334	2.7859
0.82414	0.076241	2.759
0.82794	0.074215	2.7326
0.83176	0.072252	2.7068
0.8356	0.070351	2.6814
0.83946	0.068509	2.6565
0.84333	0.066723	2.6321
0.84723	0.064993	2.6081
0.85114	0.063315	2.5845
0.85507	0.061688	2.5613
0.85901	0.06011	2.5386
0.86298	0.058579	2.5162
0.86696	0.057093	2.4942
0.87096	0.055651	2.4726
0.87498	0.054252	2.4514
0.87902	0.052893	2.4305
0.88308	0.051573	2.4099
0.88716	0.050292	2.3897
0.89125	0.049047	2.3697
0.89536	0.047838	2.3501
0.8995	0.046663	2.3308
0.90365	0.045522	2.3118
0.90782	0.044412	2.2931
0.91201	0.043333	2.2746
0.91622	0.042284	2.2565
0.92045	0.041264	2.2386
0.9247	0.040273	2.2209
0.92897	0.039308	2.2035
0.93325	0.038369	2.1864
0.93756	0.037456	2.1695
0.94189	0.036568	2.1528
0.94624	0.035703	2.1363
0.9506	0.034862	2.1201
0.95499	0.034043	2.1041
0.9594	0.033245	2.0883
0.96383	0.032469	2.0728
0.96828	0.031713	2.0574
0.97275	0.030977	2.0422
0.97724	0.030259	2.0272
0.98175	0.029561	2.0124
0.98628	0.02888	1.9978
0.99083	0.028217	1.9834
0.99541	0.027571	1.9692
1	0.026942	1.9551
1.0046	0.026328	1.9412
1.0093	0.02573	1.9275
1.0139	0.025147	1.9139
1.0186	0.024579	1.9005
1.0233	0.024025	1.8873
1.028	0.023485	1.8742
1.0328	0.022958	1.8612
1.0375	0.022444	1.8484
1.0423	0.021943	1.8358
1.0471	0.021455	1.8233
1.052	0.020978	1.8109
1.0568	0.020513	1.7987
1.0617	0.020059	1.7866
1.0666	0.019617	1.7746
1.0715	0.019185	1.7628
1.0765	0.018763	1.7511
1.0814	0.018352	1.7395
1.0864	0.01795	1.7281
1.0914	0.017558	1.7167
1.0965	0.017175	1.7055
1.1015	0.016802	1.6944
1.1066	0.016437	1.6834
1.1117	0.016081	1.6726
1.1169	0.015734	1.6618
1.122	0.015394	1.6511
1.1272	0.015063	1.6406
1.1324	0.014739	1.6301
1.1376	0.014423	1.6198
1.1429	0.014114	1.6096
1.1482	0.013812	1.5994
1.1535	0.013517	1.5894
1.1588	0.01323	1.5794
1.1641	0.012948	1.5696
1.1695	0.012673	1.5598
1.1749	0.012405	1.5502
1.1803	0.012143	1.5406
1.1858	0.011886	1.5311
1.1912	0.011636	1.5217
1.1967	0.011391	1.5124
1.2023	0.011151	1.5032
1.2078	0.010917	1.494
1.2134	0.010689	1.485
1.219	0.010465	1.476
1.2246	0.010246	1.4671
1.2303	0.010033	1.4583
1.2359	0.009824	1.4495
1.2417	0.0096197	1.4409
1.2474	0.00942	1.4323
1.2531	0.0092248	1.4237
1.2589	0.0090338	1.4153
1.2647	0.0088471	1.4069
1.2706	0.0086645	1.3986
1.2764	0.008486	1.3904
1.2823	0.0083113	1.3822
1.2882	0.0081405	1.3742
1.2942	0.0079734	1.3661
1.3002	0.0078099	1.3582
1.3062	0.00765	1.3503
1.3122	0.0074936	1.3425
1.3183	0.0073406	1.3347
1.3243	0.0071909	1.327
1.3305	0.0070445	1.3194
1.3366	0.0069012	1.3118
1.3428	0.006761	1.3043
1.349	0.0066238	1.2968
1.3552	0.0064895	1.2894
1.3614	0.0063582	1.2821
1.3677	0.0062296	1.2748
1.374	0.0061038	1.2676
1.3804	0.0059807	1.2604
1.3868	0.0058602	1.2533
1.3932	0.0057423	1.2462
1.3996	0.0056268	1.2392
1.406	0.0055138	1.2323
1.4125	0.0054033	1.2254
1.4191	0.005295	1.2185
1.4256	0.005189	1.2117
1.4322	0.0050853	1.205
1.4388	0.0049837	1.1983
1.4454	0.0048843	1.1917
1.4521	0.004787	1.1851
1.4588	0.0046917	1.1785
1.4655	0.0045984	1.172
1.4723	0.004507	1.1656
1.4791	0.0044176	1.1592
1.4859	0.00433	1.1528
1.4928	0.0042442	1.1465
1.4997	0.0041602	1.1403
1.5066	0.004078	1.134
1.5136	0.0039974	1.1279
1.5205	0.0039185	1.1217
1.5276	0.0038413	1.1156
1.5346	0.0037656	1.1096
1.5417	0.0036915	1.1036
1.5488	0.003619	1.0976
1.556	0.0035479	1.0917
1.5631	0.0034783	1.0858
1.5704	0.0034101	1.08
1.5776	0.0033433	1.0742
1.5849	0.0032779	1.0684
1.5922	0.0032138	1.0627
1.5996	0.003151	1.0571
1.6069	0.0030895	1.0514
1.6144	0.0030292	1.0458
1.6218	0.0029702	1.0402
1.6293	0.0029123	1.0347
1.6368	0.0028557	1.0292
1.6444	0.0028002	1.0238
1.652	0.0027458	1.0184
1.6596	0.0026925	1.013
1.6672	0.0026403	1.0076
1.6749	0.0025891	1.0023
1.6827	0.002539	0.99706
1.6904	0.0024899	0.99182
1.6982	0.0024417	0.98661
1.7061	0.0023946	0.98144
1.714	0.0023484	0.9763
1.7219	0.0023031	0.9712
1.7298	0.0022587	0.96612
1.7378	0.0022152	0.96108
1.7458	0.0021726	0.95608
1.7539	0.0021308	0.9511
1.762	0.0020898	0.94616
1.7701	0.0020497	0.94125
1.7783	0.0020104	0.93637
1.7865	0.0019718	0.93152
1.7947	0.001934	0.9267
1.803	0.001897	0.92191
1.8113	0.0018607	0.91715
1.8197	0.0018251	0.91242
1.8281	0.0017903	0.90772
1.8365	0.0017561	0.90305
1.845	0.0017226	0.89841
1.8535	0.0016897	0.8938
1.8621	0.0016575	0.88921
1.8707	0.001626	0.88466
1.8793	0.001595	0.88013
1.888	0.0015647	0.87563
1.8967	0.001535	0.87116
1.9055	0.0015058	0.86671
1.9143	0.0014772	0.86229
1.9231	0.0014492	0.8579
1.932	0.0014217	0.85353
1.9409	0.0013948	0.84919
1.9498	0.0013684	0.84488
1.9588	0.0013425	0.84059
1.9679	0.0013171	0.83633
1.977	0.0012922	0.8321
1.9861	0.0012678	0.82788
1.9953	0.0012439	0.8237
2.0045	0.0012204	0.81954
2.0137	0.0011974	0.8154
2.023	0.0011749	0.81129
2.0324	0.0011528	0.8072
2.0417	0.0011311	0.80314
2.0512	0.0011098	0.7991
2.0606	0.0010889	0.79508
2.0701	0.0010685	0.79109
2.0797	0.0010484	0.78712
2.0893	0.0010288	0.78317
2.0989	0.0010095	0.77924
2.1086	0.00099056	0.77534
2.1184	0.000972	0.77146
2.1281	0.00095381	0.76761
2.138	0.00093597	0.76377
2.1478	0.00091847	0.75996
2.1577	0.00090131	0.75617
2.1677	0.00088448	0.7524
2.1777	0.00086797	0.74865
2.1878	0.00085178	0.74493
2.1979	0.0008359	0.74122
2.208	0.00082033	0.73754
2.2182	0.00080505	0.73388
2.2284	0.00079007	0.73023
2.2387	0.00077537	0.72661
2.2491	0.00076095	0.72301
2.2594	0.00074682	0.71943
2.2699	0.00073295	0.71587
2.2803	0.00071934	0.71232
2.2909	0.000706	0.7088
2.3014	0.00069291	0.7053
2.3121	0.00068007	0.70182
2.3227	0.00066747	0.69835
2.3335	0.00065512	0.69491
2.3442	0.000643	0.69149
2.355	0.00063111	0.68808
2.3659	0.00061945	0.68469
2.3768	0.00060801	0.68132
2.3878	0.00059678	0.67797
2.3988	0.00058577	0.67464
2.4099	0.00057497	0.67133
2.421	0.00056437	0.66803
2.4322	0.00055397	0.66475
2.4434	0.00054377	0.66149
2.4547	0.00053377	0.65825
2.466	0.00052395	0.65503
2.4774	0.00051432	0.65182
2.4889	0.00050487	0.64863
2.5003	0.0004956	0.64546
2.5119	0.0004865	0.6423
2.5235	0.00047758	0.63917
2.5351	0.00046882	0.63604
2.5468	0.00046023	0.63294
2.5586	0.00045181	0.62985
2.5704	0.00044354	0.62678
2.5823	0.00043542	0.62372
2.5942	0.00042746	0.62069
2.6062	0.00041965	0.61766
2.6182	0.00041198	0.61466
2.6303	0.00040446	0.61167
2.6424	0.00039708	0.60869
2.6546	0.00038984	0.60573
2.6669	0.00038273	0.60279
2.6792	0.00037576	0.59986
2.6915	0.00036892	0.59695
2.704	0.00036221	0.59405
2.7164	0.00035562	0.59117
2.729	0.00034915	0.58831
2.7416	0.00034281	0.58545
2.7542	0.00033659	0.58262
2.7669	0.00033048	0.5798
2.7797	0.00032448	0.57699
2.7925	0.0003186	0.5742
2.8054	0.00031283	0.57142
2.8184	0.00030716	0.56866
2.8314	0.0003016	0.56591
2.8445	0.00029615	0.56317
2.8576	0.00029079	0.56045
2.8708	0.00028554	0.55775
2.884	0.00028038	0.55506
2.8973	0.00027532	0.55238
2.9107	0.00027035	0.54971
2.9242	0.00026548	0.54706
2.9376	0.00026069	0.54442
2.9512	0.000256	0.5418
2.9648	0.00025139	0.53919
2.9785	0.00024687	0.53659
2.9923	0.00024243	0.53401
3.0061	0.00023807	0.53144
3.02	0.0002338	0.52888
3.0339	0.0002296	0.52634
3.0479	0.00022548	0.52381
3.062	0.00022144	0.52129
3.0761	0.00021747	0.51879
3.0903	0.00021358	0.51629
3.1046	0.00020975	0.51381
3.1189	0.000206	0.51135
3.1333	0.00020232	0.50889
3.1477	0.0001987	0.50645
3.1623	0.00019516	0.50402
3.1769	0.00019167	0.5016
3.1915	0.00018826	0.4992
3.2063	0.0001849	0.4968
3.2211	0.00018161	0.49442
3.2359	0.00017837	0.49205
3.2509	0.0001752	0.4897
3.2659	0.00017209	0.48735
3.281	0.00016903	0.48502
3.2961	0.00016603	0.48269
3.3113	0.00016308	0.48038
3.3266	0.00016019	0.47809
3.342	0.00015735	0.4758
3.3574	0.00015456	0.47352
3.3729	0.00015183	0.47126
3.3884	0.00014914	0.469
3.4041	0.0001465	0.46676
3.4198	0.00014392	0.46453
3.4356	0.00014137	0.46231
3.4514	0.00013888	0.4601
3.4674	0.00013643	0.4579
3.4834	0.00013403	0.45572
3.4995	0.00013167	0.45354
3.5156	0.00012935	0.45137
3.5318	0.00012708	0.44922
3.5481	0.00012484	0.44708
3.5645	0.00012265	0.44494
3.581	0.0001205	0.44282
3.5975	0.00011839	0.44071
3.6141	0.00011631	0.4386
3.6308	0.00011428	0.43651
3.6475	0.00011228	0.43443
3.6644	0.00011032	0.43236
3.6813	0.00010839	0.4303
3.6983	0.0001065	0.42824
3.7154	0.00010464	0.4262
3.7325	0.00010281	0.42417
3.7497	0.00010102	0.42215
3.767	9.9266e-05	0.42014
3.7844	9.754e-05	0.41814
3.8019	9.5845e-05	0.41614
3.8194	9.4181e-05	0.41416
3.8371	9.2547e-05	0.41219
3.8548	9.0943e-05	0.41023
3.8726	8.9368e-05	0.40827
3.8905	8.7822e-05	0.40633
3.9084	8.6303e-05	0.40439
3.9264	8.4812e-05	0.40247
3.9446	8.3348e-05	0.40055
3.9628	8.1911e-05	0.39864
3.9811	8.05e-05	0.39674
3.9994	7.9114e-05	0.39486
4.0179	7.7753e-05	0.39298
4.0365	7.6417e-05	0.3911
4.0551	7.5105e-05	0.38924
4.0738	7.3816e-05	0.38739
4.0926	7.2551e-05	0.38555
4.1115	7.1309e-05	0.38371
4.1305	7.0089e-05	0.38188
4.1495	6.8891e-05	0.38007
4.1687	6.7715e-05	0.37826
4.1879	6.656e-05	0.37646
4.2073	6.5426e-05	0.37467
4.2267	6.4312e-05	0.37288
4.2462	6.3218e-05	0.37111
4.2658	6.2144e-05	0.36934
4.2855	6.109e-05	0.36758
4.3053	6.0054e-05	0.36583
4.3251	5.9037e-05	0.36409
4.3451	5.8038e-05	0.36236
4.3652	5.7057e-05	0.36063
4.3853	5.6094e-05	0.35892
4.4055	5.5148e-05	0.35721
4.4259	5.4219e-05	0.35551
4.4463	5.3307e-05	0.35381
4.4668	5.2411e-05	0.35213
4.4875	5.1531e-05	0.35045
4.5082	5.0667e-05	0.34878
4.529	4.9819e-05	0.34712
4.5499	4.8985e-05	0.34547
4.5709	4.8167e-05	0.34382
4.592	4.7363e-05	0.34218
4.6132	4.6574e-05	0.34055
4.6345	4.5799e-05	0.33893
4.6559	4.5037e-05	0.33732
4.6774	4.429e-05	0.33571
4.6989	4.3555e-05	0.33411
4.7206	4.2834e-05	0.33251
4.7424	4.2126e-05	0.33093
4.7643	4.143e-05	0.32935
4.7863	4.0747e-05	0.32778
4.8084	4.0076e-05	0.32622
4.8306	3.9417e-05	0.32466
4.8529	3.877e-05	0.32311
4.8753	3.8134e-05	0.32157
4.8978	3.751e-05	0.32003
4.9204	3.6896e-05	0.3185
4.9431	3.6294e-05	0.31698
4.9659	3.5702e-05	0.31547
4.9888	3.5121e-05	0.31396
5.0119	3.4551e-05	0.31246
5.035	3.399e-05	0.31097
5.0582	3.344e-05	0.30948
5.0816	3.2899e-05	0.308
5.105	3.2368e-05	0.30653
5.1286	3.1846e-05	0.30506
5.1523	3.1334e-05	0.3036
5.1761	3.0831e-05	0.30215
5.2	3.0337e-05	0.3007
5.224	2.9851e-05	0.29926
5.2481	2.9375e-05	0.29783
5.2723	2.8906e-05	0.2964
5.2966	2.8446e-05	0.29498
5.3211	2.7995e-05	0.29356
5.3456	2.7551e-05	0.29215
5.3703	2.7115e-05	0.29075
5.3951	2.6687e-05	0.28936
5.42	2.6266e-05	0.28797
5.445	2.5853e-05	0.28658
5.4702	2.5448e-05	0.28521
5.4954	2.5049e-05	0.28383
5.5208	2.4658e-05	0.28247
5.5463	2.4274e-05	0.28111
5.5719	2.3896e-05	0.27976
5.5976	2.3525e-05	0.27841
5.6234	2.3161e-05	0.27707
5.6494	2.2803e-05	0.27573
5.6754	2.2452e-05	0.2744
5.7016	2.2107e-05	0.27308
5.728	2.1768e-05	0.27176
5.7544	2.1435e-05	0.27044
5.781	2.1108e-05	0.26914
5.8076	2.0787e-05	0.26784
5.8345	2.0472e-05	0.26654
5.8614	2.0162e-05	0.26525
5.8884	1.9858e-05	0.26396
5.9156	1.9559e-05	0.26268
5.9429	1.9266e-05	0.26141
5.9704	1.8977e-05	0.26014
5.9979	1.8694e-05	0.25888
6.0256	1.8416e-05	0.25762
6.0534	1.8143e-05	0.25636
6.0814	1.7875e-05	0.25512
6.1094	1.7612e-05	0.25387
6.1376	1.7354e-05	0.25264
6.166	1.71e-05	0.2514
6.1944	1.685e-05	0.25017
6.223	1.6606e-05	0.24895
6.2517	1.6365e-05	0.24773
6.2806	1.6129e-05	0.24652
6.3096	1.5897e-05	0.24531
6.3387	1.567e-05	0.24411
6.368	1.5446e-05	0.24291
6.3973	1.5227e-05	0.24172
6.4269	1.5011e-05	0.24053
6.4565	1.48e-05	0.23934
6.4863	1.4592e-05	0.23816
6.5163	1.4388e-05	0.23699
6.5464	1.4188e-05	0.23582
6.5766	1.3992e-05	0.23465
6.6069	1.3799e-05	0.23349
6.6374	1.361e-05	0.23233
6.6681	1.3424e-05	0.23118
6.6988	1.3242e-05	0.23003
6.7298	1.3063e-05	0.22888
6.7608	1.2887e-05	0.22774
6.792	1.2715e-05	0.22661
6.8234	1.2546e-05	0.22547
6.8549	1.238e-05	0.22435
6.8865	1.2217e-05	0.22322
6.9183	1.2058e-05	0.2221
6.9502	1.1901e-05	0.22098
6.9823	1.1748e-05	0.21987
7.0146	1.1597e-05	0.21876
7.0469	1.1449e-05	0.21765
7.0795	1.1304e-05	0.21655
7.1121	1.1162e-05	0.21545
7.145	1.1023e-05	0.21436
7.1779	1.0886e-05	0.21327
7.2111	1.0753e-05	0.21218
7.2444	1.0621e-05	0.21109
7.2778	1.0493e-05	0.21001
7.3114	1.0367e-05	0.20893
7.3451	1.0244e-05	0.20786
7.379	1.0123e-05	0.20678
7.4131	1.0005e-05	0.20571
7.4473	9.8889e-06	0.20465
7.4817	9.7755e-06	0.20358
7.5162	9.6646e-06	0.20252
7.5509	9.556e-06	0.20146
7.5858	9.4498e-06	0.2004
7.6208	9.346e-06	0.19935
7.656	9.2445e-06	0.1983
7.6913	9.1453e-06	0.19725
7.7268	9.0484e-06	0.1962
7.7625	8.9537e-06	0.19515
7.7983	8.8613e-06	0.19411
7.8343	8.7711e-06	0.19306
7.8705	8.6831e-06	0.19202
7.9068	8.5972e-06	0.19098
7.9433	8.5136e-06	0.18995
7.9799	8.4322e-06	0.18891
8.0168	8.3529e-06	0.18787
8.0538	8.2757e-06	0.18684
8.091	8.2007e-06	0.1858
8.1283	8.1279e-06	0.18477
8.1658	8.0572e-06	0.18374
8.2035	7.9886e-06	0.1827
8.2414	7.9222e-06	0.18167
8.2794	7.8579e-06	0.18064
8.3176	7.7957e-06	0.1796
8.356	7.7357e-06	0.17857
8.3946	7.6779e-06	0.17753
8.4333	7.6222e-06	0.1765
8.4723	7.5688e-06	0.17546
8.5114	7.5175e-06	0.17442
8.5507	7.4685e-06	0.17338
8.5901	7.4217e-06	0.17234
8.6298	7.3772e-06	0.17129
8.6696	7.335e-06	0.17024
8.7096	7.2952e-06	0.16919
8.7498	7.2578e-06	0.16813
8.7902	7.2228e-06	0.16707
8.8308	7.1903e-06	0.16601
8.8716	7.1603e-06	0.16493
8.9125	7.133e-06	0.16386
8.9536	7.1083e-06	0.16278
8.995	7.0863e-06	0.16169
9.0365	7.0673e-06	0.16059
9.0782	7.0511e-06	0.15948
9.1201	7.038e-06	0.15837
9.1622	7.028e-06	0.15724
9.2045	7.0213e-06	0.15611
9.247	7.018e-06	0.15496
9.2897	7.0183e-06	0.1538
9.3325	7.0223e-06	0.15263
9.3756	7.0302e-06	0.15144
9.4189	7.0423e-06	0.15023
9.4624	7.0588e-06	0.149
9.506	7.0799e-06	0.14776
9.5499	7.106e-06	0.14649
9.594	7.1372e-06	0.14519
9.6383	7.1742e-06	0.14387
9.6828	7.2171e-06	0.14252
9.7275	7.2665e-06	0.14114
9.7724	7.3229e-06	0.13972
9.8175	7.3869e-06	0.13826
9.8628	7.4592e-06	0.13675
9.9083	7.5406e-06	0.1352
9.9541	7.6318e-06	0.13359
10	7.7339e-06	0.13192
10.046	7.8481e-06	0.13018
10.093	7.9758e-06	0.12836
10.139	8.1185e-06	0.12646
10.186	8.278e-06	0.12445
10.233	8.4566e-06	0.12233
10.28	8.657e-06	0.12008
10.328	8.8821e-06	0.11768
10.375	9.136e-06	0.1151
10.423	9.4232e-06	0.11231
10.471	9.7494e-06	0.10928
10.52	1.0122e-05	0.10597
10.568	1.055e-05	0.1023
10.617	1.1046e-05	0.098217
10.666	1.1624e-05	0.093608
10.715	1.2305e-05	0.088348
10.765	1.3117e-05	0.082255
10.814	1.41e-05	0.075078
10.864	1.5311e-05	0.066456
10.914	1.6834e-05	0.055842
10.965	1.8804e-05	0.042378
11.015	2.1445e-05	0.024632
11.066	2.5162e-05	2.0147e-05
11.117	3.0766e-05	-0.036641
11.169	4.0158e-05	-0.097504
11.22	5.9091e-05	-0.21933
11.272	0.00011691	-0.58963
11.324	0.0040269	-153.16
11.376	0.00010619	-179.17
11.429	5.2504e-05	-179.51
11.482	3.4333e-05	-179.63
11.535	2.5206e-05	-179.69
11.588	1.9722e-05	-179.72
11.641	1.6068e-05	-179.75
11.695	1.3461e-05	-179.76
11.749	1.1511e-05	-179.78
11.803	9.9978e-06	-179.79
11.858	8.7917e-06	-179.8
11.912	7.8087e-06	-179.8
11.967	6.9931e-06	-179.81
12.023	6.3062e-06	-179.81
12.078	5.7205e-06	-179.82
12.134	5.2156e-06	-179.82
12.19	4.7764e-06	-179.83
12.246	4.3912e-06	-179.83
12.303	4.051e-06	-179.83
12.359	3.7487e-06	-179.83
12.417	3.4785e-06	-179.84
12.474	3.2358e-06	-179.84
12.531	3.0168e-06	-179.84
12.589	2.8184e-06	-179.84
12.647	2.6381e-06	-179.84
12.706	2.4735e-06	-179.85
12.764	2.3229e-06	-179.85
12.823	2.1846e-06	-179.85
12.882	2.0574e-06	-179.85
12.942	1.94e-06	-179.85
13.002	1.8315e-06	-179.85
13.062	1.7309e-06	-179.86
13.122	1.6376e-06	-179.86
13.183	1.5507e-06	-179.86
13.243	1.4698e-06	-179.86
13.305	1.3944e-06	-179.86
13.366	1.3238e-06	-179.86
13.428	1.2578e-06	-179.86
13.49	1.1959e-06	-179.86
13.552	1.1379e-06	-179.86
13.614	1.0833e-06	-179.87
13.677	1.032e-06	-179.87
13.74	9.8376e-07	-179.87
13.804	9.3824e-07	-179.87
13.868	8.9531e-07	-179.87
13.932	8.5477e-07	-179.87
13.996	8.1646e-07	-179.87
14.06	7.8022e-07	-179.87
14.125	7.4592e-07	-179.87
14.191	7.1343e-07	-179.87
14.256	6.8263e-07	-179.87
14.322	6.5341e-07	-179.88
14.388	6.2567e-07	-179.88
14.454	5.9932e-07	-179.88
14.521	5.7428e-07	-179.88
14.588	5.5047e-07	-179.88
14.655	5.2781e-07	-179.88
14.723	5.0624e-07	-179.88
14.791	4.8569e-07	-179.88
14.859	4.6611e-07	-179.88
14.928	4.4744e-07	-179.88
14.997	4.2963e-07	-179.88
15.066	4.1264e-07	-179.88
15.136	3.9641e-07	-179.88
15.205	3.8092e-07	-179.88
15.276	3.6611e-07	-179.88
15.346	3.5196e-07	-179.89
15.417	3.3842e-07	-179.89
15.488	3.2548e-07	-179.89
15.56	3.1309e-07	-179.89
15.631	3.0123e-07	-179.89
15.704	2.8988e-07	-179.89
15.776	2.79e-07	-179.89
15.849	2.6858e-07	-179.89
15.922	2.586e-07	-179.89
15.996	2.4903e-07	-179.89
16.069	2.3985e-07	-179.89
16.144	2.3104e-07	-179.89
16.218	2.2259e-07	-179.89
16.293	2.1449e-07	-179.89
16.368	2.067e-07	-179.89
16.444	1.9923e-07	-179.89
16.52	1.9206e-07	-179.89
16.596	1.8516e-07	-179.9
16.672	1.7854e-07	-179.9
16.749	1.7218e-07	-179.9
16.827	1.6606e-07	-179.9
16.904	1.6018e-07	-179.9
16.982	1.5452e-07	-179.9
17.061	1.4908e-07	-179.9
17.14	1.4385e-07	-179.9
17.219	1.3882e-07	-179.9
17.298	1.3397e-07	-179.9
17.378	1.2931e-07	-179.9
17.458	1.2482e-07	-179.9
17.539	1.205e-07	-179.9
17.62	1.1634e-07	-179.9
17.701	1.1234e-07	-179.9
17.783	1.0848e-07	-179.9
17.865	1.0476e-07	-179.9
17.947	1.0118e-07	-179.9
18.03	9.7725e-08	-179.9
18.113	9.4398e-08	-179.9
18.197	9.1191e-08	-179.91
18.281	8.81e-08	-179.91
18.365	8.5119e-08	-179.91
18.45	8.2245e-08	-179.91
18.535	7.9474e-08	-179.91
18.621	7.6801e-08	-179.91
18.707	7.4222e-08	-179.91
18.793	7.1735e-08	-179.91
18.88	6.9335e-08	-179.91
18.967	6.7019e-08	-179.91
19.055	6.4785e-08	-179.91
19.143	6.2628e-08	-179.91
19.231	6.0546e-08	-179.91
19.32	5.8536e-08	-179.91
19.409	5.6596e-08	-179.91
19.498	5.4723e-08	-179.91
19.588	5.2915e-08	-179.91
19.679	5.1168e-08	-179.91
19.77	4.9482e-08	-179.91
19.861	4.7852e-08	-179.91
19.953	4.6279e-08	-179.91
20.045	4.4759e-08	-179.91
20.137	4.329e-08	-179.91
20.23	4.1872e-08	-179.91
20.324	4.0501e-08	-179.92
20.417	3.9176e-08	-179.92
20.512	3.7896e-08	-179.92
20.606	3.6659e-08	-179.92
20.701	3.5463e-08	-179.92
20.797	3.4307e-08	-179.92
20.893	3.319e-08	-179.92
20.989	3.211e-08	-179.92
21.086	3.1066e-08	-179.92
21.184	3.0056e-08	-179.92
21.281	2.908e-08	-179.92
21.38	2.8137e-08	-179.92
21.478	2.7224e-08	-179.92
21.577	2.6341e-08	-179.92
21.677	2.5488e-08	-179.92
21.777	2.4662e-08	-179.92
21.878	2.3864e-08	-179.92
21.979	2.3092e-08	-179.92
22.08	2.2345e-08	-179.92
22.182	2.1622e-08	-179.92
22.284	2.0923e-08	-179.92
22.387	2.0246e-08	-179.92
22.491	1.9592e-08	-179.92
22.594	1.8959e-08	-179.92
22.699	1.8346e-08	-179.92
22.803	1.7753e-08	-179.92
22.909	1.7179e-08	-179.92
23.014	1.6624e-08	-179.92
23.121	1.6087e-08	-179.93
23.227	1.5567e-08	-179.93
23.335	1.5064e-08	-179.93
23.442	1.4577e-08	-179.93
23.55	1.4105e-08	-179.93
23.659	1.3649e-08	-179.93
23.768	1.3207e-08	-179.93
23.878	1.278e-08	-179.93
23.988	1.2366e-08	-179.93
24.099	1.1965e-08	-179.93
24.21	1.1577e-08	-179.93
24.322	1.1201e-08	-179.93
24.434	1.0838e-08	-179.93
24.547	1.0486e-08	-179.93
24.66	1.0145e-08	-179.93
24.774	9.8148e-09	-179.93
24.889	9.4952e-09	-179.93
25.003	9.1857e-09	-179.93
25.119	8.886e-09	-179.93
25.235	8.5958e-09	-179.93
25.351	8.3148e-09	-179.93
25.468	8.0427e-09	-179.93
25.586	7.7791e-09	-179.93
25.704	7.5239e-09	-179.93
25.823	7.2767e-09	-179.93
25.942	7.0372e-09	-179.93
26.062	6.8053e-09	-179.93
26.182	6.5807e-09	-179.93
26.303	6.3632e-09	-179.93
26.424	6.1525e-09	-179.93
26.546	5.9484e-09	-179.93
26.669	5.7507e-09	-179.93
26.792	5.5592e-09	-179.93
26.915	5.3737e-09	-179.93
27.04	5.194e-09	-179.93
27.164	5.02e-09	-179.93
27.29	4.8514e-09	-179.94
27.416	4.688e-09	-179.94
27.542	4.5298e-09	-179.94
27.669	4.3765e-09	-179.94
27.797	4.2279e-09	-179.94
27.925	4.084e-09	-179.94
28.054	3.9446e-09	-179.94
28.184	3.8096e-09	-179.94
28.314	3.6787e-09	-179.94
28.445	3.5519e-09	-179.94
28.576	3.4291e-09	-179.94
28.708	3.31e-09	-179.94
28.84	3.1947e-09	-179.94
28.973	3.0829e-09	-179.94
29.107	2.9747e-09	-179.94
29.242	2.8697e-09	-179.94
29.376	2.7681e-09	-179.94
29.512	2.6695e-09	-179.94
29.648	2.574e-09	-179.94
29.785	2.4815e-09	-179.94
29.923	2.3918e-09	-179.94
30.061	2.3049e-09	-179.94
30.2	2.2207e-09	-179.94
30.339	2.1391e-09	-179.94
30.479	2.06e-09	-179.94
30.62	1.9833e-09	-179.94
30.761	1.909e-09	-179.94
30.903	1.8369e-09	-179.94
31.046	1.7671e-09	-179.94
31.189	1.6994e-09	-179.94
31.333	1.6338e-09	-179.94
31.477	1.5702e-09	-179.94
31.623	1.5085e-09	-179.94
31.769	1.4487e-09	-179.94
31.915	1.3907e-09	-179.94
32.063	1.3345e-09	-179.94
32.211	1.28e-09	-179.94
32.359	1.2271e-09	-179.94
32.509	1.1758e-09	-179.94
32.659	1.1261e-09	-179.94
32.81	1.0778e-09	-179.94
32.961	1.031e-09	-179.94
33.113	9.8561e-10	-179.94
33.266	9.4156e-10	-179.94
33.42	8.9881e-10	-179.94
33.574	8.5732e-10	-179.94
33.729	8.1705e-10	-179.94
33.884	7.7795e-10	-179.94
34.041	7.4e-10	-179.94
34.198	7.0314e-10	-179.94
34.356	6.6735e-10	-179.94
34.514	6.3257e-10	-179.94
34.674	5.9879e-10	-179.94
34.834	5.6596e-10	-179.94
34.995	5.3404e-10	-179.94
35.156	5.0301e-10	-179.94
35.318	4.7283e-10	-179.94
35.481	4.4348e-10	-179.94
35.645	4.1491e-10	-179.94
35.81	3.8709e-10	-179.93
35.975	3.6001e-10	-179.93
36.141	3.3362e-10	-179.93
36.308	3.079e-10	-179.93
36.475	2.8282e-10	-179.93
36.644	2.5835e-10	-179.93
36.813	2.3447e-10	-179.92
36.983	2.1114e-10	-179.92
37.154	1.8833e-10	-179.92
37.325	1.6603e-10	-179.91
37.497	1.4421e-10	-179.9
37.67	1.2282e-10	-179.9
37.844	1.0186e-10	-179.88
38.019	8.1286e-11	-179.86
38.194	6.1076e-11	-179.83
38.371	4.1202e-11	-179.77
38.548	2.1635e-11	-179.61
38.726	2.3487e-12	-176.69
38.905	1.6697e-11	-0.42173
39.084	3.5521e-11	-0.1783
39.264	5.416e-11	-0.10436
39.446	7.2645e-11	-0.068777
39.628	9.1012e-11	-0.047969
39.811	1.093e-10	-0.034402
39.994	1.2754e-10	-0.024923
40.179	1.4577e-10	-0.017981
40.365	1.6404e-10	-0.012725
40.551	1.824e-10	-0.0086493
40.738	2.0088e-10	-0.0054343
40.926	2.1956e-10	-0.0028689
41.115	2.3848e-10	-0.00080849
41.305	2.577e-10	0.00084918
41.495	2.7731e-10	0.002178
41.687	2.9738e-10	0.0032322
41.879	3.1799e-10	0.0040522
42.073	3.3924e-10	0.0046682
42.267	3.6125e-10	0.0051027
42.462	3.8415e-10	0.0053721
42.658	4.0807e-10	0.0054881
42.855	4.332e-10	0.0054581
43.053	4.5972e-10	0.0052861
43.251	4.8787e-10	0.0049727
43.451	5.1793e-10	0.004515
43.652	5.5021e-10	0.0039071
43.853	5.8513e-10	0.0031388
44.055	6.2315e-10	0.0021959
44.259	6.6489e-10	0.0010588
44.463	7.1107e-10	-0.00029882
44.668	7.6265e-10	-0.0019116
44.875	8.2085e-10	-0.0038258
45.082	8.8724e-10	-0.006103
45.29	9.6396e-10	-0.0088271
45.499	1.0539e-09	-0.012114
45.709	1.1612e-09	-0.016126
45.92	1.2917e-09	-0.021104
46.132	1.4544e-09	-0.027407
46.345	1.6635e-09	-0.035609
46.559	1.9428e-09	-0.046676
46.774	2.3358e-09	-0.062371
46.989	2.9314e-09	-0.086292
47.206	3.9428e-09	-0.12709
47.424	6.0452e-09	-0.21212
47.643	1.3094e-08	-0.49768
47.863	7.3058e-08	-177
48.084	9.5384e-09	-179.58
48.306	5.0691e-09	-179.76
48.529	3.4352e-09	-179.83
48.753	2.5875e-09	-179.86
48.978	2.0683e-09	-179.88
49.204	1.7174e-09	-179.9
49.431	1.4641e-09	-179.91
49.659	1.2727e-09	-179.91
49.888	1.1228e-09	-179.92
50.119	1.0022e-09	-179.92
50.35	9.0305e-10	-179.93
50.582	8.2004e-10	-179.93
50.816	7.4952e-10	-179.93
51.05	6.8885e-10	-179.94
51.286	6.3609e-10	-179.94
51.523	5.8979e-10	-179.94
51.761	5.4882e-10	-179.94
52	5.1231e-10	-179.94
52.24	4.7956e-10	-179.95
52.481	4.5003e-10	-179.95
52.723	4.2327e-10	-179.95
52.966	3.989e-10	-179.95
53.211	3.7662e-10	-179.95
53.456	3.5617e-10	-179.95
53.703	3.3735e-10	-179.95
53.951	3.1996e-10	-179.95
54.2	3.0385e-10	-179.95
54.45	2.8889e-10	-179.95
54.702	2.7497e-10	-179.95
54.954	2.6198e-10	-179.95
55.208	2.4983e-10	-179.95
55.463	2.3845e-10	-179.96
55.719	2.2778e-10	-179.96
55.976	2.1774e-10	-179.96
56.234	2.083e-10	-179.96
56.494	1.9939e-10	-179.96
56.754	1.9098e-10	-179.96
57.016	1.8304e-10	-179.96
57.28	1.7552e-10	-179.96
57.544	1.6839e-10	-179.96
57.81	1.6163e-10	-179.96
58.076	1.5522e-10	-179.96
58.345	1.4912e-10	-179.96
58.614	1.4332e-10	-179.96
58.884	1.3781e-10	-179.96
59.156	1.3255e-10	-179.96
59.429	1.2754e-10	-179.96
59.704	1.2275e-10	-179.96
59.979	1.1819e-10	-179.96
60.256	1.1383e-10	-179.96
60.534	1.0966e-10	-179.96
60.814	1.0567e-10	-179.96
61.094	1.0186e-10	-179.96
61.376	9.8204e-11	-179.96
61.66	9.4705e-11	-179.96
61.944	9.1351e-11	-179.96
62.23	8.8136e-11	-179.96
62.517	8.5051e-11	-179.96
62.806	8.2091e-11	-179.96
63.096	7.9249e-11	-179.96
63.387	7.652e-11	-179.96
63.68	7.3897e-11	-179.96
63.973	7.1377e-11	-179.96
64.269	6.8954e-11	-179.96
64.565	6.6624e-11	-179.96
64.863	6.4382e-11	-179.96
65.163	6.2224e-11	-179.96
65.464	6.0148e-11	-179.96
65.766	5.8148e-11	-179.96
66.069	5.6222e-11	-179.96
66.374	5.4367e-11	-179.96
66.681	5.2579e-11	-179.96
66.988	5.0856e-11	-179.96
67.298	4.9195e-11	-179.96
67.608	4.7593e-11	-179.96
67.92	4.6048e-11	-179.96
68.234	4.4558e-11	-179.96
68.549	4.312e-11	-179.96
68.865	4.1733e-11	-179.96
69.183	4.0393e-11	-179.96
69.502	3.9101e-11	-179.96
69.823	3.7852e-11	-179.96
70.146	3.6647e-11	-179.96
70.469	3.5482e-11	-179.96
70.795	3.4357e-11	-179.96
71.121	3.327e-11	-179.96
71.45	3.222e-11	-179.96
71.779	3.1205e-11	-179.96
72.111	3.0224e-11	-179.96
72.444	2.9276e-11	-179.96
72.778	2.8359e-11	-179.96
73.114	2.7473e-11	-179.96
73.451	2.6615e-11	-179.96
73.79	2.5786e-11	-179.96
74.131	2.4984e-11	-179.96
74.473	2.4208e-11	-179.96
74.817	2.3457e-11	-179.96
75.162	2.2731e-11	-179.96
75.509	2.2028e-11	-179.96
75.858	2.1348e-11	-179.96
76.208	2.0689e-11	-179.96
76.56	2.0052e-11	-179.96
76.913	1.9435e-11	-179.96
77.268	1.8838e-11	-179.96
77.625	1.8259e-11	-179.96
77.983	1.7699e-11	-179.96
78.343	1.7157e-11	-179.96
78.705	1.6632e-11	-179.96
79.068	1.6123e-11	-179.96
79.433	1.563e-11	-179.96
79.799	1.5153e-11	-179.96
80.168	1.469e-11	-179.96
80.538	1.4242e-11	-179.96
80.91	1.3808e-11	-179.96
81.283	1.3388e-11	-179.96
81.658	1.298e-11	-179.96
82.035	1.2585e-11	-179.96
82.414	1.2202e-11	-179.96
82.794	1.1831e-11	-179.96
83.176	1.1472e-11	-179.96
83.56	1.1123e-11	-179.96
83.946	1.0785e-11	-179.96
84.333	1.0457e-11	-179.96
84.723	1.014e-11	-179.96
85.114	9.8317e-12	-179.96
85.507	9.533e-12	-179.96
85.901	9.2435e-12	-179.96
86.298	8.9626e-12	-179.96
86.696	8.6903e-12	-179.96
87.096	8.4261e-12	-179.96
87.498	8.1699e-12	-179.96
87.902	7.9214e-12	-179.96
88.308	7.6804e-12	-179.96
88.716	7.4466e-12	-179.96
89.125	7.2197e-12	-179.96
89.536	6.9996e-12	-179.96
89.95	6.7861e-12	-179.96
90.365	6.5789e-12	-179.96
90.782	6.3778e-12	-179.96
91.201	6.1827e-12	-179.96
91.622	5.9934e-12	-179.96
92.045	5.8096e-12	-179.95
92.47	5.6312e-12	-179.95
92.897	5.4581e-12	-179.95
93.325	5.29e-12	-179.95
93.756	5.1268e-12	-179.95
94.189	4.9684e-12	-179.95
94.624	4.8146e-12	-179.95
95.06	4.6653e-12	-179.95
95.499	4.5202e-12	-179.95
95.94	4.3794e-12	-179.95
96.383	4.2425e-12	-179.95
96.828	4.1096e-12	-179.95
97.275	3.9805e-12	-179.95
97.724	3.8551e-12	-179.94
98.175	3.7332e-12	-179.94
98.628	3.6147e-12	-179.94
99.083	3.4996e-12	-179.94
99.541	3.3876e-12	-179.94
100	3.2788e-12	-179.94
