# Transfer Function (TF) from vertical acceleration ground motion [m/s/s] to vertical TM motion [m] for ETMY suspension which has stucked GAS filters at F1, F2, F3.
# This TF is calculated by K.Miyo with "SuspensionModel/release/0.4". (https://github.com/gw-vis/SuspensionModel/tree/release/0.4)
# 
# Frequency[Hz], Magnitude[m/(m/s/s)], Phase[degree]
0.01,244.39,179.98
0.010093,239.94,179.98
0.010186,235.57,179.98
0.01028,231.28,179.98
0.010375,227.07,179.98
0.010471,222.94,179.98
0.010568,218.88,179.98
0.010666,214.89,179.98
0.010765,210.98,179.98
0.010864,207.14,179.98
0.010965,203.37,179.98
0.011066,199.67,179.98
0.011169,196.04,179.98
0.011272,192.47,179.98
0.011376,188.97,179.98
0.011482,185.53,179.98
0.011588,182.15,179.98
0.011695,178.84,179.98
0.011803,175.59,179.98
0.011912,172.39,179.98
0.012023,169.26,179.98
0.012134,166.18,179.98
0.012246,163.16,179.98
0.012359,160.19,179.98
0.012474,157.28,179.98
0.012589,154.42,179.98
0.012706,151.61,179.98
0.012823,148.85,179.98
0.012942,146.15,179.98
0.013062,143.49,179.98
0.013183,140.88,179.98
0.013305,138.32,179.98
0.013428,135.81,179.98
0.013552,133.34,179.97
0.013677,130.92,179.97
0.013804,128.54,179.97
0.013932,126.2,179.97
0.01406,123.91,179.97
0.014191,121.66,179.97
0.014322,119.45,179.97
0.014454,117.28,179.97
0.014588,115.15,179.97
0.014723,113.06,179.97
0.014859,111.01,179.97
0.014997,108.99,179.97
0.015136,107.01,179.97
0.015276,105.07,179.97
0.015417,103.16,179.97
0.01556,101.29,179.97
0.015704,99.452,179.97
0.015849,97.648,179.97
0.015996,95.876,179.97
0.016144,94.137,179.97
0.016293,92.43,179.97
0.016444,90.753,179.97
0.016596,89.108,179.97
0.016749,87.492,179.97
0.016904,85.906,179.97
0.017061,84.349,179.97
0.017219,82.82,179.97
0.017378,81.319,179.97
0.017539,79.846,179.97
0.017701,78.399,179.97
0.017865,76.979,179.97
0.01803,75.585,179.97
0.018197,74.216,179.97
0.018365,72.872,179.97
0.018535,71.553,179.97
0.018707,70.258,179.97
0.01888,68.987,179.96
0.019055,67.738,179.96
0.019231,66.513,179.96
0.019409,65.31,179.96
0.019588,64.128,179.96
0.01977,62.969,179.96
0.019953,61.83,179.96
0.020137,60.713,179.96
0.020324,59.615,179.96
0.020512,58.538,179.96
0.020701,57.481,179.96
0.020893,56.442,179.96
0.021086,55.423,179.96
0.021281,54.422,179.96
0.021478,53.44,179.96
0.021677,52.475,179.96
0.021878,51.529,179.96
0.02208,50.599,179.96
0.022284,49.686,179.96
0.022491,48.79,179.96
0.022699,47.911,179.96
0.022909,47.047,179.96
0.023121,46.199,179.96
0.023335,45.367,179.96
0.02355,44.55,179.96
0.023768,43.748,179.96
0.023988,42.96,179.95
0.02421,42.187,179.95
0.024434,41.428,179.95
0.02466,40.683,179.95
0.024889,39.951,179.95
0.025119,39.233,179.95
0.025351,38.528,179.95
0.025586,37.836,179.95
0.025823,37.156,179.95
0.026062,36.489,179.95
0.026303,35.834,179.95
0.026546,35.191,179.95
0.026792,34.56,179.95
0.02704,33.94,179.95
0.02729,33.331,179.95
0.027542,32.734,179.95
0.027797,32.148,179.95
0.028054,31.572,179.95
0.028314,31.007,179.95
0.028576,30.452,179.95
0.02884,29.907,179.95
0.029107,29.372,179.94
0.029376,28.847,179.94
0.029648,28.332,179.94
0.029923,27.826,179.94
0.0302,27.329,179.94
0.030479,26.841,179.94
0.030761,26.363,179.94
0.031046,25.893,179.94
0.031333,25.431,179.94
0.031623,24.978,179.94
0.031915,24.533,179.94
0.032211,24.097,179.94
0.032509,23.668,179.94
0.03281,23.247,179.94
0.033113,22.834,179.94
0.03342,22.429,179.94
0.033729,22.031,179.94
0.034041,21.64,179.93
0.034356,21.256,179.93
0.034674,20.879,179.93
0.034995,20.509,179.93
0.035318,20.146,179.93
0.035645,19.79,179.93
0.035975,19.44,179.93
0.036308,19.096,179.93
0.036644,18.759,179.93
0.036983,18.428,179.93
0.037325,18.103,179.93
0.03767,17.784,179.93
0.038019,17.471,179.93
0.038371,17.163,179.93
0.038726,16.862,179.92
0.039084,16.565,179.92
0.039446,16.274,179.92
0.039811,15.989,179.92
0.040179,15.708,179.92
0.040551,15.433,179.92
0.040926,15.163,179.92
0.041305,14.898,179.92
0.041687,14.637,179.92
0.042073,14.382,179.92
0.042462,14.131,179.92
0.042855,13.884,179.92
0.043251,13.643,179.91
0.043652,13.405,179.91
0.044055,13.172,179.91
0.044463,12.943,179.91
0.044875,12.719,179.91
0.04529,12.498,179.91
0.045709,12.282,179.91
0.046132,12.069,179.91
0.046559,11.861,179.91
0.046989,11.656,179.91
0.047424,11.455,179.9
0.047863,11.258,179.9
0.048306,11.064,179.9
0.048753,10.874,179.9
0.049204,10.688,179.9
0.049659,10.504,179.9
0.050119,10.325,179.9
0.050582,10.148,179.9
0.05105,9.9749,179.9
0.051523,9.8049,179.89
0.052,9.638,179.89
0.052481,9.4741,179.89
0.052966,9.3133,179.89
0.053456,9.1554,179.89
0.053951,9.0005,179.89
0.05445,8.8484,179.89
0.054954,8.6991,179.89
0.055463,8.5525,179.88
0.055976,8.4087,179.88
0.056494,8.2675,179.88
0.057016,8.129,179.88
0.057544,7.993,179.88
0.058076,7.8595,179.88
0.058614,7.7285,179.88
0.059156,7.5999,179.87
0.059704,7.4738,179.87
0.060256,7.3499,179.87
0.060814,7.2284,179.87
0.061376,7.1091,179.87
0.061944,6.992,179.87
0.062517,6.8771,179.87
0.063096,6.7644,179.86
0.06368,6.6537,179.86
0.064269,6.5451,179.86
0.064863,6.4386,179.86
0.065464,6.334,179.86
0.066069,6.2314,179.86
0.066681,6.1307,179.85
0.067298,6.0319,179.85
0.06792,5.935,179.85
0.068549,5.8399,179.85
0.069183,5.7466,179.85
0.069823,5.655,179.84
0.070469,5.5652,179.84
0.071121,5.477,179.84
0.071779,5.3906,179.84
0.072444,5.3057,179.84
0.073114,5.2225,179.83
0.07379,5.1409,179.83
0.074473,5.0608,179.83
0.075162,4.9823,179.83
0.075858,4.9053,179.82
0.07656,4.8297,179.82
0.077268,4.7556,179.82
0.077983,4.6829,179.82
0.078705,4.6117,179.81
0.079433,4.5418,179.81
0.080168,4.4733,179.81
0.08091,4.4061,179.81
0.081658,4.3402,179.8
0.082414,4.2756,179.8
0.083176,4.2123,179.8
0.083946,4.1503,179.8
0.084723,4.0894,179.79
0.085507,4.0298,179.79
0.086298,3.9714,179.79
0.087096,3.9142,179.78
0.087902,3.8581,179.78
0.088716,3.8031,179.78
0.089536,3.7493,179.77
0.090365,3.6966,179.77
0.091201,3.6449,179.77
0.092045,3.5943,179.76
0.092897,3.5448,179.76
0.093756,3.4964,179.75
0.094624,3.4489,179.75
0.095499,3.4025,179.75
0.096383,3.357,179.74
0.097275,3.3126,179.74
0.098175,3.2691,179.73
0.099083,3.2266,179.73
0.1,3.185,179.73
0.10093,3.1443,179.72
0.10186,3.1046,179.72
0.1028,3.0658,179.71
0.10375,3.0279,179.71
0.10471,2.9909,179.7
0.10568,2.9548,179.7
0.10666,2.9196,179.69
0.10765,2.8852,179.69
0.10864,2.8517,179.68
0.10965,2.819,179.67
0.11066,2.7872,179.67
0.11169,2.7562,179.66
0.11272,2.7261,179.65
0.11376,2.6968,179.65
0.11482,2.6683,179.64
0.11588,2.6407,179.63
0.11695,2.6139,179.63
0.11803,2.5879,179.62
0.11912,2.5627,179.61
0.12023,2.5384,179.6
0.12134,2.5148,179.6
0.12246,2.4921,179.59
0.12359,2.4702,179.58
0.12474,2.4492,179.57
0.12589,2.429,179.56
0.12706,2.4096,179.55
0.12823,2.3911,179.54
0.12942,2.3734,179.53
0.13062,2.3566,179.52
0.13183,2.3407,179.51
0.13305,2.3257,179.5
0.13428,2.3116,179.49
0.13552,2.2984,179.47
0.13677,2.2862,179.46
0.13804,2.2749,179.45
0.13932,2.2647,179.43
0.1406,2.2555,179.42
0.14191,2.2473,179.4
0.14322,2.2402,179.39
0.14454,2.2343,179.37
0.14588,2.2295,179.35
0.14723,2.2259,179.33
0.14859,2.2237,179.32
0.14997,2.2228,179.3
0.15136,2.2233,179.27
0.15276,2.2253,179.25
0.15417,2.2288,179.23
0.1556,2.2341,179.2
0.15704,2.2411,179.18
0.15849,2.25,179.15
0.15996,2.261,179.12
0.16144,2.2741,179.09
0.16293,2.2897,179.06
0.16444,2.3078,179.02
0.16596,2.3288,178.99
0.16749,2.3528,178.95
0.16904,2.3802,178.9
0.17061,2.4114,178.86
0.17219,2.4468,178.81
0.17378,2.4868,178.76
0.17539,2.5321,178.7
0.17701,2.5834,178.63
0.17865,2.6414,178.56
0.1803,2.7071,178.49
0.18197,2.7818,178.4
0.18365,2.867,178.31
0.18535,2.9645,178.2
0.18707,3.0767,178.09
0.1888,3.2064,177.95
0.19055,3.3577,177.8
0.19231,3.5355,177.62
0.19409,3.7467,177.41
0.19588,4.0008,177.17
0.1977,4.3112,176.87
0.19953,4.6977,176.5
0.20137,5.1905,176.04
0.20324,5.8382,175.44
0.20512,6.7245,174.61
0.20701,8.006,173.43
0.20893,10.013,171.58
0.21086,13.577,168.28
0.21281,21.461,160.84
0.21478,47.018,132.69
0.21677,43.263,43.696
0.21878,19.207,18.248
0.2208,11.7,11.223
0.22284,8.255,8.0502
0.22491,6.298,6.2512
0.22699,5.0414,5.093
0.22909,4.1685,4.2843
0.23121,3.5281,3.6867
0.23335,3.039,3.2264
0.2355,2.6539,2.8602
0.23768,2.3433,2.5614
0.23988,2.0878,2.3122
0.2421,1.8742,2.1009
0.24434,1.6933,1.9188
0.2466,1.5383,1.76
0.24889,1.4042,1.6198
0.25119,1.2871,1.4947
0.25351,1.1841,1.3822
0.25586,1.093,1.28
0.25823,1.0119,1.1866
0.26062,0.93936,1.1005
0.26303,0.8741,1.0206
0.26546,0.81517,0.94609
0.26792,0.76176,0.87614
0.2704,0.71318,0.81011
0.2729,0.66885,0.74746
0.27542,0.62828,0.68771
0.27797,0.59104,0.63047
0.28054,0.55679,0.57537
0.28314,0.5252,0.52211
0.28576,0.49601,0.47041
0.2884,0.46898,0.42003
0.29107,0.44391,0.37075
0.29376,0.42061,0.32237
0.29648,0.39892,0.27471
0.29923,0.3787,0.2276
0.302,0.35982,0.1809
0.30479,0.34218,0.13445
0.30761,0.32566,0.088131
0.31046,0.31018,0.041805
0.31333,0.29566,-0.0046454
0.31623,0.28202,-0.051336
0.31915,0.2692,-0.09838
0.32211,0.25714,-0.14589
0.32509,0.24577,-0.19396
0.3281,0.23506,-0.24272
0.33113,0.22495,-0.29226
0.3342,0.21541,-0.34268
0.33729,0.20639,-0.3941
0.34041,0.19786,-0.44662
0.34356,0.1898,-0.50036
0.34674,0.18216,-0.55542
0.34995,0.17492,-0.61191
0.35318,0.16807,-0.66997
0.35645,0.16157,-0.72971
0.35975,0.1554,-0.79126
0.36308,0.14954,-0.85475
0.36644,0.14398,-0.92033
0.36983,0.1387,-0.98813
0.37325,0.13368,-1.0583
0.3767,0.12891,-1.1311
0.38019,0.12437,-1.2065
0.38371,0.12005,-1.2849
0.38726,0.11595,-1.3664
0.39084,0.11204,-1.4511
0.39446,0.10832,-1.5394
0.39811,0.10478,-1.6315
0.40179,0.10141,-1.7276
0.40551,0.098202,-1.828
0.40926,0.095147,-1.9329
0.41305,0.092239,-2.0428
0.41687,0.089471,-2.158
0.42073,0.086836,-2.2787
0.42462,0.084329,-2.4055
0.42855,0.081945,-2.5387
0.43251,0.079677,-2.6789
0.43652,0.077522,-2.8265
0.44055,0.075476,-2.9822
0.44463,0.073533,-3.1465
0.44875,0.071691,-3.3202
0.4529,0.069947,-3.504
0.45709,0.068296,-3.6986
0.46132,0.066737,-3.9052
0.46559,0.065267,-4.1246
0.46989,0.063884,-4.358
0.47424,0.062585,-4.6068
0.47863,0.061371,-4.8722
0.48306,0.060239,-5.1559
0.48753,0.059189,-5.4598
0.49204,0.05822,-5.7857
0.49659,0.057333,-6.1361
0.50119,0.056528,-6.5136
0.50582,0.055805,-6.9211
0.5105,0.055166,-7.3621
0.51523,0.054614,-7.8406
0.52,0.054151,-8.3612
0.52481,0.05378,-8.9291
0.52966,0.053506,-9.5508
0.53456,0.053335,-10.234
0.53951,0.053272,-10.986
0.5445,0.053326,-11.819
0.54954,0.053507,-12.744
0.55463,0.053825,-13.778
0.55976,0.054295,-14.937
0.56494,0.054932,-16.245
0.57016,0.055754,-17.73
0.57544,0.056783,-19.426
0.58076,0.058043,-21.376
0.58614,0.059557,-23.634
0.59156,0.061349,-26.269
0.59704,0.063435,-29.366
0.60256,0.065815,-33.032
0.60814,0.06845,-37.395
0.61376,0.071234,-42.603
0.61944,0.073944,-48.806
0.62517,0.076192,-56.121
0.63096,0.077411,-64.56
0.6368,0.076961,-73.953
0.64269,0.074396,-83.89
0.64863,0.069762,-93.798
0.65464,0.063636,-103.11
0.66069,0.056843,-111.44
0.66681,0.0501,-118.65
0.67298,0.043855,-124.74
0.6792,0.038306,-129.86
0.68549,0.033486,-134.14
0.69183,0.029348,-137.74
0.69823,0.025809,-140.78
0.70469,0.022783,-143.36
0.71121,0.02019,-145.58
0.71779,0.01796,-147.49
0.72444,0.016034,-149.15
0.73114,0.014363,-150.6
0.7379,0.012907,-151.87
0.74473,0.011633,-153
0.75162,0.010512,-154.01
0.75858,0.0095237,-154.9
0.7656,0.008648,-155.71
0.77268,0.0078697,-156.43
0.77983,0.0071757,-157.08
0.78705,0.0065549,-157.68
0.79433,0.005998,-158.21
0.80168,0.0054973,-158.7
0.8091,0.0050458,-159.15
0.81658,0.0046379,-159.56
0.82414,0.0042685,-159.93
0.83176,0.0039333,-160.28
0.83946,0.0036285,-160.59
0.84723,0.0033511,-160.88
0.85507,0.0030979,-161.15
0.86298,0.0028667,-161.4
0.87096,0.0026551,-161.62
0.87902,0.0024612,-161.83
0.88716,0.0022834,-162.03
0.89536,0.00212,-162.2
0.90365,0.0019698,-162.37
0.91201,0.0018315,-162.52
0.92045,0.0017041,-162.66
0.92897,0.0015865,-162.78
0.93756,0.001478,-162.9
0.94624,0.0013776,-163.01
0.95499,0.0012848,-163.11
0.96383,0.0011989,-163.19
0.97275,0.0011194,-163.28
0.98175,0.0010456,-163.35
0.99083,0.0009771,-163.41
1,0.00091353,-163.47
1.0093,0.00085448,-163.53
1.0186,0.00079958,-163.57
1.028,0.00074851,-163.61
1.0375,0.00070099,-163.65
1.0471,0.00065673,-163.68
1.0568,0.00061549,-163.7
1.0666,0.00057705,-163.72
1.0765,0.00054119,-163.74
1.0864,0.00050774,-163.75
1.0965,0.0004765,-163.76
1.1066,0.00044733,-163.76
1.1169,0.00042008,-163.76
1.1272,0.0003946,-163.75
1.1376,0.00037078,-163.74
1.1482,0.00034849,-163.73
1.1588,0.00032764,-163.71
1.1695,0.00030811,-163.7
1.1803,0.00028983,-163.67
1.1912,0.0002727,-163.65
1.2023,0.00025665,-163.62
1.2134,0.0002416,-163.59
1.2246,0.00022749,-163.55
1.2359,0.00021425,-163.52
1.2474,0.00020183,-163.48
1.2589,0.00019017,-163.43
1.2706,0.00017923,-163.39
1.2823,0.00016895,-163.34
1.2942,0.00015929,-163.29
1.3062,0.00015022,-163.24
1.3183,0.00014169,-163.18
1.3305,0.00013367,-163.13
1.3428,0.0001261,-163.07
1.3552,0.00011888,-163
1.3677,0.00011264,-162.93
1.3804,0.00010623,-162.88
1.3932,0.00010029,-162.81
1.406,9.4727e-05,-162.74
1.4191,8.9489e-05,-162.67
1.4322,8.4559e-05,-162.59
1.4454,7.9916e-05,-162.52
1.4588,7.5542e-05,-162.44
1.4723,7.1421e-05,-162.36
1.4859,6.7538e-05,-162.28
1.4997,6.3877e-05,-162.2
1.5136,6.0426e-05,-162.11
1.5276,5.7172e-05,-162.02
1.5417,5.4102e-05,-161.94
1.556,5.1207e-05,-161.85
1.5704,4.8475e-05,-161.75
1.5849,4.5897e-05,-161.66
1.5996,4.3464e-05,-161.56
1.6144,4.1167e-05,-161.47
1.6293,3.8999e-05,-161.37
1.6444,3.6951e-05,-161.27
1.6596,3.5018e-05,-161.17
1.6749,3.319e-05,-161.06
1.6904,3.1464e-05,-160.96
1.7061,2.9834e-05,-160.85
1.7219,2.8292e-05,-160.74
1.7378,2.6836e-05,-160.63
1.7539,2.5458e-05,-160.52
1.7701,2.4156e-05,-160.41
1.7865,2.2925e-05,-160.29
1.803,2.1761e-05,-160.18
1.8197,2.0659e-05,-160.06
1.8365,1.9617e-05,-159.94
1.8535,1.8631e-05,-159.82
1.8707,1.7698e-05,-159.7
1.888,1.6815e-05,-159.58
1.9055,1.5979e-05,-159.45
1.9231,1.5188e-05,-159.33
1.9409,1.4439e-05,-159.2
1.9588,1.3729e-05,-159.07
1.977,1.3057e-05,-158.94
1.9953,1.2421e-05,-158.81
2.0137,1.1818e-05,-158.68
2.0324,1.1246e-05,-158.54
2.0512,1.0705e-05,-158.41
2.0701,1.0192e-05,-158.27
2.0893,9.7055e-06,-158.14
2.1086,9.2444e-06,-158
2.1281,8.8073e-06,-157.86
2.1478,8.3928e-06,-157.72
2.1677,7.9997e-06,-157.58
2.1878,7.6269e-06,-157.43
2.208,7.2733e-06,-157.29
2.2284,6.9378e-06,-157.15
2.2491,6.6195e-06,-157
2.2699,6.3174e-06,-156.85
2.2909,6.0308e-06,-156.7
2.3121,5.7587e-06,-156.56
2.3335,5.5005e-06,-156.41
2.355,5.2553e-06,-156.26
2.3768,5.0225e-06,-156.1
2.3988,4.8015e-06,-155.95
2.421,4.5916e-06,-155.8
2.4434,4.3923e-06,-155.65
2.466,4.203e-06,-155.49
2.4889,4.0232e-06,-155.34
2.5119,3.8523e-06,-155.18
2.5351,3.6901e-06,-155.03
2.5586,3.5359e-06,-154.87
2.5823,3.3894e-06,-154.71
2.6062,3.2503e-06,-154.56
2.6303,3.118e-06,-154.4
2.6546,2.9924e-06,-154.24
2.6792,2.873e-06,-154.09
2.704,2.7595e-06,-153.93
2.729,2.6518e-06,-153.77
2.7542,2.5494e-06,-153.62
2.7797,2.4521e-06,-153.46
2.8054,2.3596e-06,-153.31
2.8314,2.2719e-06,-153.15
2.8576,2.1885e-06,-153
2.884,2.1094e-06,-152.84
2.9107,2.0342e-06,-152.69
2.9376,1.963e-06,-152.54
2.9648,1.8953e-06,-152.39
2.9923,1.8312e-06,-152.24
3.02,1.7704e-06,-152.1
3.0479,1.7129e-06,-151.96
3.0761,1.6584e-06,-151.82
3.1046,1.6069e-06,-151.68
3.1333,1.5582e-06,-151.54
3.1623,1.5123e-06,-151.41
3.1915,1.469e-06,-151.29
3.2211,1.4283e-06,-151.17
3.2509,1.3901e-06,-151.05
3.281,1.3543e-06,-150.94
3.3113,1.3209e-06,-150.84
3.342,1.2898e-06,-150.74
3.3729,1.261e-06,-150.65
3.4041,1.2345e-06,-150.57
3.4356,1.2102e-06,-150.51
3.4674,1.1882e-06,-150.45
3.4995,1.1685e-06,-150.41
3.5318,1.1511e-06,-150.38
3.5645,1.1361e-06,-150.37
3.5975,1.1235e-06,-150.39
3.6308,1.1136e-06,-150.42
3.6644,1.1064e-06,-150.48
3.6983,1.1022e-06,-150.58
3.7325,1.1012e-06,-150.71
3.767,1.1038e-06,-150.89
3.8019,1.1103e-06,-151.12
3.8371,1.1214e-06,-151.42
3.8726,1.1378e-06,-151.79
3.9084,1.1604e-06,-152.26
3.9446,1.1905e-06,-152.85
3.9811,1.2298e-06,-153.6
4.0179,1.2806e-06,-154.54
4.0551,1.3463e-06,-155.75
4.0926,1.4316e-06,-157.33
4.1305,1.5433e-06,-159.41
4.1687,1.6919e-06,-162.23
4.2073,1.893e-06,-166.18
4.2462,2.169e-06,-171.94
4.2855,2.5452e-06,179.29
4.3251,3.0107e-06,165.52
4.3652,3.3757e-06,144.82
4.4055,3.2313e-06,119.82
4.4463,2.6207e-06,98.474
4.4875,1.9962e-06,84.105
4.529,1.5277e-06,74.961
4.5709,1.1967e-06,68.985
4.6132,9.6036e-07,64.905
4.6559,7.8683e-07,62.007
4.6989,6.5579e-07,59.882
4.7424,5.543e-07,58.285
4.7863,4.74e-07,57.062
4.8306,4.0929e-07,56.115
4.8753,3.5633e-07,55.374
4.9204,3.124e-07,54.793
4.9659,2.7557e-07,54.338
5.0119,2.4436e-07,53.983
5.0582,2.1771e-07,53.71
5.105,1.9477e-07,53.504
5.1523,1.749e-07,53.355
5.2,1.5758e-07,53.253
5.2481,1.4241e-07,53.191
5.2966,1.2905e-07,53.163
5.3456,1.1725e-07,53.165
5.3951,1.0677e-07,53.193
5.445,9.7441e-08,53.244
5.4954,8.9106e-08,53.314
5.5463,8.1636e-08,53.403
5.5976,7.4923e-08,53.506
5.6494,6.8876e-08,53.624
5.7016,6.3416e-08,53.755
5.7544,5.8474e-08,53.896
5.8076,5.3993e-08,54.048
5.8614,4.9921e-08,54.209
5.9156,4.6215e-08,54.379
5.9704,4.2836e-08,54.556
6.0256,3.975e-08,54.74
6.0814,3.6927e-08,54.93
6.1376,3.4342e-08,55.127
6.1944,3.1971e-08,55.328
6.2517,2.9793e-08,55.535
6.3096,2.7791e-08,55.746
6.368,2.5948e-08,55.961
6.4269,2.4249e-08,56.18
6.4863,2.2682e-08,56.402
6.5464,2.1235e-08,56.628
6.6069,1.9897e-08,56.856
6.6681,1.8659e-08,57.088
6.7298,1.7512e-08,57.322
6.792,1.6449e-08,57.558
6.8549,1.5463e-08,57.796
6.9183,1.4548e-08,58.036
6.9823,1.3697e-08,58.279
7.0469,1.2906e-08,58.522
7.1121,1.217e-08,58.768
7.1779,1.1484e-08,59.014
7.2444,1.0845e-08,59.262
7.3114,1.025e-08,59.511
7.379,9.6939e-09,59.761
7.4473,9.175e-09,60.012
7.5162,8.6903e-09,60.263
7.5858,8.2372e-09,60.515
7.656,7.8134e-09,60.768
7.7268,7.4169e-09,61.021
7.7983,7.0457e-09,61.274
7.8705,6.698e-09,61.528
7.9433,6.3722e-09,61.782
8.0168,6.0668e-09,62.036
8.091,5.7803e-09,62.29
8.1658,5.5116e-09,62.543
8.2414,5.2594e-09,62.797
8.3176,5.0225e-09,63.05
8.3946,4.8001e-09,63.303
8.4723,4.5911e-09,63.555
8.5507,4.3948e-09,63.807
8.6298,4.2103e-09,64.058
8.7096,4.0368e-09,64.308
8.7902,3.8737e-09,64.558
8.8716,3.7204e-09,64.806
8.9536,3.5762e-09,65.054
9.0365,3.4407e-09,65.3
9.1201,3.3133e-09,65.545
9.2045,3.1936e-09,65.788
9.2897,3.0811e-09,66.03
9.3756,2.9754e-09,66.271
9.4624,2.8762e-09,66.509
9.5499,2.7831e-09,66.746
9.6383,2.6959e-09,66.981
9.7275,2.6142e-09,67.213
9.8175,2.5378e-09,67.443
9.9083,2.4665e-09,67.67
10,2.4e-09,67.895
10.093,2.3382e-09,68.116
10.186,2.2808e-09,68.335
10.28,2.2278e-09,68.549
10.375,2.179e-09,68.76
10.471,2.1344e-09,68.967
10.568,2.0938e-09,69.169
10.666,2.0571e-09,69.366
10.765,2.0244e-09,69.558
10.864,1.9956e-09,69.743
10.965,1.9708e-09,69.923
11.066,1.95e-09,70.095
11.169,1.9334e-09,70.259
11.272,1.9209e-09,70.414
11.376,1.9129e-09,70.56
11.482,1.9095e-09,70.695
11.588,1.9111e-09,70.817
11.695,1.918e-09,70.926
11.803,1.9307e-09,71.019
11.912,1.9498e-09,71.093
12.023,1.9761e-09,71.147
12.134,2.0105e-09,71.176
12.246,2.0542e-09,71.177
12.359,2.1088e-09,71.144
12.474,2.1763e-09,71.07
12.589,2.2592e-09,70.947
12.706,2.3611e-09,70.763
12.823,2.4868e-09,70.502
12.942,2.6426e-09,70.144
13.062,2.8381e-09,69.658
13.183,3.087e-09,68.999
13.305,3.4102e-09,68.099
13.428,3.8415e-09,66.85
13.552,4.438e-09,65.061
13.677,5.3039e-09,62.385
13.804,6.6466e-09,58.096
13.932,8.9167e-09,50.464
14.06,1.3044e-08,34.682
14.191,1.8355e-08,-0.58465
14.322,1.5485e-08,-44.93
14.454,1.0191e-08,-67.993
14.588,7.209e-09,-78.511
14.723,5.5414e-09,-84.185
14.859,4.5316e-09,-87.74
14.997,3.8892e-09,-90.263
15.136,3.4817e-09,-92.289
15.276,3.2528e-09,-94.171
15.417,3.1996e-09,-96.277
15.56,3.3972e-09,-99.28
15.704,4.1754e-09,-105.33
15.849,7.5608e-09,-129.34
15.996,5.0065e-09,124.87
16.144,1.2696e-09,102.45
16.293,3.6865e-10,96.987
16.444,8.0591e-12,101.91
16.596,1.712e-10,-87.416
16.749,2.7106e-10,-88.169
16.904,3.3098e-10,-88.728
17.061,3.6913e-10,-89.133
17.219,3.9492e-10,-89.432
17.378,4.1373e-10,-89.654
17.539,4.2887e-10,-89.822
17.701,4.4254e-10,-89.949
17.865,4.5636e-10,-90.047
18.03,4.717e-10,-90.125
18.197,4.8984e-10,-90.19
18.365,5.1223e-10,-90.247
18.535,5.4065e-10,-90.305
18.707,5.7758e-10,-90.37
18.88,6.2676e-10,-90.453
19.055,6.9421e-10,-90.568
19.231,7.9058e-10,-90.739
19.409,9.3667e-10,-91.01
19.588,1.1796e-09,-91.48
19.77,1.6534e-09,-92.429
19.953,2.9518e-09,-95.091
20.137,1.705e-08,-126.89
20.324,3.701e-09,98.739
20.512,1.6511e-09,94.499
20.701,1.0375e-09,93.239
20.893,7.4493e-10,92.634
21.086,5.7494e-10,92.272
21.281,4.6471e-10,92.02
21.478,3.8804e-10,91.823
21.677,3.3211e-10,91.652
21.878,2.899e-10,91.488
22.08,2.5726e-10,91.32
22.284,2.3157e-10,91.138
22.491,2.1113e-10,90.934
22.699,1.9478e-10,90.699
22.909,1.8172e-10,90.424
23.121,1.7138e-10,90.098
23.335,1.634e-10,89.709
23.55,1.5753e-10,89.239
23.768,1.5365e-10,88.666
23.988,1.5175e-10,87.962
24.21,1.5195e-10,87.083
24.434,1.5453e-10,85.969
24.66,1.6001e-10,84.526
24.889,1.693e-10,82.604
25.119,1.8396e-10,79.949
25.351,2.0679e-10,76.093
25.586,2.4286e-10,70.098
25.823,3.0086e-10,59.903
26.062,3.8595e-10,40.95
26.303,4.3579e-10,8.3498
26.546,3.4759e-10,-25.142
26.792,2.3874e-10,-45.132
27.04,1.6895e-10,-55.918
27.29,1.2621e-10,-62.302
27.542,9.8649e-11,-66.488
27.797,7.9876e-11,-69.473
28.054,6.6511e-11,-71.752
28.314,5.6669e-11,-73.598
28.576,4.9234e-11,-75.173
28.84,4.3512e-11,-76.581
29.107,3.9054e-11,-77.894
29.376,3.556e-11,-79.168
29.648,3.2827e-11,-80.448
29.923,3.0713e-11,-81.774
30.2,2.9123e-11,-83.188
30.479,2.7995e-11,-84.731
30.761,2.7296e-11,-86.453
31.046,2.7015e-11,-88.414
31.333,2.7172e-11,-90.688
31.623,2.7814e-11,-93.373
31.915,2.9027e-11,-96.604
32.211,3.0956e-11,-100.57
32.509,3.382e-11,-105.52
32.81,3.7957e-11,-111.86
33.113,4.3863e-11,-120.14
33.42,5.2206e-11,-131.2
33.729,6.3686e-11,-146.17
34.041,7.8435e-11,-166.52
34.356,9.4519e-11,166.16
34.674,1.0442e-10,130.25
34.995,9.2521e-11,87.821
35.318,6.2594e-11,50.54
35.645,3.815e-11,25.144
35.975,2.3617e-11,8.6174
36.308,1.53e-11,-2.608
36.644,1.0381e-11,-10.629
36.983,7.3401e-12,-16.609
37.325,5.383e-12,-21.221
37.67,4.0802e-12,-24.883
38.019,3.1901e-12,-27.865
38.371,2.5714e-12,-30.358
38.726,2.1398e-12,-32.505
39.084,1.8451e-12,-34.427
39.446,1.6614e-12,-36.255
39.811,1.586e-12,-38.178
40.179,1.6583e-12,-40.598
40.551,2.0676e-12,-44.875
40.926,4.3711e-12,-62.148
41.305,3.0854e-12,166.47
41.687,8.5076e-13,150.8
42.073,3.8137e-13,147.06
42.462,1.9673e-13,145.29
42.855,1.0393e-13,144.27
43.251,4.8702e-14,143.72
43.652,7.1454e-15,146.49
44.055,4.9682e-14,-39.27
44.463,2.3749e-12,175.16
44.875,8.1952e-14,142.81
45.29,4.1074e-14,142.25
45.709,2.5657e-14,142.02
46.132,1.7395e-14,141.91
46.559,1.2307e-14,141.86
46.989,8.9403e-15,141.85
47.424,6.6152e-15,141.87
47.863,4.9625e-15,141.92
48.306,3.7632e-15,142
48.753,2.8793e-15,142.1
49.204,2.2195e-15,142.22
49.659,1.7219e-15,142.35
50.119,1.3435e-15,142.5
50.582,1.0535e-15,142.67
51.05,8.2985e-16,142.85
51.523,6.5635e-16,143.04
52,5.2107e-16,143.24
52.481,4.1509e-16,143.45
52.966,3.3171e-16,143.67
53.456,2.6587e-16,143.91
53.951,2.1368e-16,144.15
54.45,1.7217e-16,144.39
54.954,1.3907e-16,144.65
55.463,1.1258e-16,144.91
55.976,9.1335e-17,145.18
56.494,7.4248e-17,145.46
57.016,6.0474e-17,145.74
57.544,4.9346e-17,146.03
58.076,4.0335e-17,146.33
58.614,3.3024e-17,146.63
59.156,2.708e-17,146.93
59.704,2.224e-17,147.24
60.256,1.8292e-17,147.55
60.814,1.5065e-17,147.87
61.376,1.2424e-17,148.19
61.944,1.0259e-17,148.52
62.517,8.4815e-18,148.85
63.096,7.0203e-18,149.19
63.68,5.8174e-18,149.52
64.269,4.8259e-18,149.86
64.863,4.0076e-18,150.21
65.464,3.3314e-18,150.56
66.069,2.772e-18,150.91
66.681,2.3088e-18,151.26
67.298,1.9247e-18,151.62
67.92,1.6059e-18,151.98
68.549,1.3411e-18,152.34
69.183,1.1209e-18,152.7
69.823,9.3758e-19,153.07
70.469,7.8487e-19,153.44
71.121,6.5752e-19,153.81
71.779,5.5124e-19,154.18
72.444,4.6247e-19,154.56
73.114,3.8826e-19,154.93
73.79,3.2618e-19,155.31
74.473,2.742e-19,155.7
75.162,2.3065e-19,156.08
75.858,1.9414e-19,156.46
76.56,1.6351e-19,156.85
77.268,1.3779e-19,157.24
77.983,1.1618e-19,157.63
78.705,9.8011e-20,158.02
79.433,8.273e-20,158.41
80.168,6.9867e-20,158.81
80.91,5.9034e-20,159.21
81.658,4.9906e-20,159.6
82.414,4.2209e-20,160
83.176,3.5716e-20,160.4
83.946,3.0235e-20,160.8
84.723,2.5607e-20,161.21
85.507,2.1696e-20,161.61
86.298,1.839e-20,162.02
87.096,1.5594e-20,162.42
87.902,1.3229e-20,162.83
88.716,1.1226e-20,163.24
89.536,9.5306e-21,163.65
90.365,8.0938e-21,164.06
91.201,6.876e-21,164.47
92.045,5.8434e-21,164.88
92.897,4.9674e-21,165.29
93.756,4.2241e-21,165.71
94.624,3.5931e-21,166.12
95.499,3.0572e-21,166.54
96.383,2.602e-21,166.95
97.275,2.2151e-21,167.37
98.175,1.8862e-21,167.79
99.083,1.6066e-21,168.2
100,1.3687e-21,168.62
